Nr_Pairs = 200
Nr_NDD = 0
Nr_Arcs = 3612
0,0,0,0,2
1,0,3,0,2
2,0,1,0,2
3,0,0,2,1
4,0,1,0,2
5,0,1,0,0
6,0,0,1,2
7,0,1,0,0
8,0,1,0,0
9,0,0,0,1
10,0,0,0,2
11,0,1,0,2
12,0,0,1,2
13,0,1,0,2
14,0,1,0,2
15,0,1,0,0
16,0,0,0,2
17,0,2,0,2
18,0,0,0,2
19,0,1,1,2
20,0,0,0,2
21,0,0,0,2
22,0,2,0,0
23,0,1,0,2
24,0,1,0,1
25,0,1,0,2
26,0,1,0,2
27,0,2,0,0
28,0,0,0,1
29,0,1,0,1
30,0,0,0,2
31,0,2,0,0
32,0,0,0,2
33,0,1,0,2
34,0,1,0,0
35,0,1,1,2
36,0,3,2,0
37,0,2,1,2
38,0,1,0,2
39,0,2,0,0
40,0,0,0,0
41,0,1,0,0
42,0,1,0,0
43,0,1,0,0
44,0,1,0,1
45,0,1,0,0
46,0,1,1,2
47,0,1,1,2
48,0,2,0,1
49,0,3,2,0
50,0,1,0,0
51,0,2,2,2
52,0,1,0,2
53,0,0,0,2
54,0,0,1,2
55,0,1,1,2
56,0,2,2,2
57,0,1,1,2
58,0,0,0,2
59,0,0,0,2
60,0,1,0,2
61,0,1,0,2
62,0,1,0,0
63,0,2,0,2
64,0,0,0,2
65,0,1,1,2
66,0,1,0,1
67,0,1,2,2
68,0,0,0,2
69,0,1,1,2
70,0,2,0,1
71,0,1,0,0
72,0,1,1,2
73,0,1,0,2
74,0,1,0,0
75,0,0,0,1
76,0,1,0,0
77,0,1,0,0
78,0,1,0,2
79,0,0,0,2
80,0,1,0,2
81,0,2,0,2
82,0,1,0,0
83,0,2,2,2
84,0,0,0,2
85,0,1,0,0
86,0,1,0,0
87,0,1,2,0
88,0,1,0,0
89,0,1,0,2
90,0,1,0,2
91,0,1,0,1
92,0,1,0,2
93,0,1,1,2
94,0,1,0,2
95,0,0,0,2
96,0,0,0,1
97,0,1,0,2
98,0,2,0,1
99,0,1,1,1
100,0,1,1,2
101,0,0,0,2
102,0,1,0,0
103,0,2,1,0
104,0,0,0,2
105,0,1,1,2
106,0,2,2,2
107,0,2,1,2
108,0,2,0,0
109,0,0,0,2
110,0,3,0,2
111,0,2,2,2
112,0,1,0,2
113,0,0,0,2
114,0,2,0,2
115,0,0,1,2
116,0,0,0,2
117,0,0,1,2
118,0,0,0,2
119,0,1,2,0
120,0,0,0,2
121,0,2,0,0
122,0,0,0,2
123,0,1,0,2
124,0,0,0,2
125,0,1,0,0
126,0,1,0,2
127,0,2,2,2
128,0,0,0,2
129,0,1,0,0
130,0,1,2,0
131,0,0,0,2
132,0,1,0,2
133,0,0,0,1
134,0,0,1,2
135,0,1,0,0
136,0,1,0,0
137,0,0,0,0
138,0,0,0,2
139,0,1,1,2
140,0,0,0,2
141,0,1,0,0
142,0,1,1,2
143,0,0,0,2
144,0,2,0,2
145,0,1,0,0
146,0,1,0,2
147,0,1,0,0
148,0,1,2,0
149,0,0,2,1
150,0,2,0,0
151,0,2,0,0
152,0,0,0,2
153,0,0,0,2
154,0,2,2,2
155,0,3,1,1
156,0,1,0,1
157,0,1,0,2
158,0,1,0,2
159,0,0,0,2
160,0,1,0,2
161,0,0,0,2
162,0,1,1,2
163,0,2,2,2
164,0,1,0,0
165,0,0,0,2
166,0,2,2,2
167,0,1,2,2
168,0,1,0,0
169,0,2,0,0
170,0,1,0,0
171,0,0,0,2
172,0,1,0,0
173,0,1,0,2
174,0,1,0,2
175,0,1,1,2
176,0,1,0,0
177,0,1,0,0
178,0,1,0,1
179,0,2,0,1
180,0,1,0,2
181,0,1,0,0
182,0,1,1,2
183,0,0,0,2
184,0,1,0,2
185,0,0,0,2
186,0,1,1,2
187,0,1,0,1
188,0,2,0,1
189,0,0,0,2
190,0,1,0,0
191,0,1,0,2
192,0,3,1,2
193,0,1,0,2
194,0,1,0,0
195,0,1,1,2
196,0,1,1,2
197,0,0,2,2
198,0,1,0,2
199,0,1,1,2
(0,3),1,65
(0,5),1,84
(0,7),1,20
(0,9),1,12
(0,10),1,53
(0,15),1,15
(0,22),1,81
(0,24),1,87
(0,27),1,42
(0,34),1,12
(0,36),1,55
(0,40),1,22
(0,41),1,12
(0,42),1,88
(0,43),1,53
(0,45),1,26
(0,47),1,67
(0,48),1,77
(0,49),1,77
(0,50),1,67
(0,62),1,88
(0,66),1,75
(0,71),1,37
(0,74),1,89
(0,76),1,81
(0,77),1,83
(0,82),1,78
(0,85),1,79
(0,86),1,5
(0,87),1,1
(0,88),1,75
(0,102),1,17
(0,103),1,43
(0,108),1,21
(0,119),1,17
(0,121),1,60
(0,125),1,29
(0,129),1,61
(0,130),1,57
(0,133),1,55
(0,135),1,26
(0,136),1,43
(0,137),1,86
(0,145),1,79
(0,147),1,31
(0,148),1,63
(0,149),1,51
(0,150),1,63
(0,155),1,89
(0,164),1,62
(0,167),1,46
(0,168),1,78
(0,169),1,71
(0,170),1,66
(0,172),1,62
(0,176),1,14
(0,177),1,34
(0,178),1,58
(0,181),1,87
(0,190),1,43
(0,194),1,79
(2,12),1,65
(2,103),1,4
(2,155),1,59
(3,5),1,23
(3,7),1,12
(3,12),1,21
(3,15),1,52
(3,22),1,47
(3,24),1,7
(3,27),1,14
(3,28),1,46
(3,31),1,69
(3,34),1,20
(3,36),1,75
(3,38),1,36
(3,39),1,33
(3,40),1,67
(3,41),1,27
(3,42),1,40
(3,43),1,74
(3,45),1,68
(3,49),1,73
(3,50),1,29
(3,62),1,62
(3,71),1,5
(3,74),1,32
(3,77),1,50
(3,82),1,13
(3,85),1,38
(3,86),1,9
(3,87),1,75
(3,88),1,32
(3,96),1,7
(3,99),1,22
(3,102),1,57
(3,103),1,62
(3,108),1,66
(3,119),1,56
(3,121),1,55
(3,125),1,37
(3,129),1,17
(3,130),1,89
(3,135),1,80
(3,136),1,53
(3,137),1,9
(3,144),1,42
(3,145),1,18
(3,147),1,82
(3,148),1,52
(3,150),1,49
(3,151),1,8
(3,164),1,81
(3,168),1,57
(3,169),1,27
(3,170),1,81
(3,172),1,62
(3,176),1,62
(3,177),1,42
(3,178),1,63
(3,181),1,67
(3,190),1,27
(3,194),1,52
(4,100),1,62
(4,103),1,43
(4,105),1,64
(5,103),1,73
(6,5),1,32
(6,7),1,73
(6,9),1,33
(6,13),1,79
(6,15),1,81
(6,22),1,23
(6,25),1,21
(6,26),1,7
(6,27),1,88
(6,28),1,3
(6,31),1,37
(6,34),1,27
(6,36),1,47
(6,39),1,70
(6,40),1,48
(6,41),1,72
(6,42),1,33
(6,43),1,39
(6,49),1,72
(6,50),1,13
(6,62),1,24
(6,70),1,84
(6,71),1,56
(6,74),1,46
(6,76),1,36
(6,77),1,16
(6,82),1,53
(6,85),1,0
(6,86),1,2
(6,87),1,10
(6,88),1,75
(6,89),1,73
(6,102),1,24
(6,103),1,80
(6,108),1,34
(6,110),1,89
(6,119),1,14
(6,121),1,36
(6,125),1,30
(6,129),1,64
(6,130),1,35
(6,136),1,6
(6,137),1,79
(6,145),1,56
(6,147),1,2
(6,148),1,14
(6,150),1,78
(6,151),1,35
(6,164),1,31
(6,167),1,24
(6,168),1,59
(6,169),1,47
(6,170),1,69
(6,172),1,82
(6,176),1,69
(6,177),1,81
(6,179),1,70
(6,181),1,41
(6,190),1,1
(6,194),1,59
(7,103),1,24
(7,155),1,41
(8,37),1,59
(8,103),1,41
(9,5),1,82
(9,7),1,24
(9,15),1,49
(9,22),1,61
(9,27),1,66
(9,29),1,12
(9,31),1,4
(9,34),1,22
(9,36),1,46
(9,39),1,70
(9,40),1,49
(9,41),1,32
(9,42),1,83
(9,43),1,47
(9,44),1,9
(9,46),1,82
(9,49),1,10
(9,50),1,3
(9,62),1,50
(9,66),1,21
(9,71),1,23
(9,74),1,10
(9,75),1,85
(9,76),1,14
(9,77),1,50
(9,82),1,25
(9,85),1,41
(9,88),1,34
(9,102),1,17
(9,103),1,27
(9,108),1,22
(9,116),1,68
(9,119),1,4
(9,121),1,82
(9,125),1,3
(9,126),1,60
(9,129),1,53
(9,130),1,58
(9,133),1,25
(9,136),1,67
(9,137),1,54
(9,145),1,75
(9,147),1,68
(9,148),1,13
(9,150),1,69
(9,151),1,24
(9,164),1,57
(9,168),1,45
(9,169),1,70
(9,170),1,18
(9,172),1,58
(9,176),1,40
(9,177),1,31
(9,181),1,36
(9,187),1,23
(9,190),1,42
(9,194),1,57
(10,3),1,56
(10,5),1,78
(10,7),1,27
(10,11),1,47
(10,15),1,47
(10,22),1,86
(10,27),1,8
(10,28),1,24
(10,29),1,67
(10,31),1,71
(10,34),1,45
(10,36),1,57
(10,39),1,31
(10,40),1,71
(10,41),1,65
(10,42),1,1
(10,43),1,14
(10,49),1,15
(10,50),1,45
(10,62),1,73
(10,71),1,20
(10,74),1,76
(10,76),1,15
(10,77),1,82
(10,82),1,48
(10,85),1,65
(10,86),1,73
(10,87),1,45
(10,88),1,28
(10,99),1,18
(10,102),1,89
(10,103),1,62
(10,119),1,14
(10,121),1,3
(10,125),1,76
(10,129),1,64
(10,130),1,39
(10,131),1,13
(10,136),1,41
(10,137),1,65
(10,141),1,17
(10,145),1,58
(10,147),1,81
(10,148),1,33
(10,150),1,24
(10,155),1,34
(10,156),1,63
(10,164),1,42
(10,168),1,68
(10,169),1,43
(10,170),1,46
(10,172),1,38
(10,176),1,29
(10,177),1,68
(10,181),1,86
(10,190),1,39
(10,194),1,61
(11,103),1,7
(12,2),1,86
(12,5),1,32
(12,7),1,80
(12,8),1,46
(12,15),1,29
(12,22),1,81
(12,27),1,17
(12,34),1,72
(12,36),1,23
(12,39),1,29
(12,40),1,57
(12,41),1,19
(12,42),1,59
(12,43),1,81
(12,44),1,24
(12,47),1,29
(12,48),1,75
(12,49),1,23
(12,50),1,0
(12,62),1,58
(12,66),1,70
(12,71),1,0
(12,74),1,36
(12,77),1,34
(12,82),1,7
(12,85),1,31
(12,86),1,62
(12,87),1,10
(12,88),1,26
(12,98),1,53
(12,102),1,24
(12,103),1,22
(12,108),1,67
(12,119),1,24
(12,121),1,32
(12,125),1,40
(12,129),1,8
(12,130),1,4
(12,136),1,22
(12,137),1,46
(12,141),1,16
(12,145),1,82
(12,147),1,81
(12,148),1,62
(12,149),1,7
(12,150),1,85
(12,164),1,86
(12,168),1,6
(12,169),1,56
(12,170),1,33
(12,172),1,24
(12,176),1,58
(12,177),1,65
(12,181),1,53
(12,190),1,16
(12,194),1,34
(13,47),1,29
(13,99),1,27
(13,103),1,69
(14,103),1,81
(15,103),1,36
(16,5),1,82
(16,7),1,58
(16,8),1,50
(16,14),1,51
(16,15),1,19
(16,19),1,27
(16,22),1,48
(16,26),1,27
(16,27),1,53
(16,31),1,77
(16,34),1,43
(16,39),1,70
(16,40),1,27
(16,41),1,15
(16,42),1,12
(16,43),1,61
(16,45),1,86
(16,49),1,35
(16,50),1,34
(16,62),1,54
(16,66),1,48
(16,71),1,19
(16,75),1,80
(16,77),1,63
(16,82),1,67
(16,85),1,22
(16,86),1,37
(16,87),1,84
(16,88),1,1
(16,95),1,43
(16,102),1,86
(16,103),1,19
(16,108),1,80
(16,121),1,33
(16,125),1,55
(16,129),1,12
(16,130),1,41
(16,135),1,74
(16,136),1,9
(16,141),1,49
(16,145),1,12
(16,147),1,63
(16,148),1,79
(16,150),1,76
(16,164),1,50
(16,167),1,54
(16,168),1,14
(16,169),1,52
(16,170),1,69
(16,172),1,72
(16,176),1,40
(16,177),1,45
(16,181),1,2
(16,187),1,46
(16,190),1,74
(16,193),1,26
(16,194),1,50
(17,3),1,49
(17,36),1,1
(17,49),1,46
(17,87),1,67
(17,119),1,14
(17,130),1,14
(17,148),1,19
(17,167),1,78
(18,5),1,1
(18,7),1,11
(18,8),1,15
(18,10),1,82
(18,15),1,51
(18,22),1,14
(18,24),1,47
(18,27),1,24
(18,34),1,51
(18,36),1,49
(18,39),1,26
(18,41),1,42
(18,42),1,69
(18,43),1,81
(18,49),1,52
(18,50),1,70
(18,62),1,5
(18,71),1,63
(18,74),1,58
(18,77),1,57
(18,82),1,16
(18,85),1,43
(18,86),1,47
(18,87),1,23
(18,88),1,61
(18,95),1,40
(18,102),1,18
(18,103),1,48
(18,108),1,58
(18,119),1,17
(18,121),1,10
(18,125),1,39
(18,126),1,77
(18,129),1,51
(18,130),1,55
(18,135),1,2
(18,136),1,60
(18,137),1,9
(18,141),1,85
(18,145),1,66
(18,147),1,81
(18,148),1,18
(18,150),1,70
(18,151),1,53
(18,156),1,12
(18,158),1,10
(18,159),1,41
(18,164),1,62
(18,168),1,74
(18,169),1,7
(18,170),1,6
(18,172),1,70
(18,176),1,51
(18,177),1,43
(18,181),1,76
(18,188),1,86
(18,190),1,71
(18,193),1,28
(18,194),1,5
(19,103),1,31
(19,155),1,68
(20,5),1,66
(20,7),1,28
(20,8),1,26
(20,15),1,42
(20,22),1,47
(20,27),1,84
(20,31),1,39
(20,34),1,38
(20,36),1,59
(20,39),1,73
(20,41),1,53
(20,42),1,8
(20,43),1,52
(20,48),1,41
(20,49),1,89
(20,50),1,67
(20,62),1,0
(20,71),1,28
(20,74),1,40
(20,77),1,23
(20,82),1,85
(20,85),1,77
(20,86),1,43
(20,87),1,75
(20,88),1,40
(20,102),1,35
(20,103),1,80
(20,108),1,44
(20,121),1,22
(20,125),1,72
(20,129),1,24
(20,130),1,31
(20,136),1,71
(20,137),1,46
(20,141),1,67
(20,145),1,9
(20,148),1,82
(20,150),1,74
(20,151),1,76
(20,156),1,29
(20,164),1,85
(20,168),1,80
(20,169),1,53
(20,170),1,17
(20,172),1,48
(20,176),1,28
(20,177),1,71
(20,179),1,52
(20,181),1,85
(20,190),1,37
(20,194),1,36
(21,5),1,27
(21,7),1,7
(21,8),1,6
(21,15),1,2
(21,20),1,35
(21,22),1,28
(21,27),1,84
(21,28),1,87
(21,31),1,84
(21,34),1,83
(21,39),1,45
(21,40),1,38
(21,41),1,18
(21,42),1,60
(21,43),1,23
(21,45),1,58
(21,48),1,67
(21,49),1,85
(21,50),1,28
(21,62),1,77
(21,71),1,67
(21,74),1,19
(21,77),1,28
(21,82),1,32
(21,85),1,55
(21,86),1,40
(21,88),1,40
(21,96),1,53
(21,99),1,30
(21,102),1,3
(21,103),1,10
(21,110),1,15
(21,112),1,24
(21,121),1,40
(21,125),1,7
(21,129),1,68
(21,130),1,58
(21,136),1,6
(21,137),1,25
(21,141),1,66
(21,145),1,10
(21,147),1,67
(21,148),1,61
(21,150),1,87
(21,151),1,22
(21,155),1,67
(21,164),1,87
(21,168),1,71
(21,169),1,18
(21,170),1,3
(21,172),1,14
(21,176),1,80
(21,177),1,59
(21,181),1,79
(21,184),1,32
(21,187),1,16
(21,190),1,85
(21,194),1,56
(21,199),1,3
(22,36),1,24
(22,49),1,87
(22,87),1,58
(22,119),1,55
(22,130),1,1
(22,148),1,33
(23,99),1,51
(23,103),1,12
(24,103),1,77
(25,103),1,63
(25,155),1,22
(26,103),1,54
(26,155),1,43
(27,3),1,34
(27,36),1,53
(27,49),1,82
(27,87),1,65
(27,119),1,27
(27,130),1,87
(27,148),1,47
(28,3),1,62
(28,5),1,31
(28,7),1,3
(28,15),1,65
(28,22),1,1
(28,24),1,89
(28,27),1,12
(28,31),1,9
(28,34),1,3
(28,36),1,55
(28,39),1,15
(28,40),1,1
(28,41),1,56
(28,42),1,15
(28,43),1,63
(28,44),1,51
(28,45),1,49
(28,49),1,19
(28,50),1,40
(28,62),1,7
(28,70),1,48
(28,71),1,86
(28,74),1,84
(28,75),1,3
(28,76),1,66
(28,77),1,50
(28,82),1,18
(28,86),1,23
(28,87),1,77
(28,88),1,89
(28,99),1,58
(28,102),1,85
(28,103),1,10
(28,105),1,5
(28,108),1,79
(28,110),1,84
(28,119),1,33
(28,121),1,85
(28,125),1,59
(28,129),1,79
(28,130),1,73
(28,135),1,40
(28,136),1,77
(28,137),1,37
(28,141),1,20
(28,145),1,24
(28,147),1,73
(28,148),1,51
(28,150),1,40
(28,155),1,6
(28,156),1,31
(28,164),1,76
(28,168),1,83
(28,169),1,34
(28,170),1,86
(28,172),1,1
(28,176),1,27
(28,177),1,64
(28,178),1,83
(28,181),1,40
(28,187),1,31
(28,190),1,26
(28,194),1,72
(29,19),1,52
(29,103),1,51
(30,3),1,64
(30,5),1,30
(30,7),1,27
(30,8),1,61
(30,11),1,5
(30,15),1,17
(30,22),1,2
(30,27),1,42
(30,31),1,36
(30,34),1,45
(30,36),1,68
(30,39),1,88
(30,40),1,47
(30,41),1,53
(30,42),1,9
(30,43),1,38
(30,44),1,82
(30,45),1,7
(30,49),1,46
(30,50),1,48
(30,62),1,78
(30,70),1,21
(30,71),1,80
(30,74),1,49
(30,77),1,3
(30,82),1,21
(30,85),1,55
(30,86),1,2
(30,87),1,77
(30,88),1,84
(30,91),1,41
(30,102),1,24
(30,103),1,60
(30,108),1,41
(30,121),1,86
(30,125),1,66
(30,130),1,69
(30,133),1,42
(30,135),1,1
(30,136),1,61
(30,137),1,35
(30,141),1,20
(30,145),1,45
(30,147),1,10
(30,148),1,85
(30,150),1,66
(30,155),1,11
(30,164),1,12
(30,168),1,76
(30,169),1,58
(30,170),1,23
(30,172),1,73
(30,176),1,39
(30,177),1,44
(30,181),1,11
(30,190),1,54
(30,194),1,82
(31,36),1,88
(31,49),1,65
(31,87),1,18
(31,119),1,57
(31,130),1,84
(31,148),1,68
(32,5),1,42
(32,7),1,58
(32,13),1,39
(32,15),1,86
(32,22),1,61
(32,24),1,57
(32,27),1,62
(32,28),1,4
(32,31),1,64
(32,34),1,34
(32,36),1,44
(32,40),1,36
(32,41),1,2
(32,42),1,10
(32,43),1,80
(32,44),1,73
(32,49),1,70
(32,50),1,55
(32,62),1,65
(32,71),1,33
(32,74),1,40
(32,76),1,17
(32,77),1,23
(32,82),1,15
(32,86),1,57
(32,87),1,88
(32,88),1,50
(32,97),1,13
(32,98),1,2
(32,102),1,39
(32,103),1,63
(32,108),1,71
(32,121),1,89
(32,125),1,3
(32,126),1,68
(32,129),1,32
(32,130),1,87
(32,135),1,66
(32,136),1,28
(32,141),1,33
(32,145),1,33
(32,147),1,30
(32,148),1,56
(32,150),1,61
(32,151),1,72
(32,156),1,67
(32,164),1,34
(32,168),1,86
(32,169),1,48
(32,170),1,8
(32,172),1,58
(32,176),1,58
(32,177),1,73
(32,181),1,7
(32,187),1,53
(32,189),1,10
(32,190),1,13
(32,192),1,44
(32,194),1,38
(33,37),1,89
(33,103),1,25
(34,103),1,77
(34,155),1,13
(35,47),1,17
(35,103),1,67
(35,155),1,36
(37,3),1,87
(37,36),1,79
(37,49),1,0
(37,87),1,35
(37,119),1,12
(37,130),1,77
(37,148),1,72
(38,99),1,13
(38,103),1,43
(39,36),1,11
(39,49),1,12
(39,87),1,55
(39,119),1,15
(39,130),1,10
(39,148),1,33
(40,1),1,70
(40,5),1,67
(40,7),1,35
(40,8),1,59
(40,11),1,81
(40,15),1,4
(40,22),1,77
(40,27),1,83
(40,29),1,67
(40,31),1,41
(40,34),1,28
(40,39),1,1
(40,41),1,37
(40,42),1,3
(40,43),1,26
(40,46),1,84
(40,49),1,57
(40,50),1,50
(40,62),1,32
(40,71),1,69
(40,74),1,55
(40,76),1,82
(40,77),1,53
(40,82),1,5
(40,85),1,62
(40,86),1,38
(40,87),1,39
(40,88),1,47
(40,97),1,1
(40,99),1,20
(40,102),1,53
(40,103),1,47
(40,108),1,58
(40,116),1,83
(40,119),1,72
(40,121),1,41
(40,123),1,19
(40,125),1,48
(40,127),1,44
(40,129),1,87
(40,130),1,60
(40,135),1,9
(40,136),1,6
(40,145),1,70
(40,147),1,73
(40,148),1,20
(40,150),1,49
(40,155),1,66
(40,164),1,82
(40,168),1,84
(40,169),1,69
(40,170),1,67
(40,172),1,83
(40,176),1,26
(40,177),1,18
(40,179),1,52
(40,181),1,29
(40,190),1,67
(40,193),1,22
(40,194),1,27
(41,103),1,89
(41,155),1,35
(42,103),1,55
(43,47),1,42
(43,103),1,1
(44,103),1,18
(44,155),1,35
(45,47),1,62
(45,99),1,18
(45,103),1,17
(46,103),1,44
(47,103),1,86
(47,155),1,16
(48,36),1,34
(48,49),1,19
(48,87),1,21
(48,119),1,66
(48,130),1,11
(48,148),1,76
(50,103),1,56
(50,155),1,64
(50,192),1,13
(51,36),1,34
(51,49),1,45
(51,87),1,73
(51,130),1,31
(51,148),1,84
(52,99),1,68
(52,103),1,61
(52,155),1,2
(53,5),1,83
(53,7),1,34
(53,8),1,15
(53,15),1,27
(53,22),1,87
(53,27),1,67
(53,29),1,10
(53,31),1,73
(53,34),1,84
(53,36),1,52
(53,39),1,39
(53,40),1,26
(53,41),1,7
(53,42),1,39
(53,43),1,51
(53,44),1,18
(53,46),1,81
(53,48),1,4
(53,49),1,89
(53,50),1,26
(53,62),1,3
(53,67),1,66
(53,71),1,28
(53,74),1,10
(53,76),1,21
(53,77),1,1
(53,82),1,65
(53,85),1,30
(53,86),1,2
(53,87),1,25
(53,88),1,63
(53,89),1,54
(53,90),1,36
(53,102),1,30
(53,103),1,62
(53,108),1,48
(53,110),1,50
(53,121),1,2
(53,125),1,44
(53,129),1,75
(53,130),1,17
(53,135),1,52
(53,136),1,10
(53,137),1,15
(53,141),1,74
(53,145),1,69
(53,147),1,1
(53,148),1,29
(53,150),1,23
(53,151),1,89
(53,155),1,76
(53,164),1,67
(53,168),1,47
(53,169),1,60
(53,170),1,82
(53,172),1,43
(53,176),1,20
(53,177),1,85
(53,179),1,7
(53,181),1,16
(53,190),1,87
(53,194),1,86
(54,5),1,34
(54,7),1,86
(54,9),1,58
(54,15),1,27
(54,20),1,12
(54,22),1,11
(54,27),1,15
(54,31),1,30
(54,34),1,81
(54,36),1,84
(54,39),1,74
(54,41),1,50
(54,42),1,16
(54,43),1,46
(54,45),1,85
(54,48),1,48
(54,49),1,5
(54,50),1,30
(54,62),1,19
(54,70),1,35
(54,71),1,30
(54,74),1,11
(54,77),1,40
(54,82),1,83
(54,85),1,73
(54,87),1,38
(54,88),1,9
(54,90),1,30
(54,98),1,54
(54,102),1,18
(54,103),1,9
(54,108),1,68
(54,121),1,15
(54,125),1,4
(54,129),1,62
(54,130),1,16
(54,135),1,88
(54,136),1,3
(54,137),1,65
(54,141),1,81
(54,145),1,46
(54,147),1,5
(54,148),1,85
(54,149),1,64
(54,150),1,85
(54,151),1,65
(54,155),1,75
(54,164),1,11
(54,168),1,83
(54,169),1,36
(54,170),1,58
(54,172),1,72
(54,176),1,30
(54,177),1,24
(54,181),1,2
(54,188),1,60
(54,190),1,24
(54,194),1,36
(55,37),1,49
(55,103),1,16
(56,36),1,34
(56,49),1,31
(56,119),1,43
(56,130),1,24
(56,148),1,58
(56,149),1,6
(56,167),1,38
(57,47),1,39
(57,103),1,25
(58,5),1,16
(58,7),1,67
(58,8),1,86
(58,14),1,48
(58,15),1,1
(58,22),1,43
(58,24),1,0
(58,26),1,81
(58,27),1,44
(58,31),1,36
(58,34),1,35
(58,36),1,13
(58,39),1,62
(58,41),1,10
(58,42),1,67
(58,43),1,13
(58,44),1,28
(58,45),1,22
(58,49),1,22
(58,50),1,15
(58,62),1,54
(58,71),1,73
(58,74),1,72
(58,77),1,55
(58,82),1,72
(58,85),1,87
(58,88),1,20
(58,99),1,25
(58,102),1,66
(58,103),1,20
(58,108),1,2
(58,119),1,56
(58,121),1,70
(58,125),1,21
(58,129),1,19
(58,130),1,3
(58,136),1,46
(58,145),1,29
(58,147),1,27
(58,148),1,37
(58,149),1,6
(58,150),1,75
(58,155),1,51
(58,160),1,65
(58,164),1,5
(58,168),1,48
(58,169),1,89
(58,170),1,17
(58,172),1,68
(58,176),1,28
(58,177),1,65
(58,178),1,14
(58,181),1,29
(58,187),1,37
(58,188),1,35
(58,190),1,77
(58,194),1,23
(59,5),1,27
(59,9),1,49
(59,11),1,64
(59,15),1,53
(59,22),1,59
(59,24),1,28
(59,27),1,73
(59,31),1,1
(59,34),1,8
(59,36),1,0
(59,39),1,4
(59,40),1,70
(59,41),1,30
(59,42),1,79
(59,43),1,23
(59,44),1,4
(59,49),1,88
(59,50),1,83
(59,62),1,29
(59,71),1,79
(59,74),1,37
(59,76),1,65
(59,77),1,74
(59,82),1,46
(59,85),1,79
(59,86),1,43
(59,87),1,5
(59,88),1,14
(59,102),1,45
(59,103),1,69
(59,108),1,38
(59,119),1,56
(59,121),1,32
(59,125),1,41
(59,126),1,69
(59,129),1,63
(59,130),1,46
(59,133),1,46
(59,135),1,44
(59,136),1,45
(59,137),1,48
(59,141),1,74
(59,145),1,57
(59,147),1,79
(59,148),1,60
(59,150),1,5
(59,155),1,29
(59,156),1,23
(59,164),1,19
(59,168),1,53
(59,169),1,16
(59,170),1,16
(59,172),1,79
(59,176),1,27
(59,177),1,26
(59,181),1,35
(59,190),1,12
(59,194),1,55
(60,12),1,50
(60,103),1,8
(60,155),1,62
(61,103),1,27
(61,155),1,28
(62,103),1,79
(62,155),1,70
(63,3),1,77
(63,36),1,76
(63,49),1,14
(63,87),1,89
(63,119),1,82
(63,130),1,20
(63,148),1,86
(64,5),1,84
(64,7),1,1
(64,9),1,53
(64,15),1,51
(64,19),1,80
(64,22),1,61
(64,24),1,54
(64,27),1,83
(64,34),1,79
(64,36),1,16
(64,40),1,48
(64,41),1,6
(64,42),1,78
(64,43),1,86
(64,44),1,51
(64,45),1,11
(64,48),1,82
(64,49),1,64
(64,50),1,2
(64,62),1,54
(64,71),1,51
(64,76),1,81
(64,77),1,19
(64,82),1,19
(64,85),1,72
(64,86),1,82
(64,87),1,43
(64,88),1,45
(64,102),1,60
(64,103),1,24
(64,108),1,38
(64,119),1,55
(64,121),1,84
(64,125),1,47
(64,126),1,50
(64,129),1,72
(64,130),1,64
(64,135),1,1
(64,136),1,71
(64,137),1,60
(64,141),1,11
(64,145),1,7
(64,147),1,62
(64,148),1,38
(64,150),1,50
(64,155),1,13
(64,156),1,69
(64,160),1,35
(64,164),1,9
(64,168),1,74
(64,169),1,25
(64,170),1,84
(64,172),1,48
(64,173),1,48
(64,176),1,0
(64,177),1,43
(64,178),1,33
(64,179),1,21
(64,181),1,28
(64,184),1,40
(64,188),1,86
(64,190),1,16
(64,194),1,50
(65,19),1,15
(65,99),1,74
(65,103),1,38
(65,155),1,48
(65,192),1,74
(66,103),1,82
(67,103),1,46
(68,5),1,40
(68,7),1,60
(68,8),1,41
(68,9),1,3
(68,15),1,22
(68,22),1,27
(68,27),1,81
(68,28),1,25
(68,29),1,50
(68,31),1,80
(68,34),1,45
(68,36),1,14
(68,37),1,83
(68,39),1,59
(68,40),1,63
(68,41),1,20
(68,42),1,71
(68,43),1,36
(68,49),1,76
(68,50),1,50
(68,62),1,3
(68,71),1,55
(68,74),1,40
(68,76),1,26
(68,77),1,6
(68,82),1,87
(68,85),1,15
(68,87),1,32
(68,88),1,32
(68,91),1,17
(68,96),1,54
(68,98),1,10
(68,102),1,78
(68,103),1,2
(68,121),1,68
(68,125),1,53
(68,129),1,14
(68,130),1,77
(68,135),1,57
(68,136),1,12
(68,145),1,69
(68,147),1,59
(68,148),1,45
(68,149),1,13
(68,150),1,40
(68,151),1,81
(68,155),1,4
(68,158),1,8
(68,159),1,21
(68,164),1,25
(68,168),1,49
(68,169),1,84
(68,170),1,21
(68,172),1,41
(68,176),1,48
(68,177),1,54
(68,181),1,33
(68,188),1,77
(68,189),1,14
(68,190),1,30
(68,194),1,46
(69,103),1,36
(69,155),1,19
(70,36),1,56
(70,49),1,72
(70,87),1,60
(70,130),1,43
(70,148),1,14
(71,103),1,11
(72,103),1,61
(72,155),1,87
(72,196),1,10
(73,103),1,44
(73,182),1,36
(74,103),1,8
(75,5),1,12
(75,7),1,43
(75,8),1,63
(75,15),1,88
(75,22),1,48
(75,27),1,43
(75,29),1,60
(75,34),1,23
(75,36),1,42
(75,39),1,52
(75,41),1,85
(75,42),1,83
(75,43),1,65
(75,45),1,86
(75,46),1,50
(75,49),1,61
(75,50),1,83
(75,62),1,72
(75,71),1,30
(75,74),1,75
(75,76),1,22
(75,77),1,29
(75,82),1,17
(75,84),1,52
(75,86),1,88
(75,87),1,66
(75,88),1,48
(75,89),1,6
(75,102),1,88
(75,103),1,37
(75,108),1,24
(75,119),1,25
(75,121),1,33
(75,125),1,61
(75,126),1,34
(75,129),1,68
(75,130),1,47
(75,135),1,35
(75,136),1,73
(75,137),1,32
(75,141),1,67
(75,145),1,76
(75,147),1,19
(75,148),1,9
(75,150),1,38
(75,156),1,23
(75,164),1,5
(75,168),1,40
(75,169),1,65
(75,170),1,89
(75,172),1,74
(75,176),1,19
(75,177),1,67
(75,178),1,9
(75,181),1,36
(75,190),1,55
(75,194),1,27
(76,103),1,9
(77,103),1,0
(77,155),1,80
(78,103),1,34
(79,1),1,52
(79,5),1,7
(79,7),1,58
(79,8),1,53
(79,9),1,46
(79,15),1,50
(79,22),1,34
(79,24),1,32
(79,25),1,84
(79,27),1,40
(79,31),1,33
(79,34),1,79
(79,36),1,15
(79,40),1,41
(79,41),1,42
(79,42),1,71
(79,43),1,51
(79,45),1,39
(79,49),1,34
(79,50),1,29
(79,62),1,6
(79,71),1,67
(79,74),1,44
(79,77),1,4
(79,82),1,29
(79,86),1,73
(79,87),1,4
(79,88),1,83
(79,96),1,70
(79,98),1,11
(79,102),1,14
(79,103),1,22
(79,108),1,49
(79,119),1,76
(79,121),1,81
(79,125),1,64
(79,129),1,31
(79,130),1,16
(79,135),1,24
(79,136),1,62
(79,137),1,89
(79,141),1,58
(79,145),1,87
(79,148),1,40
(79,150),1,88
(79,151),1,21
(79,164),1,1
(79,168),1,83
(79,169),1,55
(79,170),1,59
(79,172),1,51
(79,176),1,59
(79,177),1,70
(79,179),1,60
(79,181),1,72
(79,188),1,59
(79,190),1,68
(79,193),1,46
(79,194),1,47
(80,103),1,76
(81,36),1,38
(81,49),1,45
(81,87),1,37
(81,119),1,84
(81,130),1,10
(81,148),1,65
(82,99),1,66
(82,103),1,40
(82,155),1,18
(83,36),1,83
(83,49),1,27
(83,130),1,66
(83,148),1,28
(84,5),1,75
(84,7),1,40
(84,15),1,22
(84,22),1,65
(84,27),1,66
(84,34),1,87
(84,39),1,74
(84,40),1,0
(84,41),1,76
(84,42),1,77
(84,43),1,75
(84,45),1,83
(84,49),1,53
(84,50),1,30
(84,62),1,60
(84,71),1,34
(84,74),1,25
(84,76),1,76
(84,77),1,50
(84,82),1,19
(84,86),1,73
(84,87),1,50
(84,88),1,0
(84,89),1,5
(84,102),1,22
(84,103),1,67
(84,108),1,58
(84,119),1,83
(84,121),1,49
(84,125),1,48
(84,129),1,60
(84,130),1,66
(84,136),1,70
(84,137),1,34
(84,145),1,61
(84,148),1,62
(84,150),1,71
(84,164),1,31
(84,168),1,40
(84,169),1,84
(84,170),1,5
(84,172),1,60
(84,176),1,67
(84,177),1,42
(84,178),1,15
(84,181),1,81
(84,190),1,32
(84,194),1,32
(85,103),1,66
(85,155),1,10
(86,47),1,52
(86,103),1,89
(86,155),1,15
(87,99),1,20
(87,103),1,82
(87,155),1,38
(88,99),1,82
(88,103),1,27
(88,105),1,6
(88,115),1,63
(89,99),1,70
(89,103),1,38
(89,134),1,29
(89,155),1,41
(90,47),1,9
(90,103),1,81
(90,155),1,68
(91,47),1,14
(91,103),1,34
(91,105),1,13
(92,46),1,17
(92,47),1,1
(92,103),1,71
(92,155),1,52
(93,37),1,34
(93,103),1,18
(94,103),1,63
(95,5),1,18
(95,7),1,57
(95,15),1,68
(95,22),1,23
(95,27),1,6
(95,29),1,23
(95,34),1,0
(95,36),1,16
(95,40),1,24
(95,41),1,70
(95,42),1,57
(95,43),1,11
(95,47),1,85
(95,48),1,34
(95,49),1,32
(95,50),1,21
(95,62),1,22
(95,71),1,15
(95,74),1,26
(95,77),1,37
(95,82),1,30
(95,85),1,39
(95,87),1,44
(95,88),1,31
(95,98),1,1
(95,102),1,29
(95,103),1,82
(95,108),1,46
(95,119),1,31
(95,121),1,3
(95,125),1,60
(95,126),1,27
(95,129),1,76
(95,130),1,17
(95,136),1,4
(95,137),1,82
(95,141),1,12
(95,145),1,1
(95,147),1,35
(95,148),1,21
(95,150),1,74
(95,151),1,53
(95,155),1,60
(95,164),1,53
(95,168),1,80
(95,169),1,32
(95,170),1,52
(95,172),1,14
(95,176),1,30
(95,177),1,75
(95,181),1,58
(95,187),1,77
(95,190),1,71
(95,194),1,3
(96,5),1,14
(96,7),1,60
(96,15),1,8
(96,22),1,36
(96,27),1,52
(96,29),1,17
(96,31),1,78
(96,34),1,49
(96,36),1,51
(96,40),1,41
(96,41),1,20
(96,42),1,45
(96,43),1,26
(96,49),1,34
(96,50),1,19
(96,62),1,76
(96,71),1,6
(96,74),1,11
(96,77),1,58
(96,82),1,9
(96,85),1,61
(96,86),1,89
(96,87),1,35
(96,88),1,52
(96,90),1,26
(96,98),1,7
(96,99),1,53
(96,102),1,37
(96,103),1,69
(96,119),1,44
(96,121),1,88
(96,125),1,52
(96,129),1,84
(96,130),1,45
(96,136),1,58
(96,137),1,13
(96,141),1,63
(96,145),1,7
(96,147),1,37
(96,148),1,7
(96,150),1,68
(96,151),1,4
(96,164),1,2
(96,168),1,43
(96,169),1,63
(96,170),1,85
(96,172),1,55
(96,176),1,16
(96,177),1,64
(96,181),1,39
(96,187),1,78
(96,190),1,79
(96,194),1,87
(97,99),1,7
(97,103),1,38
(98,36),1,58
(98,49),1,85
(98,119),1,75
(98,130),1,52
(98,148),1,89
(99,103),1,3
(99,155),1,42
(100,103),1,30
(100,155),1,64
(101,5),1,67
(101,7),1,89
(101,15),1,28
(101,22),1,80
(101,24),1,6
(101,27),1,65
(101,29),1,51
(101,34),1,77
(101,36),1,53
(101,40),1,27
(101,41),1,49
(101,42),1,32
(101,43),1,49
(101,44),1,57
(101,45),1,64
(101,49),1,16
(101,50),1,6
(101,62),1,18
(101,70),1,12
(101,71),1,6
(101,77),1,27
(101,82),1,43
(101,85),1,80
(101,86),1,47
(101,87),1,35
(101,88),1,76
(101,89),1,6
(101,102),1,60
(101,103),1,7
(101,108),1,57
(101,119),1,28
(101,121),1,24
(101,125),1,3
(101,129),1,25
(101,130),1,77
(101,133),1,49
(101,136),1,29
(101,141),1,49
(101,145),1,69
(101,147),1,59
(101,148),1,71
(101,149),1,72
(101,150),1,17
(101,151),1,73
(101,155),1,14
(101,160),1,83
(101,164),1,51
(101,168),1,31
(101,169),1,11
(101,170),1,46
(101,172),1,0
(101,176),1,63
(101,177),1,3
(101,181),1,36
(101,190),1,46
(101,194),1,50
(101,199),1,88
(102,103),1,36
(102,105),1,40
(102,155),1,21
(103,36),1,51
(103,49),1,32
(103,51),1,21
(103,87),1,29
(103,119),1,65
(103,130),1,59
(103,148),1,61
(104,5),1,63
(104,7),1,70
(104,8),1,62
(104,11),1,81
(104,15),1,45
(104,22),1,40
(104,27),1,35
(104,28),1,27
(104,31),1,0
(104,34),1,37
(104,39),1,83
(104,40),1,21
(104,41),1,81
(104,42),1,87
(104,43),1,39
(104,45),1,64
(104,49),1,5
(104,50),1,28
(104,62),1,15
(104,66),1,29
(104,71),1,20
(104,74),1,40
(104,76),1,82
(104,77),1,16
(104,82),1,77
(104,85),1,2
(104,86),1,24
(104,87),1,88
(104,88),1,50
(104,96),1,38
(104,102),1,58
(104,103),1,37
(104,119),1,84
(104,121),1,9
(104,125),1,83
(104,129),1,89
(104,130),1,20
(104,135),1,9
(104,136),1,13
(104,141),1,77
(104,145),1,46
(104,147),1,14
(104,148),1,52
(104,149),1,88
(104,150),1,27
(104,151),1,74
(104,155),1,62
(104,158),1,35
(104,164),1,66
(104,167),1,37
(104,168),1,6
(104,169),1,36
(104,170),1,33
(104,172),1,40
(104,176),1,48
(104,177),1,87
(104,178),1,52
(104,181),1,1
(104,187),1,54
(104,190),1,61
(104,194),1,32
(105,47),1,42
(105,103),1,71
(106,36),1,40
(106,49),1,2
(106,87),1,74
(106,127),1,23
(106,130),1,33
(106,148),1,20
(107,3),1,76
(107,49),1,29
(107,87),1,19
(107,119),1,38
(107,130),1,58
(107,148),1,47
(107,149),1,80
(108,36),1,56
(108,49),1,84
(108,87),1,51
(108,130),1,7
(108,148),1,17
(109,5),1,50
(109,7),1,89
(109,9),1,21
(109,15),1,43
(109,22),1,49
(109,27),1,28
(109,31),1,59
(109,34),1,75
(109,36),1,80
(109,39),1,79
(109,41),1,75
(109,42),1,72
(109,43),1,17
(109,47),1,12
(109,49),1,53
(109,50),1,71
(109,62),1,76
(109,71),1,63
(109,74),1,85
(109,76),1,46
(109,77),1,53
(109,82),1,44
(109,85),1,82
(109,86),1,38
(109,87),1,16
(109,88),1,64
(109,96),1,3
(109,102),1,50
(109,103),1,25
(109,108),1,1
(109,119),1,63
(109,121),1,19
(109,125),1,30
(109,129),1,88
(109,130),1,18
(109,135),1,31
(109,136),1,82
(109,137),1,85
(109,141),1,47
(109,145),1,45
(109,147),1,27
(109,148),1,4
(109,150),1,60
(109,151),1,75
(109,155),1,21
(109,156),1,22
(109,159),1,63
(109,164),1,7
(109,168),1,47
(109,169),1,26
(109,170),1,37
(109,172),1,1
(109,173),1,33
(109,176),1,65
(109,177),1,38
(109,181),1,57
(109,190),1,70
(109,194),1,8
(111,36),1,55
(111,49),1,29
(111,87),1,1
(111,119),1,64
(111,127),1,77
(111,130),1,60
(111,148),1,31
(111,167),1,34
(112,103),1,78
(112,105),1,34
(112,107),1,89
(112,134),1,10
(113,5),1,62
(113,7),1,25
(113,15),1,64
(113,22),1,16
(113,27),1,36
(113,31),1,58
(113,34),1,13
(113,36),1,24
(113,38),1,81
(113,39),1,24
(113,40),1,31
(113,41),1,67
(113,42),1,48
(113,43),1,81
(113,49),1,12
(113,50),1,84
(113,62),1,52
(113,70),1,49
(113,71),1,19
(113,74),1,34
(113,76),1,88
(113,77),1,30
(113,82),1,13
(113,87),1,84
(113,88),1,48
(113,102),1,12
(113,103),1,28
(113,108),1,15
(113,119),1,71
(113,121),1,45
(113,125),1,78
(113,129),1,13
(113,130),1,70
(113,133),1,75
(113,135),1,52
(113,136),1,45
(113,137),1,12
(113,141),1,57
(113,145),1,65
(113,148),1,86
(113,150),1,22
(113,156),1,86
(113,160),1,89
(113,164),1,34
(113,168),1,20
(113,169),1,38
(113,170),1,26
(113,172),1,27
(113,176),1,85
(113,177),1,89
(113,181),1,77
(113,188),1,44
(113,189),1,56
(113,190),1,36
(113,193),1,76
(113,194),1,67
(114,3),1,24
(114,36),1,78
(114,49),1,80
(114,87),1,37
(114,119),1,21
(114,130),1,71
(114,148),1,5
(115,5),1,63
(115,7),1,73
(115,9),1,52
(115,15),1,37
(115,22),1,45
(115,27),1,71
(115,31),1,22
(115,34),1,3
(115,36),1,18
(115,39),1,86
(115,41),1,13
(115,42),1,66
(115,43),1,3
(115,48),1,76
(115,49),1,55
(115,50),1,23
(115,62),1,0
(115,71),1,4
(115,74),1,57
(115,77),1,72
(115,82),1,21
(115,85),1,56
(115,86),1,50
(115,87),1,32
(115,88),1,43
(115,91),1,66
(115,102),1,84
(115,103),1,84
(115,108),1,39
(115,116),1,66
(115,119),1,15
(115,121),1,59
(115,125),1,66
(115,130),1,63
(115,133),1,47
(115,135),1,39
(115,136),1,33
(115,137),1,76
(115,145),1,47
(115,147),1,5
(115,148),1,84
(115,150),1,23
(115,151),1,78
(115,155),1,72
(115,156),1,51
(115,160),1,33
(115,164),1,53
(115,168),1,42
(115,169),1,85
(115,170),1,60
(115,172),1,47
(115,176),1,14
(115,177),1,25
(115,181),1,89
(115,182),1,42
(115,190),1,7
(115,194),1,14
(116,5),1,75
(116,7),1,18
(116,15),1,79
(116,20),1,79
(116,22),1,35
(116,27),1,85
(116,31),1,55
(116,34),1,28
(116,36),1,15
(116,39),1,24
(116,41),1,40
(116,42),1,13
(116,43),1,35
(116,45),1,8
(116,49),1,3
(116,50),1,39
(116,62),1,53
(116,71),1,9
(116,74),1,86
(116,75),1,42
(116,77),1,28
(116,82),1,62
(116,86),1,28
(116,87),1,73
(116,88),1,15
(116,96),1,25
(116,102),1,71
(116,103),1,13
(116,108),1,49
(116,119),1,60
(116,121),1,31
(116,125),1,30
(116,129),1,13
(116,130),1,40
(116,135),1,69
(116,136),1,29
(116,137),1,44
(116,145),1,48
(116,147),1,78
(116,148),1,66
(116,150),1,85
(116,151),1,63
(116,155),1,52
(116,164),1,81
(116,168),1,51
(116,169),1,48
(116,170),1,85
(116,172),1,64
(116,176),1,87
(116,177),1,64
(116,179),1,7
(116,181),1,3
(116,190),1,76
(116,194),1,32
(117,3),1,73
(117,5),1,65
(117,8),1,49
(117,15),1,44
(117,22),1,24
(117,27),1,46
(117,31),1,72
(117,34),1,0
(117,39),1,56
(117,40),1,46
(117,41),1,16
(117,42),1,65
(117,43),1,3
(117,47),1,19
(117,49),1,68
(117,50),1,34
(117,62),1,14
(117,71),1,64
(117,74),1,58
(117,77),1,6
(117,82),1,89
(117,85),1,47
(117,86),1,56
(117,88),1,75
(117,96),1,86
(117,102),1,1
(117,103),1,34
(117,108),1,37
(117,119),1,51
(117,121),1,37
(117,125),1,86
(117,126),1,67
(117,130),1,18
(117,135),1,19
(117,136),1,45
(117,137),1,85
(117,145),1,36
(117,147),1,53
(117,148),1,66
(117,150),1,62
(117,151),1,23
(117,156),1,64
(117,164),1,73
(117,168),1,38
(117,169),1,64
(117,170),1,86
(117,172),1,84
(117,176),1,68
(117,177),1,1
(117,178),1,59
(117,179),1,61
(117,181),1,74
(117,188),1,9
(117,189),1,58
(117,190),1,4
(117,194),1,64
(117,196),1,32
(118,5),1,26
(118,7),1,68
(118,8),1,75
(118,13),1,31
(118,15),1,75
(118,19),1,75
(118,22),1,5
(118,27),1,44
(118,28),1,51
(118,30),1,10
(118,31),1,52
(118,34),1,81
(118,39),1,15
(118,40),1,68
(118,41),1,10
(118,42),1,83
(118,43),1,35
(118,45),1,20
(118,47),1,69
(118,49),1,86
(118,50),1,32
(118,62),1,6
(118,71),1,12
(118,74),1,18
(118,77),1,52
(118,82),1,66
(118,85),1,56
(118,86),1,26
(118,87),1,11
(118,88),1,17
(118,89),1,35
(118,99),1,4
(118,102),1,16
(118,103),1,13
(118,119),1,84
(118,121),1,59
(118,125),1,24
(118,129),1,74
(118,130),1,35
(118,133),1,53
(118,135),1,70
(118,136),1,80
(118,141),1,26
(118,145),1,44
(118,147),1,14
(118,148),1,24
(118,150),1,87
(118,151),1,43
(118,155),1,48
(118,156),1,66
(118,164),1,5
(118,168),1,67
(118,169),1,50
(118,170),1,12
(118,172),1,54
(118,176),1,10
(118,177),1,24
(118,179),1,10
(118,181),1,44
(118,187),1,15
(118,188),1,41
(118,190),1,41
(118,194),1,15
(119,103),1,30
(119,155),1,52
(120,5),1,76
(120,7),1,26
(120,13),1,53
(120,15),1,25
(120,22),1,29
(120,24),1,84
(120,27),1,84
(120,28),1,37
(120,31),1,45
(120,34),1,4
(120,36),1,83
(120,39),1,61
(120,40),1,49
(120,41),1,89
(120,42),1,60
(120,43),1,5
(120,49),1,45
(120,50),1,52
(120,62),1,89
(120,70),1,11
(120,71),1,60
(120,74),1,58
(120,76),1,67
(120,77),1,16
(120,82),1,65
(120,85),1,86
(120,86),1,48
(120,87),1,70
(120,88),1,1
(120,102),1,54
(120,103),1,85
(120,108),1,34
(120,116),1,75
(120,119),1,31
(120,121),1,77
(120,125),1,69
(120,129),1,41
(120,130),1,87
(120,136),1,19
(120,137),1,11
(120,145),1,56
(120,147),1,21
(120,148),1,2
(120,150),1,71
(120,151),1,30
(120,156),1,28
(120,164),1,7
(120,168),1,78
(120,169),1,71
(120,170),1,41
(120,172),1,63
(120,176),1,78
(120,177),1,10
(120,181),1,52
(120,190),1,42
(120,194),1,20
(120,199),1,52
(121,36),1,83
(121,49),1,89
(121,119),1,43
(121,130),1,49
(121,148),1,6
(122,5),1,42
(122,7),1,47
(122,11),1,3
(122,15),1,7
(122,22),1,40
(122,27),1,23
(122,34),1,38
(122,36),1,51
(122,39),1,50
(122,40),1,89
(122,41),1,82
(122,42),1,42
(122,43),1,17
(122,44),1,34
(122,45),1,69
(122,49),1,47
(122,50),1,82
(122,62),1,60
(122,71),1,8
(122,76),1,61
(122,77),1,73
(122,82),1,63
(122,85),1,86
(122,86),1,31
(122,87),1,51
(122,88),1,87
(122,102),1,26
(122,103),1,62
(122,108),1,30
(122,119),1,25
(122,121),1,66
(122,125),1,9
(122,129),1,31
(122,130),1,89
(122,135),1,73
(122,136),1,28
(122,137),1,14
(122,141),1,66
(122,145),1,21
(122,147),1,68
(122,148),1,53
(122,150),1,39
(122,151),1,47
(122,164),1,19
(122,168),1,38
(122,169),1,26
(122,170),1,76
(122,172),1,61
(122,176),1,56
(122,177),1,60
(122,181),1,65
(122,188),1,22
(122,190),1,29
(122,194),1,45
(123,47),1,48
(123,99),1,52
(123,103),1,49
(123,134),1,65
(123,155),1,32
(124,5),1,81
(124,7),1,1
(124,10),1,61
(124,11),1,88
(124,15),1,88
(124,22),1,81
(124,24),1,58
(124,27),1,9
(124,28),1,69
(124,31),1,38
(124,34),1,72
(124,37),1,80
(124,39),1,72
(124,40),1,0
(124,41),1,37
(124,42),1,6
(124,43),1,44
(124,49),1,24
(124,50),1,2
(124,52),1,4
(124,62),1,86
(124,71),1,78
(124,74),1,5
(124,77),1,3
(124,82),1,18
(124,85),1,85
(124,86),1,37
(124,87),1,63
(124,88),1,88
(124,89),1,48
(124,90),1,66
(124,102),1,46
(124,103),1,30
(124,108),1,35
(124,119),1,53
(124,121),1,77
(124,122),1,71
(124,125),1,50
(124,129),1,39
(124,130),1,30
(124,133),1,22
(124,135),1,54
(124,136),1,57
(124,141),1,23
(124,145),1,25
(124,147),1,45
(124,148),1,52
(124,149),1,29
(124,150),1,87
(124,155),1,65
(124,156),1,54
(124,164),1,87
(124,167),1,78
(124,168),1,21
(124,169),1,84
(124,170),1,68
(124,172),1,51
(124,176),1,77
(124,177),1,66
(124,181),1,7
(124,190),1,20
(124,194),1,68
(125,103),1,13
(126,103),1,89
(126,155),1,76
(127,49),1,50
(127,87),1,17
(127,119),1,17
(127,130),1,33
(127,148),1,73
(128,5),1,80
(128,7),1,28
(128,8),1,15
(128,14),1,68
(128,15),1,49
(128,22),1,58
(128,24),1,30
(128,27),1,74
(128,28),1,2
(128,31),1,64
(128,34),1,83
(128,36),1,32
(128,39),1,11
(128,40),1,64
(128,41),1,40
(128,42),1,39
(128,43),1,24
(128,45),1,39
(128,49),1,72
(128,50),1,87
(128,62),1,30
(128,71),1,72
(128,74),1,42
(128,77),1,83
(128,82),1,70
(128,85),1,42
(128,86),1,4
(128,87),1,79
(128,88),1,24
(128,96),1,39
(128,102),1,39
(128,103),1,0
(128,108),1,70
(128,119),1,72
(128,121),1,49
(128,125),1,19
(128,130),1,85
(128,136),1,13
(128,137),1,36
(128,145),1,31
(128,148),1,9
(128,150),1,79
(128,151),1,77
(128,155),1,73
(128,156),1,89
(128,164),1,77
(128,168),1,70
(128,169),1,53
(128,170),1,57
(128,172),1,32
(128,176),1,8
(128,177),1,1
(128,179),1,82
(128,181),1,5
(128,190),1,40
(128,194),1,9
(129,103),1,76
(130,47),1,30
(130,103),1,56
(130,105),1,67
(130,155),1,71
(131,1),1,1
(131,3),1,40
(131,5),1,9
(131,7),1,62
(131,8),1,84
(131,15),1,29
(131,22),1,33
(131,27),1,88
(131,31),1,32
(131,34),1,22
(131,36),1,26
(131,37),1,66
(131,40),1,55
(131,41),1,17
(131,42),1,10
(131,43),1,64
(131,45),1,76
(131,48),1,10
(131,49),1,74
(131,50),1,89
(131,62),1,80
(131,71),1,78
(131,74),1,73
(131,77),1,41
(131,82),1,39
(131,85),1,11
(131,86),1,35
(131,87),1,69
(131,88),1,20
(131,102),1,35
(131,103),1,89
(131,108),1,70
(131,116),1,77
(131,119),1,15
(131,121),1,63
(131,125),1,19
(131,129),1,65
(131,130),1,56
(131,133),1,67
(131,135),1,51
(131,136),1,67
(131,145),1,50
(131,147),1,42
(131,148),1,67
(131,149),1,9
(131,150),1,84
(131,164),1,37
(131,168),1,50
(131,169),1,19
(131,170),1,86
(131,172),1,15
(131,176),1,65
(131,177),1,66
(131,181),1,58
(131,190),1,22
(131,194),1,60
(132,47),1,47
(132,103),1,56
(132,155),1,73
(133,3),1,11
(133,5),1,64
(133,7),1,49
(133,8),1,22
(133,15),1,48
(133,22),1,59
(133,24),1,55
(133,27),1,85
(133,31),1,5
(133,34),1,9
(133,36),1,45
(133,41),1,32
(133,42),1,30
(133,43),1,80
(133,44),1,6
(133,49),1,76
(133,50),1,43
(133,53),1,66
(133,62),1,67
(133,70),1,79
(133,71),1,46
(133,74),1,89
(133,75),1,39
(133,77),1,28
(133,82),1,39
(133,86),1,44
(133,87),1,54
(133,88),1,50
(133,102),1,38
(133,103),1,37
(133,108),1,23
(133,116),1,1
(133,119),1,6
(133,121),1,72
(133,125),1,32
(133,129),1,35
(133,130),1,7
(133,135),1,85
(133,136),1,32
(133,145),1,5
(133,147),1,83
(133,148),1,9
(133,150),1,23
(133,151),1,21
(133,155),1,50
(133,164),1,21
(133,168),1,15
(133,169),1,59
(133,170),1,27
(133,172),1,15
(133,176),1,74
(133,177),1,68
(133,181),1,7
(133,188),1,57
(133,190),1,14
(133,194),1,23
(133,196),1,20
(134,1),1,32
(134,3),1,42
(134,5),1,44
(134,7),1,47
(134,8),1,45
(134,15),1,60
(134,22),1,9
(134,24),1,30
(134,26),1,27
(134,27),1,13
(134,31),1,75
(134,34),1,1
(134,36),1,54
(134,39),1,1
(134,41),1,31
(134,42),1,41
(134,43),1,32
(134,47),1,69
(134,49),1,43
(134,50),1,81
(134,52),1,25
(134,53),1,44
(134,62),1,82
(134,71),1,48
(134,74),1,39
(134,75),1,65
(134,77),1,89
(134,82),1,4
(134,85),1,64
(134,87),1,37
(134,88),1,26
(134,101),1,5
(134,102),1,61
(134,103),1,37
(134,108),1,25
(134,119),1,58
(134,121),1,18
(134,125),1,89
(134,129),1,79
(134,130),1,29
(134,135),1,33
(134,136),1,28
(134,137),1,41
(134,141),1,73
(134,145),1,60
(134,147),1,88
(134,148),1,74
(134,150),1,7
(134,155),1,44
(134,159),1,79
(134,164),1,45
(134,168),1,55
(134,169),1,60
(134,170),1,55
(134,172),1,35
(134,176),1,81
(134,177),1,46
(134,178),1,83
(134,179),1,27
(134,181),1,75
(134,187),1,2
(134,188),1,29
(134,190),1,21
(134,193),1,11
(134,194),1,18
(135,103),1,50
(135,155),1,88
(136,103),1,71
(136,155),1,13
(137,3),1,26
(137,5),1,36
(137,7),1,64
(137,8),1,20
(137,9),1,82
(137,15),1,31
(137,22),1,59
(137,27),1,87
(137,31),1,51
(137,34),1,82
(137,36),1,66
(137,38),1,76
(137,39),1,58
(137,40),1,42
(137,41),1,58
(137,42),1,70
(137,43),1,27
(137,45),1,82
(137,48),1,40
(137,49),1,10
(137,50),1,53
(137,53),1,82
(137,62),1,72
(137,71),1,81
(137,74),1,47
(137,76),1,5
(137,77),1,59
(137,82),1,62
(137,85),1,74
(137,86),1,62
(137,87),1,0
(137,88),1,64
(137,89),1,43
(137,102),1,71
(137,103),1,6
(137,108),1,62
(137,119),1,54
(137,121),1,25
(137,125),1,60
(137,129),1,55
(137,130),1,35
(137,136),1,59
(137,141),1,84
(137,145),1,33
(137,147),1,26
(137,148),1,10
(137,150),1,63
(137,151),1,40
(137,155),1,3
(137,164),1,87
(137,168),1,22
(137,169),1,55
(137,170),1,31
(137,172),1,63
(137,173),1,48
(137,176),1,34
(137,177),1,2
(137,181),1,32
(137,187),1,57
(137,188),1,86
(137,190),1,41
(137,192),1,71
(137,194),1,41
(137,199),1,16
(138,5),1,65
(138,7),1,72
(138,9),1,36
(138,15),1,49
(138,22),1,8
(138,27),1,15
(138,29),1,70
(138,31),1,21
(138,34),1,19
(138,36),1,3
(138,38),1,82
(138,39),1,86
(138,40),1,54
(138,41),1,85
(138,42),1,81
(138,43),1,31
(138,45),1,22
(138,48),1,76
(138,49),1,61
(138,50),1,68
(138,62),1,60
(138,67),1,22
(138,71),1,67
(138,77),1,69
(138,82),1,85
(138,85),1,65
(138,86),1,39
(138,87),1,13
(138,88),1,39
(138,102),1,12
(138,103),1,17
(138,108),1,63
(138,119),1,21
(138,121),1,58
(138,125),1,83
(138,126),1,43
(138,129),1,3
(138,130),1,56
(138,133),1,74
(138,135),1,64
(138,136),1,10
(138,137),1,62
(138,141),1,76
(138,145),1,3
(138,147),1,46
(138,148),1,43
(138,149),1,55
(138,150),1,40
(138,156),1,67
(138,162),1,28
(138,164),1,85
(138,168),1,7
(138,169),1,55
(138,170),1,7
(138,172),1,84
(138,176),1,15
(138,177),1,27
(138,178),1,40
(138,179),1,81
(138,181),1,66
(138,187),1,9
(138,188),1,77
(138,190),1,47
(138,194),1,53
(139,103),1,88
(139,155),1,58
(139,182),1,44
(140,5),1,59
(140,7),1,77
(140,9),1,23
(140,15),1,35
(140,20),1,82
(140,22),1,26
(140,27),1,22
(140,28),1,18
(140,34),1,12
(140,36),1,23
(140,39),1,28
(140,40),1,3
(140,41),1,56
(140,42),1,2
(140,43),1,18
(140,45),1,74
(140,49),1,61
(140,50),1,36
(140,62),1,88
(140,66),1,26
(140,71),1,74
(140,74),1,86
(140,76),1,74
(140,77),1,24
(140,82),1,87
(140,85),1,55
(140,87),1,44
(140,88),1,8
(140,99),1,36
(140,102),1,42
(140,103),1,20
(140,108),1,16
(140,110),1,33
(140,119),1,84
(140,121),1,21
(140,125),1,15
(140,126),1,22
(140,129),1,21
(140,130),1,68
(140,136),1,36
(140,145),1,18
(140,148),1,3
(140,150),1,24
(140,151),1,65
(140,154),1,14
(140,155),1,65
(140,156),1,63
(140,159),1,25
(140,164),1,16
(140,165),1,87
(140,168),1,76
(140,169),1,52
(140,170),1,81
(140,172),1,37
(140,176),1,49
(140,177),1,68
(140,178),1,18
(140,181),1,1
(140,187),1,30
(140,188),1,27
(140,190),1,46
(140,194),1,53
(141,99),1,12
(141,103),1,38
(142,103),1,67
(142,155),1,83
(143,5),1,38
(143,7),1,36
(143,15),1,54
(143,22),1,83
(143,27),1,67
(143,28),1,51
(143,31),1,18
(143,34),1,64
(143,36),1,78
(143,39),1,83
(143,40),1,17
(143,41),1,52
(143,42),1,30
(143,43),1,49
(143,49),1,26
(143,50),1,64
(143,62),1,51
(143,70),1,5
(143,71),1,39
(143,77),1,56
(143,82),1,68
(143,85),1,80
(143,87),1,48
(143,88),1,2
(143,102),1,25
(143,103),1,82
(143,121),1,1
(143,125),1,33
(143,126),1,7
(143,129),1,74
(143,130),1,19
(143,135),1,72
(143,136),1,18
(143,141),1,13
(143,145),1,26
(143,147),1,0
(143,148),1,75
(143,150),1,78
(143,151),1,6
(143,155),1,12
(143,156),1,10
(143,164),1,0
(143,168),1,55
(143,169),1,26
(143,170),1,14
(143,172),1,89
(143,173),1,69
(143,176),1,29
(143,177),1,6
(143,179),1,82
(143,181),1,27
(143,187),1,77
(143,190),1,10
(143,193),1,3
(143,194),1,28
(144,36),1,65
(144,49),1,45
(144,87),1,14
(144,119),1,64
(144,130),1,8
(144,148),1,85
(145,103),1,60
(145,155),1,51
(146,37),1,41
(146,103),1,61
(146,155),1,60
(147,103),1,0
(147,155),1,50
(147,192),1,11
(148,47),1,82
(148,103),1,89
(148,199),1,4
(149,4),1,56
(149,5),1,4
(149,7),1,26
(149,8),1,67
(149,9),1,50
(149,15),1,31
(149,22),1,2
(149,27),1,3
(149,29),1,83
(149,34),1,73
(149,39),1,87
(149,41),1,71
(149,42),1,43
(149,43),1,53
(149,49),1,77
(149,50),1,14
(149,56),1,49
(149,62),1,21
(149,71),1,38
(149,74),1,36
(149,75),1,3
(149,77),1,86
(149,82),1,14
(149,85),1,48
(149,87),1,62
(149,88),1,63
(149,102),1,87
(149,103),1,31
(149,119),1,61
(149,121),1,53
(149,125),1,5
(149,126),1,66
(149,130),1,35
(149,135),1,86
(149,136),1,13
(149,137),1,2
(149,141),1,83
(149,145),1,72
(149,148),1,21
(149,150),1,58
(149,151),1,70
(149,160),1,2
(149,164),1,20
(149,168),1,3
(149,169),1,11
(149,170),1,68
(149,172),1,76
(149,176),1,81
(149,177),1,83
(149,178),1,71
(149,181),1,18
(149,190),1,31
(149,194),1,44
(150,36),1,48
(150,49),1,88
(150,87),1,45
(150,130),1,49
(150,148),1,65
(151,36),1,17
(151,49),1,62
(151,119),1,25
(151,130),1,62
(151,148),1,63
(151,167),1,42
(152,3),1,20
(152,5),1,28
(152,7),1,80
(152,8),1,38
(152,9),1,57
(152,15),1,53
(152,22),1,66
(152,24),1,14
(152,27),1,68
(152,29),1,57
(152,31),1,88
(152,34),1,63
(152,36),1,85
(152,37),1,53
(152,39),1,71
(152,40),1,66
(152,41),1,17
(152,42),1,7
(152,43),1,42
(152,49),1,42
(152,50),1,70
(152,62),1,89
(152,66),1,50
(152,71),1,32
(152,74),1,9
(152,76),1,72
(152,77),1,70
(152,82),1,83
(152,85),1,14
(152,86),1,51
(152,87),1,63
(152,88),1,50
(152,102),1,31
(152,103),1,38
(152,121),1,75
(152,125),1,31
(152,126),1,52
(152,130),1,6
(152,135),1,39
(152,136),1,29
(152,137),1,74
(152,141),1,16
(152,145),1,23
(152,147),1,61
(152,148),1,28
(152,150),1,2
(152,151),1,16
(152,156),1,8
(152,164),1,17
(152,168),1,81
(152,169),1,28
(152,170),1,60
(152,172),1,76
(152,176),1,5
(152,177),1,8
(152,178),1,54
(152,181),1,64
(152,187),1,87
(152,188),1,30
(152,190),1,53
(152,194),1,77
(153,3),1,71
(153,5),1,25
(153,7),1,42
(153,8),1,30
(153,15),1,73
(153,22),1,44
(153,27),1,22
(153,31),1,33
(153,34),1,16
(153,36),1,86
(153,39),1,15
(153,40),1,28
(153,41),1,68
(153,42),1,44
(153,43),1,56
(153,45),1,27
(153,48),1,40
(153,49),1,34
(153,50),1,26
(153,62),1,77
(153,71),1,30
(153,74),1,28
(153,77),1,89
(153,82),1,69
(153,85),1,77
(153,86),1,49
(153,87),1,54
(153,88),1,11
(153,90),1,48
(153,101),1,42
(153,102),1,71
(153,103),1,5
(153,108),1,86
(153,119),1,57
(153,121),1,30
(153,125),1,10
(153,129),1,72
(153,130),1,43
(153,133),1,65
(153,135),1,89
(153,136),1,19
(153,137),1,60
(153,145),1,60
(153,148),1,49
(153,150),1,86
(153,156),1,77
(153,158),1,14
(153,164),1,70
(153,168),1,2
(153,169),1,2
(153,170),1,22
(153,172),1,75
(153,176),1,3
(153,177),1,11
(153,178),1,53
(153,181),1,58
(153,190),1,53
(153,193),1,6
(153,194),1,1
(154,36),1,31
(154,49),1,57
(154,87),1,82
(154,119),1,26
(154,130),1,56
(154,148),1,56
(154,167),1,87
(156,103),1,45
(156,155),1,60
(157,99),1,83
(157,103),1,74
(158,103),1,79
(159,5),1,35
(159,7),1,86
(159,15),1,56
(159,22),1,58
(159,24),1,64
(159,27),1,41
(159,31),1,79
(159,34),1,35
(159,36),1,12
(159,40),1,25
(159,41),1,1
(159,42),1,21
(159,43),1,22
(159,45),1,71
(159,49),1,32
(159,50),1,50
(159,52),1,68
(159,62),1,59
(159,66),1,11
(159,71),1,40
(159,77),1,38
(159,78),1,67
(159,82),1,39
(159,85),1,59
(159,86),1,57
(159,87),1,57
(159,88),1,67
(159,102),1,13
(159,103),1,75
(159,108),1,72
(159,119),1,66
(159,121),1,57
(159,125),1,84
(159,130),1,31
(159,135),1,10
(159,136),1,74
(159,141),1,62
(159,145),1,19
(159,147),1,34
(159,148),1,35
(159,149),1,32
(159,150),1,57
(159,151),1,29
(159,155),1,86
(159,164),1,85
(159,167),1,72
(159,168),1,55
(159,169),1,40
(159,170),1,80
(159,172),1,89
(159,176),1,27
(159,177),1,68
(159,181),1,85
(159,187),1,36
(159,190),1,9
(159,194),1,61
(160,103),1,49
(160,155),1,38
(161,5),1,57
(161,7),1,88
(161,8),1,22
(161,15),1,77
(161,22),1,23
(161,26),1,53
(161,27),1,15
(161,34),1,62
(161,36),1,5
(161,39),1,76
(161,41),1,46
(161,42),1,58
(161,43),1,86
(161,44),1,89
(161,48),1,77
(161,49),1,7
(161,50),1,37
(161,62),1,3
(161,71),1,29
(161,74),1,37
(161,76),1,81
(161,77),1,63
(161,82),1,7
(161,85),1,32
(161,86),1,69
(161,87),1,33
(161,88),1,5
(161,90),1,75
(161,102),1,53
(161,103),1,10
(161,119),1,37
(161,121),1,20
(161,125),1,89
(161,129),1,81
(161,130),1,71
(161,133),1,65
(161,136),1,51
(161,137),1,62
(161,141),1,24
(161,145),1,50
(161,147),1,22
(161,148),1,51
(161,150),1,63
(161,155),1,39
(161,164),1,47
(161,168),1,28
(161,169),1,54
(161,170),1,29
(161,172),1,61
(161,176),1,14
(161,177),1,50
(161,181),1,88
(161,188),1,53
(161,190),1,6
(161,194),1,74
(161,199),1,25
(162,19),1,34
(162,103),1,80
(163,3),1,28
(163,36),1,21
(163,49),1,41
(163,87),1,47
(163,119),1,17
(163,130),1,64
(163,148),1,60
(164,99),1,41
(164,103),1,56
(165,3),1,1
(165,5),1,33
(165,7),1,47
(165,8),1,17
(165,15),1,62
(165,22),1,81
(165,23),1,75
(165,26),1,50
(165,27),1,13
(165,29),1,55
(165,31),1,76
(165,34),1,58
(165,36),1,84
(165,39),1,18
(165,40),1,4
(165,41),1,48
(165,42),1,33
(165,43),1,27
(165,44),1,27
(165,47),1,82
(165,49),1,82
(165,50),1,44
(165,62),1,27
(165,66),1,26
(165,71),1,61
(165,74),1,56
(165,77),1,1
(165,82),1,3
(165,85),1,41
(165,86),1,42
(165,87),1,62
(165,88),1,17
(165,98),1,61
(165,102),1,32
(165,103),1,26
(165,108),1,23
(165,112),1,72
(165,119),1,21
(165,121),1,9
(165,125),1,67
(165,129),1,22
(165,130),1,61
(165,135),1,83
(165,136),1,86
(165,141),1,32
(165,145),1,52
(165,147),1,62
(165,148),1,9
(165,150),1,42
(165,151),1,72
(165,155),1,14
(165,156),1,9
(165,164),1,78
(165,167),1,83
(165,168),1,5
(165,169),1,63
(165,170),1,31
(165,172),1,15
(165,176),1,54
(165,177),1,30
(165,181),1,32
(165,187),1,63
(165,190),1,85
(165,194),1,80
(166,36),1,17
(166,49),1,56
(166,87),1,2
(166,130),1,38
(166,148),1,55
(166,167),1,0
(167,103),1,53
(168,103),1,7
(169,3),1,86
(169,36),1,50
(169,49),1,7
(169,87),1,89
(169,119),1,7
(169,130),1,62
(169,148),1,19
(170,103),1,34
(170,155),1,6
(171,5),1,78
(171,7),1,40
(171,15),1,68
(171,22),1,56
(171,27),1,80
(171,29),1,0
(171,31),1,58
(171,34),1,88
(171,39),1,33
(171,40),1,23
(171,41),1,88
(171,42),1,27
(171,43),1,46
(171,45),1,21
(171,46),1,51
(171,48),1,71
(171,49),1,50
(171,50),1,40
(171,62),1,46
(171,70),1,4
(171,71),1,82
(171,74),1,39
(171,76),1,69
(171,77),1,84
(171,82),1,35
(171,85),1,85
(171,87),1,51
(171,88),1,33
(171,102),1,28
(171,103),1,54
(171,105),1,1
(171,108),1,18
(171,119),1,58
(171,121),1,57
(171,125),1,73
(171,130),1,66
(171,136),1,39
(171,137),1,81
(171,141),1,87
(171,145),1,49
(171,148),1,2
(171,150),1,77
(171,155),1,17
(171,164),1,21
(171,168),1,59
(171,169),1,7
(171,170),1,21
(171,172),1,16
(171,176),1,32
(171,177),1,54
(171,179),1,48
(171,181),1,81
(171,188),1,48
(171,190),1,17
(171,193),1,39
(171,194),1,34
(171,199),1,87
(172,103),1,34
(172,155),1,5
(173,103),1,32
(174,103),1,10
(174,155),1,79
(175,103),1,63
(176,99),1,16
(176,103),1,26
(176,105),1,58
(177,47),1,16
(177,103),1,52
(178,103),1,5
(178,155),1,71
(179,36),1,45
(179,49),1,57
(179,87),1,58
(179,119),1,17
(179,130),1,13
(179,148),1,36
(180,103),1,79
(181,103),1,65
(182,103),1,74
(183,3),1,61
(183,5),1,49
(183,7),1,60
(183,8),1,69
(183,13),1,72
(183,15),1,63
(183,22),1,82
(183,27),1,73
(183,29),1,29
(183,34),1,9
(183,36),1,13
(183,39),1,68
(183,40),1,4
(183,41),1,69
(183,42),1,7
(183,43),1,70
(183,44),1,18
(183,49),1,1
(183,50),1,37
(183,62),1,16
(183,71),1,65
(183,74),1,66
(183,75),1,34
(183,76),1,60
(183,77),1,83
(183,82),1,18
(183,86),1,46
(183,87),1,15
(183,88),1,83
(183,98),1,61
(183,102),1,40
(183,103),1,59
(183,105),1,2
(183,108),1,82
(183,119),1,29
(183,121),1,63
(183,125),1,85
(183,129),1,29
(183,130),1,68
(183,135),1,67
(183,136),1,65
(183,137),1,23
(183,145),1,20
(183,147),1,65
(183,148),1,6
(183,150),1,65
(183,151),1,57
(183,156),1,57
(183,164),1,55
(183,168),1,2
(183,169),1,18
(183,170),1,80
(183,172),1,46
(183,176),1,4
(183,177),1,34
(183,181),1,5
(183,188),1,54
(183,190),1,63
(183,194),1,33
(184,103),1,22
(185,5),1,74
(185,7),1,50
(185,8),1,25
(185,15),1,65
(185,22),1,11
(185,24),1,71
(185,27),1,56
(185,31),1,81
(185,34),1,67
(185,36),1,51
(185,39),1,85
(185,40),1,8
(185,41),1,60
(185,42),1,25
(185,43),1,28
(185,45),1,20
(185,49),1,70
(185,50),1,32
(185,62),1,77
(185,71),1,49
(185,74),1,1
(185,76),1,49
(185,77),1,5
(185,82),1,57
(185,85),1,52
(185,86),1,5
(185,87),1,23
(185,88),1,7
(185,89),1,32
(185,91),1,5
(185,99),1,12
(185,102),1,4
(185,103),1,19
(185,108),1,35
(185,119),1,26
(185,121),1,60
(185,125),1,66
(185,129),1,1
(185,130),1,16
(185,133),1,78
(185,136),1,66
(185,137),1,66
(185,141),1,12
(185,145),1,68
(185,147),1,39
(185,148),1,49
(185,150),1,71
(185,151),1,76
(185,164),1,5
(185,168),1,24
(185,169),1,58
(185,170),1,78
(185,172),1,53
(185,176),1,87
(185,177),1,77
(185,178),1,12
(185,179),1,60
(185,181),1,50
(185,188),1,10
(185,190),1,67
(185,194),1,82
(186,47),1,32
(186,103),1,0
(187,47),1,67
(187,103),1,24
(187,105),1,71
(188,36),1,29
(188,49),1,3
(188,87),1,15
(188,119),1,76
(188,130),1,56
(188,148),1,8
(189,5),1,78
(189,7),1,67
(189,8),1,13
(189,15),1,20
(189,22),1,79
(189,27),1,57
(189,34),1,44
(189,36),1,15
(189,41),1,61
(189,42),1,74
(189,43),1,53
(189,48),1,37
(189,49),1,67
(189,50),1,63
(189,62),1,65
(189,71),1,19
(189,74),1,54
(189,76),1,18
(189,77),1,32
(189,82),1,23
(189,86),1,32
(189,87),1,13
(189,88),1,32
(189,102),1,10
(189,103),1,19
(189,108),1,72
(189,119),1,29
(189,121),1,0
(189,125),1,44
(189,130),1,67
(189,133),1,40
(189,136),1,9
(189,137),1,51
(189,141),1,1
(189,145),1,76
(189,147),1,18
(189,148),1,66
(189,150),1,86
(189,155),1,54
(189,159),1,22
(189,164),1,0
(189,168),1,60
(189,169),1,2
(189,170),1,74
(189,172),1,15
(189,176),1,41
(189,177),1,47
(189,178),1,7
(189,181),1,10
(189,190),1,21
(189,194),1,69
(190,103),1,25
(191,103),1,4
(191,155),1,32
(193,103),1,64
(194,103),1,37
(194,134),1,11
(194,155),1,87
(195,99),1,39
(195,103),1,44
(196,103),1,20
(196,155),1,84
(197,5),1,55
(197,8),1,52
(197,9),1,20
(197,11),1,31
(197,15),1,60
(197,22),1,37
(197,27),1,1
(197,28),1,82
(197,31),1,89
(197,34),1,74
(197,36),1,33
(197,40),1,30
(197,41),1,77
(197,42),1,81
(197,43),1,63
(197,49),1,79
(197,50),1,32
(197,62),1,74
(197,71),1,52
(197,74),1,53
(197,75),1,28
(197,76),1,58
(197,77),1,78
(197,82),1,57
(197,85),1,83
(197,86),1,26
(197,87),1,54
(197,88),1,7
(197,102),1,61
(197,103),1,31
(197,108),1,29
(197,119),1,38
(197,121),1,85
(197,125),1,80
(197,130),1,54
(197,135),1,33
(197,136),1,6
(197,141),1,56
(197,145),1,5
(197,148),1,48
(197,150),1,15
(197,151),1,87
(197,152),1,14
(197,156),1,31
(197,164),1,67
(197,168),1,62
(197,169),1,79
(197,170),1,16
(197,172),1,23
(197,173),1,73
(197,176),1,2
(197,177),1,67
(197,181),1,1
(197,187),1,37
(197,188),1,5
(197,190),1,55
(197,194),1,71
(197,198),1,55
(198,103),1,34
(198,155),1,72
(199,103),1,35
