Nr_Pairs = 200
Nr_NDD = 0
Nr_Arcs = 3860
0,0,1,0,1
1,0,1,1,2
2,0,0,0,2
3,0,0,0,1
4,0,1,0,0
5,0,1,1,2
6,0,1,0,2
7,0,1,1,2
8,0,1,1,2
9,0,0,0,1
10,0,1,0,0
11,0,0,0,2
12,0,1,0,0
13,0,1,0,0
14,0,1,0,1
15,0,0,0,2
16,0,0,1,2
17,0,0,0,2
18,0,0,0,2
19,0,0,0,1
20,0,3,0,2
21,0,0,0,2
22,0,1,0,2
23,0,0,0,2
24,0,1,0,2
25,0,0,1,2
26,0,1,0,1
27,0,1,1,2
28,0,0,0,1
29,0,1,0,0
30,0,1,0,0
31,0,2,0,2
32,0,0,1,2
33,0,1,1,2
34,0,1,0,0
35,0,0,0,2
36,0,1,0,0
37,0,1,0,2
38,0,1,0,2
39,0,0,1,2
40,0,0,1,1
41,0,2,2,2
42,0,0,0,2
43,0,0,0,2
44,0,1,1,2
45,0,1,2,0
46,0,2,2,2
47,0,1,0,2
48,0,0,0,2
49,0,1,2,2
50,0,1,1,2
51,0,0,0,2
52,0,1,0,2
53,0,0,2,2
54,0,1,0,2
55,0,1,1,2
56,0,1,0,2
57,0,0,0,2
58,0,1,0,1
59,0,2,1,2
60,0,3,2,0
61,0,0,0,2
62,0,1,0,0
63,0,1,2,2
64,0,1,0,0
65,0,0,1,2
66,0,1,0,2
67,0,0,0,2
68,0,1,0,0
69,0,1,2,0
70,0,1,0,2
71,0,0,1,2
72,0,0,0,2
73,0,1,0,0
74,0,1,0,2
75,0,1,1,2
76,0,1,0,2
77,0,0,0,2
78,0,2,0,1
79,0,2,2,2
80,0,2,1,2
81,0,0,0,2
82,0,1,0,0
83,0,0,0,2
84,0,0,0,1
85,0,0,0,2
86,0,1,1,2
87,0,1,0,0
88,0,2,2,2
89,0,0,1,1
90,0,1,1,2
91,0,2,0,2
92,0,1,1,2
93,0,1,1,2
94,0,1,0,1
95,0,1,1,2
96,0,1,0,0
97,0,1,0,0
98,0,2,0,2
99,0,0,0,2
100,0,1,0,2
101,0,2,0,0
102,0,1,0,1
103,0,1,1,2
104,0,1,0,0
105,0,2,1,2
106,0,2,1,0
107,0,1,1,1
108,0,2,0,2
109,0,0,0,2
110,0,1,0,0
111,0,1,0,2
112,0,0,0,2
113,0,1,0,0
114,0,1,0,0
115,0,0,0,2
116,0,1,0,2
117,0,3,0,0
118,0,1,0,2
119,0,1,1,2
120,0,1,0,1
121,0,0,0,2
122,0,0,0,2
123,0,0,0,2
124,0,0,0,2
125,0,1,1,2
126,0,2,0,0
127,0,0,0,2
128,0,0,1,2
129,0,0,0,2
130,0,1,0,0
131,0,1,1,2
132,0,0,0,2
133,0,1,0,2
134,0,1,0,0
135,0,1,0,0
136,0,2,2,2
137,0,2,2,2
138,0,1,0,0
139,0,1,1,2
140,0,1,0,0
141,0,1,0,1
142,0,1,0,0
143,0,0,0,2
144,0,0,1,2
145,0,1,0,0
146,0,1,0,0
147,0,2,1,0
148,0,1,0,2
149,0,0,2,2
150,0,1,0,0
151,0,0,0,1
152,0,0,1,2
153,0,1,2,2
154,0,3,0,0
155,0,0,2,1
156,0,1,1,2
157,0,0,2,2
158,0,1,0,0
159,0,1,0,1
160,0,0,0,2
161,0,0,0,2
162,0,1,2,1
163,0,0,1,2
164,0,1,0,1
165,0,2,0,0
166,0,0,0,2
167,0,1,0,2
168,0,1,1,2
169,0,2,2,1
170,0,1,1,2
171,0,1,2,2
172,0,1,1,2
173,0,1,0,0
174,0,1,0,0
175,0,1,2,2
176,0,1,0,2
177,0,2,2,1
178,0,1,0,0
179,0,1,1,2
180,0,0,3,2
181,0,1,0,2
182,0,0,0,2
183,0,0,0,1
184,0,1,1,2
185,0,2,1,1
186,0,2,0,0
187,0,2,2,2
188,0,1,0,2
189,0,1,2,2
190,0,1,1,2
191,0,2,2,1
192,0,1,0,2
193,0,2,0,2
194,0,0,0,2
195,0,1,1,2
196,0,1,0,0
197,0,1,0,0
198,0,1,0,1
199,0,0,0,1
(0,40),1,1
(0,89),1,1
(0,106),1,1
(0,147),1,1
(1,44),1,1
(1,89),1,1
(1,106),1,1
(1,147),1,1
(2,4),1,1
(2,10),1,1
(2,12),1,1
(2,13),1,1
(2,14),1,1
(2,19),1,1
(2,29),1,1
(2,30),1,1
(2,34),1,1
(2,36),1,1
(2,40),1,1
(2,45),1,1
(2,60),1,1
(2,62),1,1
(2,64),1,1
(2,69),1,1
(2,73),1,1
(2,82),1,1
(2,84),1,1
(2,87),1,1
(2,92),1,1
(2,96),1,1
(2,97),1,1
(2,101),1,1
(2,104),1,1
(2,110),1,1
(2,113),1,1
(2,114),1,1
(2,117),1,1
(2,126),1,1
(2,130),1,1
(2,134),1,1
(2,135),1,1
(2,138),1,1
(2,140),1,1
(2,141),1,1
(2,145),1,1
(2,146),1,1
(2,147),1,1
(2,150),1,1
(2,154),1,1
(2,158),1,1
(2,162),1,1
(2,164),1,1
(2,165),1,1
(2,173),1,1
(2,174),1,1
(2,178),1,1
(2,185),1,1
(2,196),1,1
(2,197),1,1
(3,0),1,1
(3,4),1,1
(3,10),1,1
(3,12),1,1
(3,13),1,1
(3,19),1,1
(3,30),1,1
(3,34),1,1
(3,36),1,1
(3,45),1,1
(3,57),1,1
(3,58),1,1
(3,60),1,1
(3,62),1,1
(3,64),1,1
(3,68),1,1
(3,69),1,1
(3,73),1,1
(3,78),1,1
(3,82),1,1
(3,84),1,1
(3,94),1,1
(3,96),1,1
(3,97),1,1
(3,101),1,1
(3,104),1,1
(3,106),1,1
(3,107),1,1
(3,109),1,1
(3,110),1,1
(3,113),1,1
(3,114),1,1
(3,117),1,1
(3,126),1,1
(3,130),1,1
(3,134),1,1
(3,135),1,1
(3,138),1,1
(3,140),1,1
(3,142),1,1
(3,145),1,1
(3,146),1,1
(3,147),1,1
(3,149),1,1
(3,151),1,1
(3,154),1,1
(3,158),1,1
(3,160),1,1
(3,162),1,1
(3,164),1,1
(3,165),1,1
(3,173),1,1
(3,174),1,1
(3,178),1,1
(3,186),1,1
(3,196),1,1
(3,197),1,1
(4,40),1,1
(4,44),1,1
(4,147),1,1
(4,185),1,1
(5,106),1,1
(5,147),1,1
(5,172),1,1
(5,185),1,1
(6,89),1,1
(6,147),1,1
(6,156),1,1
(6,185),1,1
(7,71),1,1
(7,89),1,1
(7,106),1,1
(7,107),1,1
(7,147),1,1
(7,185),1,1
(8,40),1,1
(8,106),1,1
(8,107),1,1
(8,147),1,1
(9,0),1,1
(9,4),1,1
(9,10),1,1
(9,12),1,1
(9,13),1,1
(9,14),1,1
(9,30),1,1
(9,34),1,1
(9,36),1,1
(9,42),1,1
(9,45),1,1
(9,55),1,1
(9,57),1,1
(9,60),1,1
(9,62),1,1
(9,64),1,1
(9,68),1,1
(9,69),1,1
(9,73),1,1
(9,78),1,1
(9,82),1,1
(9,96),1,1
(9,97),1,1
(9,101),1,1
(9,104),1,1
(9,107),1,1
(9,110),1,1
(9,113),1,1
(9,114),1,1
(9,117),1,1
(9,126),1,1
(9,130),1,1
(9,135),1,1
(9,138),1,1
(9,140),1,1
(9,145),1,1
(9,146),1,1
(9,147),1,1
(9,150),1,1
(9,154),1,1
(9,156),1,1
(9,158),1,1
(9,164),1,1
(9,165),1,1
(9,173),1,1
(9,174),1,1
(9,178),1,1
(9,183),1,1
(9,185),1,1
(9,196),1,1
(9,197),1,1
(9,198),1,1
(10,40),1,1
(10,55),1,1
(10,89),1,1
(10,106),1,1
(10,147),1,1
(11,4),1,1
(11,10),1,1
(11,12),1,1
(11,13),1,1
(11,28),1,1
(11,30),1,1
(11,34),1,1
(11,36),1,1
(11,40),1,1
(11,45),1,1
(11,56),1,1
(11,59),1,1
(11,62),1,1
(11,64),1,1
(11,69),1,1
(11,73),1,1
(11,82),1,1
(11,84),1,1
(11,87),1,1
(11,96),1,1
(11,97),1,1
(11,101),1,1
(11,104),1,1
(11,106),1,1
(11,107),1,1
(11,110),1,1
(11,113),1,1
(11,114),1,1
(11,117),1,1
(11,118),1,1
(11,120),1,1
(11,121),1,1
(11,128),1,1
(11,130),1,1
(11,134),1,1
(11,135),1,1
(11,138),1,1
(11,140),1,1
(11,141),1,1
(11,142),1,1
(11,145),1,1
(11,146),1,1
(11,147),1,1
(11,154),1,1
(11,155),1,1
(11,158),1,1
(11,165),1,1
(11,173),1,1
(11,177),1,1
(11,178),1,1
(11,183),1,1
(11,185),1,1
(11,186),1,1
(11,196),1,1
(11,197),1,1
(11,198),1,1
(12,59),1,1
(12,106),1,1
(12,147),1,1
(12,185),1,1
(13,33),1,1
(13,89),1,1
(13,147),1,1
(13,156),1,1
(13,185),1,1
(14,89),1,1
(14,106),1,1
(14,147),1,1
(15,0),1,1
(15,3),1,1
(15,4),1,1
(15,10),1,1
(15,12),1,1
(15,13),1,1
(15,14),1,1
(15,29),1,1
(15,30),1,1
(15,33),1,1
(15,34),1,1
(15,36),1,1
(15,45),1,1
(15,60),1,1
(15,62),1,1
(15,64),1,1
(15,69),1,1
(15,73),1,1
(15,82),1,1
(15,84),1,1
(15,87),1,1
(15,96),1,1
(15,97),1,1
(15,101),1,1
(15,102),1,1
(15,104),1,1
(15,107),1,1
(15,113),1,1
(15,114),1,1
(15,117),1,1
(15,126),1,1
(15,130),1,1
(15,134),1,1
(15,135),1,1
(15,138),1,1
(15,139),1,1
(15,140),1,1
(15,145),1,1
(15,146),1,1
(15,147),1,1
(15,149),1,1
(15,150),1,1
(15,154),1,1
(15,158),1,1
(15,162),1,1
(15,165),1,1
(15,173),1,1
(15,174),1,1
(15,178),1,1
(15,185),1,1
(15,196),1,1
(15,197),1,1
(16,0),1,1
(16,3),1,1
(16,4),1,1
(16,10),1,1
(16,12),1,1
(16,13),1,1
(16,29),1,1
(16,30),1,1
(16,34),1,1
(16,36),1,1
(16,44),1,1
(16,45),1,1
(16,58),1,1
(16,62),1,1
(16,64),1,1
(16,68),1,1
(16,69),1,1
(16,73),1,1
(16,78),1,1
(16,82),1,1
(16,84),1,1
(16,89),1,1
(16,96),1,1
(16,97),1,1
(16,101),1,1
(16,102),1,1
(16,104),1,1
(16,106),1,1
(16,107),1,1
(16,113),1,1
(16,114),1,1
(16,117),1,1
(16,126),1,1
(16,130),1,1
(16,135),1,1
(16,138),1,1
(16,140),1,1
(16,145),1,1
(16,146),1,1
(16,147),1,1
(16,150),1,1
(16,154),1,1
(16,158),1,1
(16,162),1,1
(16,164),1,1
(16,165),1,1
(16,173),1,1
(16,178),1,1
(16,186),1,1
(16,196),1,1
(16,197),1,1
(16,198),1,1
(17,3),1,1
(17,4),1,1
(17,10),1,1
(17,12),1,1
(17,13),1,1
(17,14),1,1
(17,29),1,1
(17,30),1,1
(17,33),1,1
(17,34),1,1
(17,36),1,1
(17,45),1,1
(17,60),1,1
(17,62),1,1
(17,64),1,1
(17,66),1,1
(17,68),1,1
(17,69),1,1
(17,73),1,1
(17,82),1,1
(17,89),1,1
(17,94),1,1
(17,96),1,1
(17,97),1,1
(17,101),1,1
(17,104),1,1
(17,106),1,1
(17,107),1,1
(17,110),1,1
(17,113),1,1
(17,114),1,1
(17,117),1,1
(17,118),1,1
(17,126),1,1
(17,134),1,1
(17,135),1,1
(17,138),1,1
(17,140),1,1
(17,141),1,1
(17,142),1,1
(17,145),1,1
(17,146),1,1
(17,147),1,1
(17,149),1,1
(17,150),1,1
(17,154),1,1
(17,158),1,1
(17,159),1,1
(17,164),1,1
(17,165),1,1
(17,173),1,1
(17,177),1,1
(17,178),1,1
(17,185),1,1
(17,186),1,1
(17,196),1,1
(17,197),1,1
(18,4),1,1
(18,9),1,1
(18,10),1,1
(18,12),1,1
(18,13),1,1
(18,26),1,1
(18,29),1,1
(18,30),1,1
(18,34),1,1
(18,36),1,1
(18,41),1,1
(18,45),1,1
(18,57),1,1
(18,60),1,1
(18,62),1,1
(18,64),1,1
(18,66),1,1
(18,68),1,1
(18,69),1,1
(18,73),1,1
(18,76),1,1
(18,78),1,1
(18,82),1,1
(18,84),1,1
(18,87),1,1
(18,96),1,1
(18,97),1,1
(18,101),1,1
(18,104),1,1
(18,106),1,1
(18,107),1,1
(18,110),1,1
(18,113),1,1
(18,114),1,1
(18,117),1,1
(18,126),1,1
(18,130),1,1
(18,135),1,1
(18,138),1,1
(18,140),1,1
(18,142),1,1
(18,145),1,1
(18,146),1,1
(18,147),1,1
(18,149),1,1
(18,150),1,1
(18,154),1,1
(18,156),1,1
(18,158),1,1
(18,162),1,1
(18,165),1,1
(18,173),1,1
(18,174),1,1
(18,178),1,1
(18,185),1,1
(18,186),1,1
(18,191),1,1
(18,196),1,1
(18,197),1,1
(18,198),1,1
(19,4),1,1
(19,9),1,1
(19,10),1,1
(19,12),1,1
(19,13),1,1
(19,14),1,1
(19,28),1,1
(19,30),1,1
(19,34),1,1
(19,36),1,1
(19,40),1,1
(19,44),1,1
(19,45),1,1
(19,60),1,1
(19,62),1,1
(19,64),1,1
(19,68),1,1
(19,69),1,1
(19,73),1,1
(19,78),1,1
(19,82),1,1
(19,87),1,1
(19,96),1,1
(19,97),1,1
(19,101),1,1
(19,104),1,1
(19,109),1,1
(19,110),1,1
(19,113),1,1
(19,114),1,1
(19,117),1,1
(19,126),1,1
(19,127),1,1
(19,130),1,1
(19,134),1,1
(19,135),1,1
(19,138),1,1
(19,140),1,1
(19,142),1,1
(19,145),1,1
(19,146),1,1
(19,147),1,1
(19,154),1,1
(19,158),1,1
(19,162),1,1
(19,164),1,1
(19,165),1,1
(19,173),1,1
(19,174),1,1
(19,178),1,1
(19,186),1,1
(19,191),1,1
(19,193),1,1
(19,196),1,1
(19,197),1,1
(21,0),1,1
(21,4),1,1
(21,10),1,1
(21,12),1,1
(21,13),1,1
(21,14),1,1
(21,19),1,1
(21,26),1,1
(21,28),1,1
(21,30),1,1
(21,34),1,1
(21,36),1,1
(21,45),1,1
(21,60),1,1
(21,62),1,1
(21,64),1,1
(21,69),1,1
(21,73),1,1
(21,78),1,1
(21,82),1,1
(21,87),1,1
(21,89),1,1
(21,96),1,1
(21,97),1,1
(21,101),1,1
(21,104),1,1
(21,106),1,1
(21,107),1,1
(21,110),1,1
(21,111),1,1
(21,113),1,1
(21,114),1,1
(21,117),1,1
(21,126),1,1
(21,130),1,1
(21,134),1,1
(21,135),1,1
(21,138),1,1
(21,140),1,1
(21,145),1,1
(21,146),1,1
(21,147),1,1
(21,150),1,1
(21,154),1,1
(21,158),1,1
(21,162),1,1
(21,164),1,1
(21,165),1,1
(21,173),1,1
(21,174),1,1
(21,178),1,1
(21,185),1,1
(21,186),1,1
(21,196),1,1
(21,197),1,1
(22,106),1,1
(22,147),1,1
(22,185),1,1
(23,0),1,1
(23,4),1,1
(23,8),1,1
(23,10),1,1
(23,12),1,1
(23,13),1,1
(23,19),1,1
(23,26),1,1
(23,29),1,1
(23,30),1,1
(23,34),1,1
(23,36),1,1
(23,40),1,1
(23,45),1,1
(23,60),1,1
(23,62),1,1
(23,64),1,1
(23,68),1,1
(23,69),1,1
(23,73),1,1
(23,82),1,1
(23,84),1,1
(23,94),1,1
(23,96),1,1
(23,98),1,1
(23,101),1,1
(23,104),1,1
(23,106),1,1
(23,107),1,1
(23,113),1,1
(23,114),1,1
(23,117),1,1
(23,130),1,1
(23,134),1,1
(23,135),1,1
(23,137),1,1
(23,138),1,1
(23,140),1,1
(23,141),1,1
(23,145),1,1
(23,146),1,1
(23,147),1,1
(23,150),1,1
(23,151),1,1
(23,154),1,1
(23,158),1,1
(23,160),1,1
(23,165),1,1
(23,173),1,1
(23,174),1,1
(23,178),1,1
(23,183),1,1
(23,185),1,1
(23,196),1,1
(23,197),1,1
(24,40),1,1
(24,89),1,1
(24,147),1,1
(24,185),1,1
(25,4),1,1
(25,12),1,1
(25,13),1,1
(25,26),1,1
(25,29),1,1
(25,30),1,1
(25,34),1,1
(25,36),1,1
(25,41),1,1
(25,44),1,1
(25,45),1,1
(25,60),1,1
(25,62),1,1
(25,64),1,1
(25,66),1,1
(25,68),1,1
(25,69),1,1
(25,73),1,1
(25,82),1,1
(25,84),1,1
(25,96),1,1
(25,101),1,1
(25,104),1,1
(25,107),1,1
(25,113),1,1
(25,114),1,1
(25,117),1,1
(25,120),1,1
(25,126),1,1
(25,134),1,1
(25,135),1,1
(25,138),1,1
(25,140),1,1
(25,141),1,1
(25,142),1,1
(25,145),1,1
(25,146),1,1
(25,147),1,1
(25,154),1,1
(25,158),1,1
(25,162),1,1
(25,165),1,1
(25,173),1,1
(25,174),1,1
(25,177),1,1
(25,178),1,1
(25,185),1,1
(25,191),1,1
(25,196),1,1
(25,197),1,1
(25,199),1,1
(26,44),1,1
(26,90),1,1
(26,107),1,1
(26,147),1,1
(27,89),1,1
(27,106),1,1
(27,147),1,1
(28,0),1,1
(28,4),1,1
(28,10),1,1
(28,12),1,1
(28,13),1,1
(28,19),1,1
(28,30),1,1
(28,34),1,1
(28,36),1,1
(28,41),1,1
(28,45),1,1
(28,60),1,1
(28,62),1,1
(28,64),1,1
(28,68),1,1
(28,69),1,1
(28,73),1,1
(28,82),1,1
(28,84),1,1
(28,87),1,1
(28,89),1,1
(28,96),1,1
(28,97),1,1
(28,101),1,1
(28,104),1,1
(28,105),1,1
(28,107),1,1
(28,111),1,1
(28,113),1,1
(28,114),1,1
(28,117),1,1
(28,130),1,1
(28,134),1,1
(28,135),1,1
(28,138),1,1
(28,140),1,1
(28,145),1,1
(28,146),1,1
(28,147),1,1
(28,150),1,1
(28,154),1,1
(28,158),1,1
(28,160),1,1
(28,162),1,1
(28,164),1,1
(28,165),1,1
(28,174),1,1
(28,178),1,1
(28,181),1,1
(28,196),1,1
(28,197),1,1
(28,198),1,1
(29,92),1,1
(29,107),1,1
(29,147),1,1
(30,8),1,1
(30,89),1,1
(30,147),1,1
(30,172),1,1
(30,185),1,1
(31,45),1,1
(31,60),1,1
(31,69),1,1
(32,3),1,1
(32,4),1,1
(32,10),1,1
(32,12),1,1
(32,13),1,1
(32,14),1,1
(32,26),1,1
(32,30),1,1
(32,34),1,1
(32,36),1,1
(32,40),1,1
(32,45),1,1
(32,58),1,1
(32,60),1,1
(32,62),1,1
(32,64),1,1
(32,68),1,1
(32,69),1,1
(32,73),1,1
(32,78),1,1
(32,82),1,1
(32,87),1,1
(32,94),1,1
(32,96),1,1
(32,97),1,1
(32,101),1,1
(32,113),1,1
(32,114),1,1
(32,117),1,1
(32,134),1,1
(32,135),1,1
(32,138),1,1
(32,140),1,1
(32,142),1,1
(32,145),1,1
(32,146),1,1
(32,147),1,1
(32,150),1,1
(32,154),1,1
(32,158),1,1
(32,165),1,1
(32,169),1,1
(32,173),1,1
(32,178),1,1
(32,186),1,1
(32,196),1,1
(32,197),1,1
(33,89),1,1
(33,106),1,1
(33,147),1,1
(33,180),1,1
(34,8),1,1
(34,89),1,1
(34,147),1,1
(34,172),1,1
(35,4),1,1
(35,10),1,1
(35,12),1,1
(35,13),1,1
(35,19),1,1
(35,26),1,1
(35,30),1,1
(35,34),1,1
(35,36),1,1
(35,45),1,1
(35,60),1,1
(35,62),1,1
(35,64),1,1
(35,65),1,1
(35,66),1,1
(35,68),1,1
(35,69),1,1
(35,73),1,1
(35,78),1,1
(35,82),1,1
(35,87),1,1
(35,94),1,1
(35,96),1,1
(35,97),1,1
(35,101),1,1
(35,106),1,1
(35,110),1,1
(35,113),1,1
(35,114),1,1
(35,117),1,1
(35,120),1,1
(35,126),1,1
(35,130),1,1
(35,134),1,1
(35,135),1,1
(35,138),1,1
(35,140),1,1
(35,145),1,1
(35,146),1,1
(35,147),1,1
(35,150),1,1
(35,154),1,1
(35,158),1,1
(35,162),1,1
(35,165),1,1
(35,173),1,1
(35,177),1,1
(35,178),1,1
(35,186),1,1
(35,196),1,1
(35,197),1,1
(36,8),1,1
(36,89),1,1
(36,92),1,1
(36,106),1,1
(36,147),1,1
(36,185),1,1
(37,33),1,1
(37,89),1,1
(37,147),1,1
(38,107),1,1
(38,147),1,1
(38,185),1,1
(39,4),1,1
(39,10),1,1
(39,12),1,1
(39,13),1,1
(39,14),1,1
(39,30),1,1
(39,34),1,1
(39,36),1,1
(39,42),1,1
(39,45),1,1
(39,60),1,1
(39,62),1,1
(39,64),1,1
(39,68),1,1
(39,69),1,1
(39,73),1,1
(39,82),1,1
(39,84),1,1
(39,87),1,1
(39,90),1,1
(39,96),1,1
(39,101),1,1
(39,104),1,1
(39,106),1,1
(39,110),1,1
(39,113),1,1
(39,114),1,1
(39,116),1,1
(39,117),1,1
(39,132),1,1
(39,134),1,1
(39,135),1,1
(39,138),1,1
(39,140),1,1
(39,142),1,1
(39,145),1,1
(39,146),1,1
(39,147),1,1
(39,149),1,1
(39,154),1,1
(39,158),1,1
(39,165),1,1
(39,173),1,1
(39,174),1,1
(39,178),1,1
(39,183),1,1
(39,186),1,1
(39,191),1,1
(39,193),1,1
(39,196),1,1
(39,197),1,1
(40,3),1,1
(40,4),1,1
(40,10),1,1
(40,12),1,1
(40,13),1,1
(40,29),1,1
(40,30),1,1
(40,34),1,1
(40,36),1,1
(40,45),1,1
(40,58),1,1
(40,60),1,1
(40,62),1,1
(40,64),1,1
(40,66),1,1
(40,68),1,1
(40,69),1,1
(40,73),1,1
(40,82),1,1
(40,87),1,1
(40,96),1,1
(40,101),1,1
(40,104),1,1
(40,108),1,1
(40,113),1,1
(40,114),1,1
(40,117),1,1
(40,126),1,1
(40,130),1,1
(40,134),1,1
(40,135),1,1
(40,138),1,1
(40,140),1,1
(40,142),1,1
(40,145),1,1
(40,146),1,1
(40,147),1,1
(40,150),1,1
(40,154),1,1
(40,155),1,1
(40,158),1,1
(40,164),1,1
(40,165),1,1
(40,174),1,1
(40,177),1,1
(40,178),1,1
(40,185),1,1
(40,196),1,1
(40,197),1,1
(41,45),1,1
(41,60),1,1
(41,69),1,1
(41,136),1,1
(41,162),1,1
(42,4),1,1
(42,12),1,1
(42,13),1,1
(42,14),1,1
(42,19),1,1
(42,28),1,1
(42,30),1,1
(42,34),1,1
(42,36),1,1
(42,37),1,1
(42,44),1,1
(42,45),1,1
(42,62),1,1
(42,64),1,1
(42,68),1,1
(42,69),1,1
(42,73),1,1
(42,75),1,1
(42,78),1,1
(42,82),1,1
(42,87),1,1
(42,96),1,1
(42,97),1,1
(42,101),1,1
(42,105),1,1
(42,106),1,1
(42,113),1,1
(42,114),1,1
(42,117),1,1
(42,119),1,1
(42,126),1,1
(42,128),1,1
(42,129),1,1
(42,130),1,1
(42,134),1,1
(42,135),1,1
(42,138),1,1
(42,140),1,1
(42,145),1,1
(42,146),1,1
(42,147),1,1
(42,151),1,1
(42,154),1,1
(42,156),1,1
(42,158),1,1
(42,164),1,1
(42,165),1,1
(42,169),1,1
(42,173),1,1
(42,178),1,1
(42,186),1,1
(42,196),1,1
(42,197),1,1
(43,4),1,1
(43,9),1,1
(43,10),1,1
(43,12),1,1
(43,13),1,1
(43,29),1,1
(43,30),1,1
(43,34),1,1
(43,36),1,1
(43,45),1,1
(43,60),1,1
(43,62),1,1
(43,64),1,1
(43,69),1,1
(43,73),1,1
(43,82),1,1
(43,84),1,1
(43,87),1,1
(43,94),1,1
(43,95),1,1
(43,96),1,1
(43,101),1,1
(43,104),1,1
(43,110),1,1
(43,111),1,1
(43,113),1,1
(43,114),1,1
(43,117),1,1
(43,126),1,1
(43,134),1,1
(43,135),1,1
(43,138),1,1
(43,140),1,1
(43,142),1,1
(43,145),1,1
(43,146),1,1
(43,147),1,1
(43,150),1,1
(43,151),1,1
(43,154),1,1
(43,155),1,1
(43,158),1,1
(43,162),1,1
(43,164),1,1
(43,165),1,1
(43,173),1,1
(43,174),1,1
(43,178),1,1
(43,185),1,1
(43,196),1,1
(43,197),1,1
(43,199),1,1
(44,40),1,1
(44,59),1,1
(44,106),1,1
(44,107),1,1
(44,147),1,1
(44,185),1,1
(45,40),1,1
(45,44),1,1
(45,106),1,1
(45,147),1,1
(46,45),1,1
(46,49),1,1
(46,60),1,1
(46,69),1,1
(47,71),1,1
(47,89),1,1
(47,107),1,1
(47,147),1,1
(47,172),1,1
(47,185),1,1
(48,4),1,1
(48,12),1,1
(48,13),1,1
(48,19),1,1
(48,29),1,1
(48,30),1,1
(48,34),1,1
(48,36),1,1
(48,45),1,1
(48,58),1,1
(48,60),1,1
(48,62),1,1
(48,64),1,1
(48,68),1,1
(48,69),1,1
(48,73),1,1
(48,78),1,1
(48,82),1,1
(48,84),1,1
(48,89),1,1
(48,96),1,1
(48,97),1,1
(48,101),1,1
(48,104),1,1
(48,106),1,1
(48,107),1,1
(48,113),1,1
(48,114),1,1
(48,117),1,1
(48,118),1,1
(48,127),1,1
(48,130),1,1
(48,134),1,1
(48,135),1,1
(48,138),1,1
(48,140),1,1
(48,141),1,1
(48,142),1,1
(48,145),1,1
(48,146),1,1
(48,147),1,1
(48,150),1,1
(48,154),1,1
(48,158),1,1
(48,164),1,1
(48,165),1,1
(48,173),1,1
(48,174),1,1
(48,177),1,1
(48,178),1,1
(48,180),1,1
(48,183),1,1
(48,186),1,1
(48,196),1,1
(48,197),1,1
(48,198),1,1
(49,40),1,1
(49,106),1,1
(49,107),1,1
(49,147),1,1
(49,172),1,1
(49,185),1,1
(50,89),1,1
(50,93),1,1
(50,147),1,1
(50,172),1,1
(50,185),1,1
(51,4),1,1
(51,8),1,1
(51,12),1,1
(51,13),1,1
(51,14),1,1
(51,19),1,1
(51,30),1,1
(51,34),1,1
(51,36),1,1
(51,45),1,1
(51,52),1,1
(51,60),1,1
(51,62),1,1
(51,64),1,1
(51,68),1,1
(51,69),1,1
(51,71),1,1
(51,73),1,1
(51,78),1,1
(51,82),1,1
(51,87),1,1
(51,94),1,1
(51,96),1,1
(51,98),1,1
(51,101),1,1
(51,106),1,1
(51,107),1,1
(51,110),1,1
(51,113),1,1
(51,114),1,1
(51,116),1,1
(51,117),1,1
(51,126),1,1
(51,130),1,1
(51,135),1,1
(51,138),1,1
(51,140),1,1
(51,141),1,1
(51,142),1,1
(51,145),1,1
(51,146),1,1
(51,147),1,1
(51,149),1,1
(51,150),1,1
(51,154),1,1
(51,158),1,1
(51,164),1,1
(51,165),1,1
(51,169),1,1
(51,174),1,1
(51,178),1,1
(51,183),1,1
(51,185),1,1
(51,191),1,1
(51,196),1,1
(51,197),1,1
(51,199),1,1
(52,40),1,1
(52,89),1,1
(52,95),1,1
(52,106),1,1
(52,147),1,1
(52,156),1,1
(53,3),1,1
(53,4),1,1
(53,10),1,1
(53,12),1,1
(53,13),1,1
(53,29),1,1
(53,30),1,1
(53,34),1,1
(53,36),1,1
(53,45),1,1
(53,47),1,1
(53,57),1,1
(53,60),1,1
(53,62),1,1
(53,64),1,1
(53,69),1,1
(53,73),1,1
(53,82),1,1
(53,96),1,1
(53,101),1,1
(53,107),1,1
(53,110),1,1
(53,113),1,1
(53,114),1,1
(53,117),1,1
(53,126),1,1
(53,134),1,1
(53,135),1,1
(53,138),1,1
(53,140),1,1
(53,145),1,1
(53,146),1,1
(53,147),1,1
(53,150),1,1
(53,154),1,1
(53,158),1,1
(53,159),1,1
(53,165),1,1
(53,169),1,1
(53,173),1,1
(53,174),1,1
(53,177),1,1
(53,178),1,1
(53,185),1,1
(53,194),1,1
(53,196),1,1
(53,197),1,1
(53,198),1,1
(53,199),1,1
(54,59),1,1
(54,106),1,1
(54,147),1,1
(55,7),1,1
(55,44),1,1
(55,59),1,1
(55,106),1,1
(55,147),1,1
(55,156),1,1
(55,185),1,1
(56,40),1,1
(56,147),1,1
(56,185),1,1
(57,3),1,1
(57,4),1,1
(57,10),1,1
(57,12),1,1
(57,13),1,1
(57,29),1,1
(57,30),1,1
(57,34),1,1
(57,36),1,1
(57,38),1,1
(57,45),1,1
(57,60),1,1
(57,62),1,1
(57,63),1,1
(57,64),1,1
(57,68),1,1
(57,69),1,1
(57,73),1,1
(57,82),1,1
(57,87),1,1
(57,96),1,1
(57,97),1,1
(57,101),1,1
(57,104),1,1
(57,105),1,1
(57,106),1,1
(57,110),1,1
(57,113),1,1
(57,114),1,1
(57,117),1,1
(57,126),1,1
(57,130),1,1
(57,135),1,1
(57,138),1,1
(57,140),1,1
(57,142),1,1
(57,145),1,1
(57,146),1,1
(57,147),1,1
(57,151),1,1
(57,154),1,1
(57,158),1,1
(57,164),1,1
(57,165),1,1
(57,173),1,1
(57,174),1,1
(57,178),1,1
(57,183),1,1
(57,186),1,1
(57,196),1,1
(57,197),1,1
(58,59),1,1
(58,89),1,1
(58,106),1,1
(58,107),1,1
(58,128),1,1
(58,147),1,1
(59,41),1,1
(59,45),1,1
(59,69),1,1
(59,149),1,1
(59,162),1,1
(61,4),1,1
(61,8),1,1
(61,10),1,1
(61,12),1,1
(61,13),1,1
(61,17),1,1
(61,19),1,1
(61,29),1,1
(61,30),1,1
(61,34),1,1
(61,36),1,1
(61,45),1,1
(61,55),1,1
(61,60),1,1
(61,62),1,1
(61,64),1,1
(61,68),1,1
(61,69),1,1
(61,70),1,1
(61,73),1,1
(61,78),1,1
(61,82),1,1
(61,89),1,1
(61,96),1,1
(61,97),1,1
(61,101),1,1
(61,104),1,1
(61,106),1,1
(61,113),1,1
(61,114),1,1
(61,117),1,1
(61,120),1,1
(61,126),1,1
(61,130),1,1
(61,134),1,1
(61,135),1,1
(61,138),1,1
(61,140),1,1
(61,145),1,1
(61,146),1,1
(61,147),1,1
(61,150),1,1
(61,151),1,1
(61,154),1,1
(61,158),1,1
(61,164),1,1
(61,165),1,1
(61,169),1,1
(61,172),1,1
(61,173),1,1
(61,178),1,1
(61,180),1,1
(61,183),1,1
(61,185),1,1
(61,186),1,1
(61,196),1,1
(61,197),1,1
(61,198),1,1
(62,8),1,1
(62,106),1,1
(62,147),1,1
(63,107),1,1
(63,147),1,1
(64,147),1,1
(65,4),1,1
(65,10),1,1
(65,12),1,1
(65,13),1,1
(65,14),1,1
(65,19),1,1
(65,26),1,1
(65,29),1,1
(65,30),1,1
(65,34),1,1
(65,36),1,1
(65,45),1,1
(65,60),1,1
(65,62),1,1
(65,64),1,1
(65,68),1,1
(65,69),1,1
(65,73),1,1
(65,82),1,1
(65,84),1,1
(65,87),1,1
(65,96),1,1
(65,101),1,1
(65,104),1,1
(65,106),1,1
(65,110),1,1
(65,113),1,1
(65,114),1,1
(65,117),1,1
(65,126),1,1
(65,130),1,1
(65,134),1,1
(65,135),1,1
(65,138),1,1
(65,140),1,1
(65,142),1,1
(65,145),1,1
(65,146),1,1
(65,147),1,1
(65,150),1,1
(65,154),1,1
(65,158),1,1
(65,159),1,1
(65,165),1,1
(65,169),1,1
(65,173),1,1
(65,174),1,1
(65,178),1,1
(65,185),1,1
(65,186),1,1
(65,191),1,1
(65,196),1,1
(65,197),1,1
(66,40),1,1
(66,147),1,1
(67,0),1,1
(67,4),1,1
(67,9),1,1
(67,10),1,1
(67,12),1,1
(67,13),1,1
(67,29),1,1
(67,30),1,1
(67,34),1,1
(67,36),1,1
(67,38),1,1
(67,45),1,1
(67,60),1,1
(67,62),1,1
(67,64),1,1
(67,69),1,1
(67,73),1,1
(67,78),1,1
(67,82),1,1
(67,84),1,1
(67,87),1,1
(67,96),1,1
(67,97),1,1
(67,101),1,1
(67,107),1,1
(67,110),1,1
(67,113),1,1
(67,114),1,1
(67,117),1,1
(67,126),1,1
(67,130),1,1
(67,134),1,1
(67,135),1,1
(67,138),1,1
(67,140),1,1
(67,142),1,1
(67,145),1,1
(67,146),1,1
(67,147),1,1
(67,154),1,1
(67,158),1,1
(67,164),1,1
(67,165),1,1
(67,177),1,1
(67,178),1,1
(67,186),1,1
(67,196),1,1
(67,197),1,1
(68,107),1,1
(68,119),1,1
(68,147),1,1
(68,156),1,1
(68,185),1,1
(69,8),1,1
(69,44),1,1
(69,106),1,1
(69,107),1,1
(69,147),1,1
(69,185),1,1
(69,195),1,1
(70,8),1,1
(70,147),1,1
(70,156),1,1
(71,4),1,1
(71,10),1,1
(71,12),1,1
(71,13),1,1
(71,14),1,1
(71,30),1,1
(71,34),1,1
(71,36),1,1
(71,37),1,1
(71,45),1,1
(71,55),1,1
(71,57),1,1
(71,60),1,1
(71,62),1,1
(71,64),1,1
(71,66),1,1
(71,68),1,1
(71,69),1,1
(71,73),1,1
(71,78),1,1
(71,82),1,1
(71,84),1,1
(71,87),1,1
(71,96),1,1
(71,97),1,1
(71,101),1,1
(71,102),1,1
(71,104),1,1
(71,106),1,1
(71,110),1,1
(71,113),1,1
(71,114),1,1
(71,117),1,1
(71,126),1,1
(71,130),1,1
(71,134),1,1
(71,135),1,1
(71,138),1,1
(71,140),1,1
(71,141),1,1
(71,142),1,1
(71,145),1,1
(71,146),1,1
(71,147),1,1
(71,150),1,1
(71,154),1,1
(71,155),1,1
(71,158),1,1
(71,165),1,1
(71,173),1,1
(71,174),1,1
(71,178),1,1
(71,185),1,1
(71,186),1,1
(71,196),1,1
(71,197),1,1
(72,0),1,1
(72,4),1,1
(72,7),1,1
(72,8),1,1
(72,10),1,1
(72,12),1,1
(72,13),1,1
(72,30),1,1
(72,34),1,1
(72,36),1,1
(72,45),1,1
(72,60),1,1
(72,62),1,1
(72,64),1,1
(72,66),1,1
(72,69),1,1
(72,73),1,1
(72,78),1,1
(72,82),1,1
(72,87),1,1
(72,89),1,1
(72,96),1,1
(72,97),1,1
(72,101),1,1
(72,104),1,1
(72,106),1,1
(72,113),1,1
(72,114),1,1
(72,117),1,1
(72,121),1,1
(72,134),1,1
(72,135),1,1
(72,138),1,1
(72,140),1,1
(72,141),1,1
(72,142),1,1
(72,145),1,1
(72,146),1,1
(72,147),1,1
(72,149),1,1
(72,150),1,1
(72,151),1,1
(72,154),1,1
(72,158),1,1
(72,159),1,1
(72,164),1,1
(72,165),1,1
(72,173),1,1
(72,174),1,1
(72,178),1,1
(72,183),1,1
(72,196),1,1
(72,197),1,1
(73,89),1,1
(73,119),1,1
(73,147),1,1
(73,185),1,1
(74,106),1,1
(74,147),1,1
(74,185),1,1
(75,8),1,1
(75,50),1,1
(75,106),1,1
(75,107),1,1
(75,147),1,1
(75,185),1,1
(76,89),1,1
(76,106),1,1
(76,107),1,1
(76,147),1,1
(76,185),1,1
(77,0),1,1
(77,4),1,1
(77,12),1,1
(77,13),1,1
(77,30),1,1
(77,34),1,1
(77,36),1,1
(77,40),1,1
(77,45),1,1
(77,60),1,1
(77,62),1,1
(77,64),1,1
(77,66),1,1
(77,68),1,1
(77,69),1,1
(77,73),1,1
(77,75),1,1
(77,78),1,1
(77,82),1,1
(77,87),1,1
(77,96),1,1
(77,97),1,1
(77,101),1,1
(77,106),1,1
(77,113),1,1
(77,114),1,1
(77,116),1,1
(77,117),1,1
(77,134),1,1
(77,135),1,1
(77,138),1,1
(77,140),1,1
(77,142),1,1
(77,145),1,1
(77,146),1,1
(77,147),1,1
(77,150),1,1
(77,151),1,1
(77,154),1,1
(77,158),1,1
(77,165),1,1
(77,173),1,1
(77,178),1,1
(77,185),1,1
(77,195),1,1
(77,196),1,1
(77,197),1,1
(78,45),1,1
(78,69),1,1
(78,162),1,1
(79,45),1,1
(79,60),1,1
(79,69),1,1
(79,136),1,1
(79,155),1,1
(79,177),1,1
(80,45),1,1
(80,60),1,1
(80,69),1,1
(80,155),1,1
(80,162),1,1
(80,177),1,1
(81,4),1,1
(81,12),1,1
(81,13),1,1
(81,14),1,1
(81,26),1,1
(81,29),1,1
(81,30),1,1
(81,34),1,1
(81,36),1,1
(81,45),1,1
(81,60),1,1
(81,62),1,1
(81,64),1,1
(81,69),1,1
(81,73),1,1
(81,82),1,1
(81,87),1,1
(81,96),1,1
(81,97),1,1
(81,101),1,1
(81,102),1,1
(81,104),1,1
(81,106),1,1
(81,113),1,1
(81,114),1,1
(81,117),1,1
(81,126),1,1
(81,130),1,1
(81,134),1,1
(81,135),1,1
(81,138),1,1
(81,140),1,1
(81,145),1,1
(81,146),1,1
(81,147),1,1
(81,150),1,1
(81,151),1,1
(81,154),1,1
(81,158),1,1
(81,159),1,1
(81,164),1,1
(81,165),1,1
(81,174),1,1
(81,177),1,1
(81,178),1,1
(81,183),1,1
(81,186),1,1
(81,196),1,1
(81,197),1,1
(82,89),1,1
(82,106),1,1
(82,147),1,1
(82,185),1,1
(83,0),1,1
(83,4),1,1
(83,10),1,1
(83,12),1,1
(83,13),1,1
(83,30),1,1
(83,34),1,1
(83,36),1,1
(83,40),1,1
(83,41),1,1
(83,45),1,1
(83,52),1,1
(83,60),1,1
(83,62),1,1
(83,64),1,1
(83,68),1,1
(83,69),1,1
(83,73),1,1
(83,82),1,1
(83,87),1,1
(83,95),1,1
(83,96),1,1
(83,97),1,1
(83,101),1,1
(83,106),1,1
(83,107),1,1
(83,110),1,1
(83,113),1,1
(83,114),1,1
(83,117),1,1
(83,126),1,1
(83,130),1,1
(83,134),1,1
(83,135),1,1
(83,138),1,1
(83,140),1,1
(83,142),1,1
(83,145),1,1
(83,146),1,1
(83,147),1,1
(83,150),1,1
(83,151),1,1
(83,154),1,1
(83,155),1,1
(83,158),1,1
(83,160),1,1
(83,165),1,1
(83,172),1,1
(83,173),1,1
(83,174),1,1
(83,178),1,1
(83,187),1,1
(83,196),1,1
(83,197),1,1
(84,0),1,1
(84,4),1,1
(84,8),1,1
(84,10),1,1
(84,12),1,1
(84,13),1,1
(84,14),1,1
(84,30),1,1
(84,34),1,1
(84,36),1,1
(84,45),1,1
(84,57),1,1
(84,58),1,1
(84,60),1,1
(84,62),1,1
(84,64),1,1
(84,68),1,1
(84,69),1,1
(84,73),1,1
(84,82),1,1
(84,94),1,1
(84,96),1,1
(84,101),1,1
(84,102),1,1
(84,104),1,1
(84,106),1,1
(84,110),1,1
(84,113),1,1
(84,114),1,1
(84,117),1,1
(84,119),1,1
(84,126),1,1
(84,130),1,1
(84,134),1,1
(84,135),1,1
(84,138),1,1
(84,140),1,1
(84,142),1,1
(84,145),1,1
(84,146),1,1
(84,147),1,1
(84,150),1,1
(84,154),1,1
(84,158),1,1
(84,164),1,1
(84,165),1,1
(84,169),1,1
(84,173),1,1
(84,174),1,1
(84,178),1,1
(84,186),1,1
(84,196),1,1
(84,197),1,1
(84,199),1,1
(85,4),1,1
(85,8),1,1
(85,10),1,1
(85,12),1,1
(85,13),1,1
(85,14),1,1
(85,19),1,1
(85,28),1,1
(85,30),1,1
(85,34),1,1
(85,36),1,1
(85,42),1,1
(85,45),1,1
(85,57),1,1
(85,62),1,1
(85,64),1,1
(85,66),1,1
(85,68),1,1
(85,69),1,1
(85,70),1,1
(85,73),1,1
(85,82),1,1
(85,84),1,1
(85,87),1,1
(85,89),1,1
(85,93),1,1
(85,96),1,1
(85,101),1,1
(85,104),1,1
(85,106),1,1
(85,113),1,1
(85,114),1,1
(85,116),1,1
(85,117),1,1
(85,126),1,1
(85,130),1,1
(85,134),1,1
(85,135),1,1
(85,138),1,1
(85,140),1,1
(85,141),1,1
(85,142),1,1
(85,145),1,1
(85,146),1,1
(85,147),1,1
(85,151),1,1
(85,154),1,1
(85,158),1,1
(85,165),1,1
(85,169),1,1
(85,173),1,1
(85,174),1,1
(85,178),1,1
(85,183),1,1
(85,186),1,1
(85,192),1,1
(85,196),1,1
(85,197),1,1
(85,198),1,1
(86,8),1,1
(86,106),1,1
(86,147),1,1
(86,185),1,1
(87,106),1,1
(87,147),1,1
(87,185),1,1
(88,45),1,1
(88,69),1,1
(88,155),1,1
(88,177),1,1
(89,3),1,1
(89,4),1,1
(89,9),1,1
(89,10),1,1
(89,12),1,1
(89,13),1,1
(89,14),1,1
(89,19),1,1
(89,30),1,1
(89,34),1,1
(89,36),1,1
(89,45),1,1
(89,62),1,1
(89,64),1,1
(89,68),1,1
(89,69),1,1
(89,73),1,1
(89,82),1,1
(89,87),1,1
(89,94),1,1
(89,96),1,1
(89,97),1,1
(89,101),1,1
(89,102),1,1
(89,104),1,1
(89,109),1,1
(89,110),1,1
(89,113),1,1
(89,114),1,1
(89,117),1,1
(89,127),1,1
(89,130),1,1
(89,134),1,1
(89,135),1,1
(89,138),1,1
(89,140),1,1
(89,145),1,1
(89,146),1,1
(89,147),1,1
(89,154),1,1
(89,155),1,1
(89,158),1,1
(89,164),1,1
(89,165),1,1
(89,169),1,1
(89,173),1,1
(89,174),1,1
(89,178),1,1
(89,186),1,1
(89,196),1,1
(89,197),1,1
(90,40),1,1
(90,106),1,1
(90,147),1,1
(90,185),1,1
(91,45),1,1
(91,49),1,1
(91,60),1,1
(91,69),1,1
(91,177),1,1
(92,40),1,1
(92,106),1,1
(92,147),1,1
(93,59),1,1
(93,106),1,1
(93,107),1,1
(93,147),1,1
(94,44),1,1
(94,90),1,1
(94,125),1,1
(94,147),1,1
(94,185),1,1
(95,40),1,1
(95,71),1,1
(95,89),1,1
(95,107),1,1
(95,128),1,1
(95,147),1,1
(96,107),1,1
(96,147),1,1
(97,89),1,1
(97,106),1,1
(97,107),1,1
(97,147),1,1
(98,45),1,1
(98,60),1,1
(98,69),1,1
(98,177),1,1
(99,3),1,1
(99,4),1,1
(99,12),1,1
(99,13),1,1
(99,30),1,1
(99,34),1,1
(99,36),1,1
(99,38),1,1
(99,45),1,1
(99,62),1,1
(99,64),1,1
(99,68),1,1
(99,69),1,1
(99,73),1,1
(99,78),1,1
(99,82),1,1
(99,87),1,1
(99,94),1,1
(99,96),1,1
(99,97),1,1
(99,101),1,1
(99,104),1,1
(99,106),1,1
(99,107),1,1
(99,108),1,1
(99,110),1,1
(99,113),1,1
(99,114),1,1
(99,117),1,1
(99,118),1,1
(99,120),1,1
(99,126),1,1
(99,127),1,1
(99,130),1,1
(99,132),1,1
(99,134),1,1
(99,135),1,1
(99,138),1,1
(99,140),1,1
(99,142),1,1
(99,145),1,1
(99,146),1,1
(99,147),1,1
(99,150),1,1
(99,154),1,1
(99,158),1,1
(99,159),1,1
(99,165),1,1
(99,174),1,1
(99,177),1,1
(99,178),1,1
(99,183),1,1
(99,185),1,1
(99,193),1,1
(99,196),1,1
(99,197),1,1
(99,198),1,1
(100,89),1,1
(100,106),1,1
(100,147),1,1
(100,185),1,1
(101,45),1,1
(101,60),1,1
(101,69),1,1
(101,149),1,1
(102,8),1,1
(102,106),1,1
(102,107),1,1
(102,147),1,1
(103,40),1,1
(103,106),1,1
(103,147),1,1
(103,185),1,1
(104,90),1,1
(104,107),1,1
(104,147),1,1
(105,45),1,1
(105,60),1,1
(105,69),1,1
(105,155),1,1
(105,162),1,1
(105,191),1,1
(106,45),1,1
(106,60),1,1
(106,69),1,1
(106,187),1,1
(106,191),1,1
(107,40),1,1
(107,44),1,1
(107,90),1,1
(107,106),1,1
(107,128),1,1
(107,147),1,1
(108,45),1,1
(108,60),1,1
(108,69),1,1
(108,155),1,1
(109,0),1,1
(109,4),1,1
(109,10),1,1
(109,12),1,1
(109,13),1,1
(109,26),1,1
(109,30),1,1
(109,34),1,1
(109,36),1,1
(109,40),1,1
(109,45),1,1
(109,62),1,1
(109,64),1,1
(109,68),1,1
(109,69),1,1
(109,73),1,1
(109,80),1,1
(109,82),1,1
(109,89),1,1
(109,96),1,1
(109,101),1,1
(109,104),1,1
(109,106),1,1
(109,107),1,1
(109,110),1,1
(109,113),1,1
(109,114),1,1
(109,117),1,1
(109,120),1,1
(109,126),1,1
(109,134),1,1
(109,135),1,1
(109,138),1,1
(109,140),1,1
(109,145),1,1
(109,146),1,1
(109,147),1,1
(109,150),1,1
(109,151),1,1
(109,154),1,1
(109,158),1,1
(109,162),1,1
(109,164),1,1
(109,165),1,1
(109,173),1,1
(109,174),1,1
(109,178),1,1
(109,185),1,1
(109,186),1,1
(109,191),1,1
(109,192),1,1
(109,196),1,1
(109,197),1,1
(110,8),1,1
(110,40),1,1
(110,44),1,1
(110,89),1,1
(110,106),1,1
(110,107),1,1
(110,147),1,1
(111,147),1,1
(111,185),1,1
(112,4),1,1
(112,12),1,1
(112,13),1,1
(112,19),1,1
(112,30),1,1
(112,34),1,1
(112,36),1,1
(112,45),1,1
(112,48),1,1
(112,52),1,1
(112,60),1,1
(112,62),1,1
(112,64),1,1
(112,66),1,1
(112,69),1,1
(112,73),1,1
(112,82),1,1
(112,87),1,1
(112,96),1,1
(112,97),1,1
(112,101),1,1
(112,104),1,1
(112,107),1,1
(112,110),1,1
(112,113),1,1
(112,114),1,1
(112,117),1,1
(112,119),1,1
(112,125),1,1
(112,126),1,1
(112,130),1,1
(112,135),1,1
(112,138),1,1
(112,140),1,1
(112,141),1,1
(112,142),1,1
(112,145),1,1
(112,146),1,1
(112,147),1,1
(112,150),1,1
(112,151),1,1
(112,154),1,1
(112,156),1,1
(112,158),1,1
(112,164),1,1
(112,165),1,1
(112,173),1,1
(112,178),1,1
(112,186),1,1
(112,196),1,1
(112,197),1,1
(112,198),1,1
(113,40),1,1
(113,89),1,1
(113,107),1,1
(113,147),1,1
(114,106),1,1
(114,107),1,1
(114,147),1,1
(115,0),1,1
(115,4),1,1
(115,10),1,1
(115,12),1,1
(115,13),1,1
(115,26),1,1
(115,28),1,1
(115,29),1,1
(115,30),1,1
(115,34),1,1
(115,36),1,1
(115,45),1,1
(115,60),1,1
(115,62),1,1
(115,64),1,1
(115,69),1,1
(115,73),1,1
(115,82),1,1
(115,84),1,1
(115,87),1,1
(115,89),1,1
(115,96),1,1
(115,97),1,1
(115,101),1,1
(115,102),1,1
(115,104),1,1
(115,106),1,1
(115,113),1,1
(115,114),1,1
(115,117),1,1
(115,118),1,1
(115,120),1,1
(115,126),1,1
(115,134),1,1
(115,135),1,1
(115,138),1,1
(115,140),1,1
(115,145),1,1
(115,146),1,1
(115,147),1,1
(115,154),1,1
(115,155),1,1
(115,158),1,1
(115,164),1,1
(115,165),1,1
(115,169),1,1
(115,173),1,1
(115,174),1,1
(115,178),1,1
(115,183),1,1
(115,186),1,1
(115,193),1,1
(115,196),1,1
(115,197),1,1
(116,40),1,1
(116,90),1,1
(116,147),1,1
(116,156),1,1
(118,40),1,1
(118,89),1,1
(118,106),1,1
(118,147),1,1
(118,156),1,1
(119,40),1,1
(119,107),1,1
(119,147),1,1
(120,40),1,1
(120,89),1,1
(120,106),1,1
(120,147),1,1
(121,0),1,1
(121,4),1,1
(121,11),1,1
(121,12),1,1
(121,13),1,1
(121,19),1,1
(121,29),1,1
(121,30),1,1
(121,34),1,1
(121,36),1,1
(121,40),1,1
(121,45),1,1
(121,57),1,1
(121,62),1,1
(121,64),1,1
(121,68),1,1
(121,69),1,1
(121,73),1,1
(121,82),1,1
(121,84),1,1
(121,87),1,1
(121,89),1,1
(121,94),1,1
(121,96),1,1
(121,97),1,1
(121,101),1,1
(121,109),1,1
(121,110),1,1
(121,113),1,1
(121,114),1,1
(121,117),1,1
(121,126),1,1
(121,130),1,1
(121,134),1,1
(121,135),1,1
(121,138),1,1
(121,140),1,1
(121,141),1,1
(121,143),1,1
(121,145),1,1
(121,146),1,1
(121,147),1,1
(121,150),1,1
(121,151),1,1
(121,154),1,1
(121,158),1,1
(121,164),1,1
(121,165),1,1
(121,173),1,1
(121,174),1,1
(121,177),1,1
(121,178),1,1
(121,185),1,1
(121,186),1,1
(121,193),1,1
(121,196),1,1
(121,197),1,1
(121,199),1,1
(122,0),1,1
(122,4),1,1
(122,10),1,1
(122,12),1,1
(122,13),1,1
(122,14),1,1
(122,30),1,1
(122,33),1,1
(122,34),1,1
(122,36),1,1
(122,38),1,1
(122,44),1,1
(122,45),1,1
(122,60),1,1
(122,62),1,1
(122,64),1,1
(122,69),1,1
(122,73),1,1
(122,82),1,1
(122,87),1,1
(122,96),1,1
(122,97),1,1
(122,101),1,1
(122,104),1,1
(122,106),1,1
(122,110),1,1
(122,113),1,1
(122,114),1,1
(122,117),1,1
(122,130),1,1
(122,133),1,1
(122,134),1,1
(122,135),1,1
(122,138),1,1
(122,140),1,1
(122,145),1,1
(122,146),1,1
(122,147),1,1
(122,151),1,1
(122,154),1,1
(122,158),1,1
(122,164),1,1
(122,165),1,1
(122,173),1,1
(122,174),1,1
(122,178),1,1
(122,186),1,1
(122,191),1,1
(122,196),1,1
(122,197),1,1
(123,0),1,1
(123,4),1,1
(123,12),1,1
(123,13),1,1
(123,14),1,1
(123,19),1,1
(123,29),1,1
(123,30),1,1
(123,34),1,1
(123,36),1,1
(123,40),1,1
(123,45),1,1
(123,58),1,1
(123,60),1,1
(123,62),1,1
(123,64),1,1
(123,69),1,1
(123,73),1,1
(123,78),1,1
(123,82),1,1
(123,84),1,1
(123,87),1,1
(123,96),1,1
(123,97),1,1
(123,101),1,1
(123,104),1,1
(123,108),1,1
(123,110),1,1
(123,113),1,1
(123,114),1,1
(123,117),1,1
(123,126),1,1
(123,130),1,1
(123,135),1,1
(123,138),1,1
(123,140),1,1
(123,142),1,1
(123,145),1,1
(123,146),1,1
(123,147),1,1
(123,150),1,1
(123,151),1,1
(123,154),1,1
(123,158),1,1
(123,165),1,1
(123,172),1,1
(123,173),1,1
(123,174),1,1
(123,178),1,1
(123,183),1,1
(123,186),1,1
(123,196),1,1
(123,197),1,1
(124,0),1,1
(124,3),1,1
(124,4),1,1
(124,10),1,1
(124,12),1,1
(124,13),1,1
(124,14),1,1
(124,22),1,1
(124,26),1,1
(124,30),1,1
(124,34),1,1
(124,36),1,1
(124,40),1,1
(124,45),1,1
(124,62),1,1
(124,64),1,1
(124,68),1,1
(124,69),1,1
(124,73),1,1
(124,78),1,1
(124,82),1,1
(124,84),1,1
(124,87),1,1
(124,89),1,1
(124,96),1,1
(124,97),1,1
(124,101),1,1
(124,102),1,1
(124,104),1,1
(124,106),1,1
(124,113),1,1
(124,114),1,1
(124,117),1,1
(124,126),1,1
(124,130),1,1
(124,134),1,1
(124,135),1,1
(124,138),1,1
(124,140),1,1
(124,142),1,1
(124,145),1,1
(124,146),1,1
(124,147),1,1
(124,150),1,1
(124,151),1,1
(124,154),1,1
(124,155),1,1
(124,158),1,1
(124,159),1,1
(124,164),1,1
(124,165),1,1
(124,173),1,1
(124,174),1,1
(124,177),1,1
(124,178),1,1
(124,186),1,1
(124,196),1,1
(124,197),1,1
(124,198),1,1
(124,199),1,1
(125,8),1,1
(125,106),1,1
(125,107),1,1
(125,147),1,1
(125,180),1,1
(126,45),1,1
(126,60),1,1
(126,69),1,1
(126,155),1,1
(127,4),1,1
(127,10),1,1
(127,12),1,1
(127,13),1,1
(127,14),1,1
(127,19),1,1
(127,26),1,1
(127,30),1,1
(127,34),1,1
(127,36),1,1
(127,37),1,1
(127,45),1,1
(127,59),1,1
(127,60),1,1
(127,62),1,1
(127,64),1,1
(127,69),1,1
(127,73),1,1
(127,82),1,1
(127,84),1,1
(127,96),1,1
(127,97),1,1
(127,101),1,1
(127,104),1,1
(127,110),1,1
(127,113),1,1
(127,114),1,1
(127,117),1,1
(127,126),1,1
(127,134),1,1
(127,135),1,1
(127,138),1,1
(127,140),1,1
(127,142),1,1
(127,145),1,1
(127,146),1,1
(127,147),1,1
(127,149),1,1
(127,150),1,1
(127,151),1,1
(127,154),1,1
(127,158),1,1
(127,162),1,1
(127,164),1,1
(127,165),1,1
(127,169),1,1
(127,173),1,1
(127,174),1,1
(127,177),1,1
(127,178),1,1
(127,185),1,1
(127,186),1,1
(127,196),1,1
(127,197),1,1
(128,0),1,1
(128,4),1,1
(128,10),1,1
(128,12),1,1
(128,13),1,1
(128,30),1,1
(128,34),1,1
(128,36),1,1
(128,41),1,1
(128,45),1,1
(128,50),1,1
(128,57),1,1
(128,62),1,1
(128,64),1,1
(128,68),1,1
(128,69),1,1
(128,73),1,1
(128,82),1,1
(128,87),1,1
(128,90),1,1
(128,94),1,1
(128,96),1,1
(128,97),1,1
(128,101),1,1
(128,104),1,1
(128,106),1,1
(128,107),1,1
(128,113),1,1
(128,114),1,1
(128,117),1,1
(128,126),1,1
(128,130),1,1
(128,134),1,1
(128,135),1,1
(128,138),1,1
(128,140),1,1
(128,142),1,1
(128,145),1,1
(128,146),1,1
(128,147),1,1
(128,154),1,1
(128,158),1,1
(128,159),1,1
(128,165),1,1
(128,173),1,1
(128,178),1,1
(128,183),1,1
(128,191),1,1
(128,196),1,1
(128,197),1,1
(129,3),1,1
(129,4),1,1
(129,10),1,1
(129,12),1,1
(129,13),1,1
(129,19),1,1
(129,26),1,1
(129,30),1,1
(129,34),1,1
(129,36),1,1
(129,41),1,1
(129,45),1,1
(129,52),1,1
(129,56),1,1
(129,57),1,1
(129,60),1,1
(129,62),1,1
(129,64),1,1
(129,68),1,1
(129,69),1,1
(129,73),1,1
(129,82),1,1
(129,84),1,1
(129,87),1,1
(129,96),1,1
(129,101),1,1
(129,104),1,1
(129,106),1,1
(129,110),1,1
(129,113),1,1
(129,114),1,1
(129,116),1,1
(129,117),1,1
(129,126),1,1
(129,130),1,1
(129,134),1,1
(129,135),1,1
(129,138),1,1
(129,140),1,1
(129,145),1,1
(129,146),1,1
(129,147),1,1
(129,149),1,1
(129,154),1,1
(129,158),1,1
(129,164),1,1
(129,165),1,1
(129,173),1,1
(129,174),1,1
(129,178),1,1
(129,181),1,1
(129,185),1,1
(129,186),1,1
(129,196),1,1
(129,197),1,1
(129,199),1,1
(130,40),1,1
(130,90),1,1
(130,106),1,1
(130,107),1,1
(130,147),1,1
(130,185),1,1
(131,8),1,1
(131,44),1,1
(131,106),1,1
(131,147),1,1
(132,3),1,1
(132,4),1,1
(132,10),1,1
(132,12),1,1
(132,13),1,1
(132,26),1,1
(132,29),1,1
(132,30),1,1
(132,34),1,1
(132,36),1,1
(132,45),1,1
(132,47),1,1
(132,60),1,1
(132,62),1,1
(132,64),1,1
(132,68),1,1
(132,69),1,1
(132,73),1,1
(132,78),1,1
(132,82),1,1
(132,87),1,1
(132,96),1,1
(132,101),1,1
(132,104),1,1
(132,105),1,1
(132,106),1,1
(132,108),1,1
(132,110),1,1
(132,113),1,1
(132,114),1,1
(132,117),1,1
(132,126),1,1
(132,130),1,1
(132,134),1,1
(132,135),1,1
(132,138),1,1
(132,140),1,1
(132,142),1,1
(132,145),1,1
(132,146),1,1
(132,147),1,1
(132,150),1,1
(132,154),1,1
(132,158),1,1
(132,159),1,1
(132,160),1,1
(132,165),1,1
(132,173),1,1
(132,178),1,1
(132,180),1,1
(132,185),1,1
(132,196),1,1
(132,197),1,1
(133,89),1,1
(133,106),1,1
(133,147),1,1
(133,185),1,1
(134,33),1,1
(134,95),1,1
(134,106),1,1
(134,147),1,1
(134,156),1,1
(135,44),1,1
(135,106),1,1
(135,147),1,1
(136,45),1,1
(136,60),1,1
(136,69),1,1
(136,155),1,1
(137,45),1,1
(137,60),1,1
(137,69),1,1
(137,155),1,1
(137,162),1,1
(137,177),1,1
(138,89),1,1
(138,107),1,1
(138,147),1,1
(138,185),1,1
(139,106),1,1
(139,147),1,1
(140,8),1,1
(140,59),1,1
(140,106),1,1
(140,147),1,1
(140,185),1,1
(141,89),1,1
(141,107),1,1
(141,147),1,1
(141,172),1,1
(141,185),1,1
(142,89),1,1
(142,128),1,1
(142,147),1,1
(142,172),1,1
(142,185),1,1
(143,4),1,1
(143,10),1,1
(143,12),1,1
(143,13),1,1
(143,19),1,1
(143,29),1,1
(143,30),1,1
(143,34),1,1
(143,36),1,1
(143,45),1,1
(143,62),1,1
(143,64),1,1
(143,68),1,1
(143,69),1,1
(143,73),1,1
(143,82),1,1
(143,87),1,1
(143,94),1,1
(143,96),1,1
(143,97),1,1
(143,98),1,1
(143,101),1,1
(143,104),1,1
(143,106),1,1
(143,107),1,1
(143,110),1,1
(143,113),1,1
(143,114),1,1
(143,117),1,1
(143,126),1,1
(143,130),1,1
(143,134),1,1
(143,135),1,1
(143,138),1,1
(143,140),1,1
(143,142),1,1
(143,145),1,1
(143,146),1,1
(143,147),1,1
(143,150),1,1
(143,154),1,1
(143,158),1,1
(143,162),1,1
(143,165),1,1
(143,167),1,1
(143,173),1,1
(143,174),1,1
(143,178),1,1
(143,186),1,1
(143,196),1,1
(143,197),1,1
(144,0),1,1
(144,4),1,1
(144,10),1,1
(144,12),1,1
(144,13),1,1
(144,26),1,1
(144,30),1,1
(144,34),1,1
(144,36),1,1
(144,40),1,1
(144,45),1,1
(144,52),1,1
(144,60),1,1
(144,62),1,1
(144,64),1,1
(144,66),1,1
(144,69),1,1
(144,73),1,1
(144,78),1,1
(144,82),1,1
(144,84),1,1
(144,94),1,1
(144,96),1,1
(144,97),1,1
(144,101),1,1
(144,104),1,1
(144,106),1,1
(144,107),1,1
(144,110),1,1
(144,113),1,1
(144,114),1,1
(144,117),1,1
(144,118),1,1
(144,120),1,1
(144,126),1,1
(144,130),1,1
(144,134),1,1
(144,135),1,1
(144,138),1,1
(144,140),1,1
(144,142),1,1
(144,145),1,1
(144,146),1,1
(144,147),1,1
(144,150),1,1
(144,151),1,1
(144,154),1,1
(144,158),1,1
(144,159),1,1
(144,164),1,1
(144,165),1,1
(144,168),1,1
(144,169),1,1
(144,173),1,1
(144,174),1,1
(144,178),1,1
(144,180),1,1
(144,196),1,1
(144,197),1,1
(144,198),1,1
(145,8),1,1
(145,40),1,1
(145,89),1,1
(145,106),1,1
(145,107),1,1
(145,128),1,1
(145,147),1,1
(145,185),1,1
(146,8),1,1
(146,89),1,1
(146,147),1,1
(146,185),1,1
(147,45),1,1
(147,60),1,1
(147,69),1,1
(147,155),1,1
(147,162),1,1
(147,191),1,1
(148,106),1,1
(148,147),1,1
(148,185),1,1
(149,0),1,1
(149,3),1,1
(149,4),1,1
(149,10),1,1
(149,12),1,1
(149,13),1,1
(149,14),1,1
(149,30),1,1
(149,34),1,1
(149,36),1,1
(149,40),1,1
(149,45),1,1
(149,60),1,1
(149,62),1,1
(149,64),1,1
(149,69),1,1
(149,73),1,1
(149,78),1,1
(149,82),1,1
(149,87),1,1
(149,89),1,1
(149,94),1,1
(149,96),1,1
(149,101),1,1
(149,102),1,1
(149,104),1,1
(149,107),1,1
(149,110),1,1
(149,113),1,1
(149,114),1,1
(149,117),1,1
(149,126),1,1
(149,130),1,1
(149,134),1,1
(149,135),1,1
(149,138),1,1
(149,140),1,1
(149,142),1,1
(149,145),1,1
(149,146),1,1
(149,147),1,1
(149,150),1,1
(149,154),1,1
(149,158),1,1
(149,164),1,1
(149,165),1,1
(149,173),1,1
(149,177),1,1
(149,178),1,1
(149,185),1,1
(149,186),1,1
(149,193),1,1
(149,196),1,1
(149,197),1,1
(150,106),1,1
(150,147),1,1
(150,180),1,1
(150,185),1,1
(151,4),1,1
(151,10),1,1
(151,12),1,1
(151,13),1,1
(151,14),1,1
(151,29),1,1
(151,30),1,1
(151,34),1,1
(151,36),1,1
(151,45),1,1
(151,60),1,1
(151,62),1,1
(151,64),1,1
(151,69),1,1
(151,73),1,1
(151,82),1,1
(151,87),1,1
(151,94),1,1
(151,96),1,1
(151,97),1,1
(151,101),1,1
(151,104),1,1
(151,107),1,1
(151,110),1,1
(151,113),1,1
(151,114),1,1
(151,117),1,1
(151,126),1,1
(151,130),1,1
(151,134),1,1
(151,135),1,1
(151,138),1,1
(151,140),1,1
(151,142),1,1
(151,145),1,1
(151,146),1,1
(151,147),1,1
(151,150),1,1
(151,154),1,1
(151,158),1,1
(151,165),1,1
(151,172),1,1
(151,173),1,1
(151,174),1,1
(151,177),1,1
(151,178),1,1
(151,185),1,1
(151,186),1,1
(151,196),1,1
(151,197),1,1
(151,198),1,1
(152,4),1,1
(152,8),1,1
(152,10),1,1
(152,12),1,1
(152,13),1,1
(152,19),1,1
(152,26),1,1
(152,29),1,1
(152,30),1,1
(152,34),1,1
(152,36),1,1
(152,38),1,1
(152,45),1,1
(152,60),1,1
(152,62),1,1
(152,64),1,1
(152,68),1,1
(152,69),1,1
(152,73),1,1
(152,82),1,1
(152,96),1,1
(152,97),1,1
(152,101),1,1
(152,104),1,1
(152,110),1,1
(152,113),1,1
(152,114),1,1
(152,116),1,1
(152,117),1,1
(152,126),1,1
(152,133),1,1
(152,134),1,1
(152,135),1,1
(152,138),1,1
(152,140),1,1
(152,142),1,1
(152,145),1,1
(152,146),1,1
(152,147),1,1
(152,151),1,1
(152,154),1,1
(152,155),1,1
(152,158),1,1
(152,165),1,1
(152,167),1,1
(152,173),1,1
(152,174),1,1
(152,178),1,1
(152,185),1,1
(152,186),1,1
(152,196),1,1
(152,197),1,1
(152,199),1,1
(153,40),1,1
(153,107),1,1
(153,147),1,1
(153,185),1,1
(155,4),1,1
(155,7),1,1
(155,10),1,1
(155,12),1,1
(155,13),1,1
(155,14),1,1
(155,26),1,1
(155,29),1,1
(155,30),1,1
(155,34),1,1
(155,36),1,1
(155,40),1,1
(155,45),1,1
(155,60),1,1
(155,62),1,1
(155,64),1,1
(155,68),1,1
(155,69),1,1
(155,73),1,1
(155,82),1,1
(155,87),1,1
(155,89),1,1
(155,95),1,1
(155,96),1,1
(155,101),1,1
(155,104),1,1
(155,106),1,1
(155,110),1,1
(155,113),1,1
(155,114),1,1
(155,116),1,1
(155,117),1,1
(155,126),1,1
(155,130),1,1
(155,134),1,1
(155,135),1,1
(155,138),1,1
(155,140),1,1
(155,142),1,1
(155,145),1,1
(155,146),1,1
(155,147),1,1
(155,154),1,1
(155,158),1,1
(155,165),1,1
(155,173),1,1
(155,178),1,1
(155,185),1,1
(155,186),1,1
(155,196),1,1
(155,197),1,1
(156,40),1,1
(156,89),1,1
(156,106),1,1
(156,107),1,1
(156,119),1,1
(156,147),1,1
(156,180),1,1
(156,185),1,1
(157,4),1,1
(157,10),1,1
(157,12),1,1
(157,13),1,1
(157,19),1,1
(157,30),1,1
(157,34),1,1
(157,36),1,1
(157,45),1,1
(157,58),1,1
(157,59),1,1
(157,60),1,1
(157,62),1,1
(157,64),1,1
(157,66),1,1
(157,68),1,1
(157,69),1,1
(157,73),1,1
(157,82),1,1
(157,87),1,1
(157,94),1,1
(157,96),1,1
(157,97),1,1
(157,101),1,1
(157,104),1,1
(157,106),1,1
(157,107),1,1
(157,110),1,1
(157,113),1,1
(157,114),1,1
(157,117),1,1
(157,126),1,1
(157,130),1,1
(157,134),1,1
(157,135),1,1
(157,138),1,1
(157,140),1,1
(157,145),1,1
(157,146),1,1
(157,147),1,1
(157,154),1,1
(157,158),1,1
(157,159),1,1
(157,164),1,1
(157,165),1,1
(157,169),1,1
(157,178),1,1
(157,185),1,1
(157,186),1,1
(157,191),1,1
(157,196),1,1
(157,197),1,1
(157,198),1,1
(158,40),1,1
(158,89),1,1
(158,106),1,1
(158,107),1,1
(158,147),1,1
(158,185),1,1
(159,106),1,1
(159,147),1,1
(159,185),1,1
(160,3),1,1
(160,4),1,1
(160,12),1,1
(160,13),1,1
(160,14),1,1
(160,19),1,1
(160,30),1,1
(160,34),1,1
(160,36),1,1
(160,40),1,1
(160,45),1,1
(160,48),1,1
(160,60),1,1
(160,62),1,1
(160,64),1,1
(160,69),1,1
(160,73),1,1
(160,82),1,1
(160,84),1,1
(160,87),1,1
(160,89),1,1
(160,93),1,1
(160,96),1,1
(160,101),1,1
(160,102),1,1
(160,110),1,1
(160,113),1,1
(160,114),1,1
(160,117),1,1
(160,118),1,1
(160,120),1,1
(160,130),1,1
(160,134),1,1
(160,135),1,1
(160,138),1,1
(160,140),1,1
(160,141),1,1
(160,142),1,1
(160,145),1,1
(160,146),1,1
(160,147),1,1
(160,154),1,1
(160,155),1,1
(160,158),1,1
(160,162),1,1
(160,164),1,1
(160,165),1,1
(160,173),1,1
(160,178),1,1
(160,186),1,1
(160,196),1,1
(160,197),1,1
(161,3),1,1
(161,4),1,1
(161,10),1,1
(161,12),1,1
(161,13),1,1
(161,14),1,1
(161,30),1,1
(161,34),1,1
(161,36),1,1
(161,40),1,1
(161,45),1,1
(161,62),1,1
(161,64),1,1
(161,68),1,1
(161,69),1,1
(161,73),1,1
(161,82),1,1
(161,87),1,1
(161,89),1,1
(161,94),1,1
(161,96),1,1
(161,101),1,1
(161,104),1,1
(161,106),1,1
(161,110),1,1
(161,113),1,1
(161,114),1,1
(161,117),1,1
(161,130),1,1
(161,134),1,1
(161,135),1,1
(161,138),1,1
(161,140),1,1
(161,145),1,1
(161,146),1,1
(161,147),1,1
(161,150),1,1
(161,151),1,1
(161,154),1,1
(161,155),1,1
(161,158),1,1
(161,162),1,1
(161,165),1,1
(161,173),1,1
(161,174),1,1
(161,178),1,1
(161,185),1,1
(161,186),1,1
(161,191),1,1
(161,196),1,1
(161,197),1,1
(162,106),1,1
(162,147),1,1
(163,4),1,1
(163,10),1,1
(163,12),1,1
(163,13),1,1
(163,19),1,1
(163,30),1,1
(163,34),1,1
(163,36),1,1
(163,45),1,1
(163,60),1,1
(163,62),1,1
(163,64),1,1
(163,68),1,1
(163,69),1,1
(163,73),1,1
(163,78),1,1
(163,82),1,1
(163,87),1,1
(163,96),1,1
(163,97),1,1
(163,101),1,1
(163,104),1,1
(163,110),1,1
(163,113),1,1
(163,114),1,1
(163,117),1,1
(163,126),1,1
(163,130),1,1
(163,134),1,1
(163,135),1,1
(163,138),1,1
(163,140),1,1
(163,142),1,1
(163,145),1,1
(163,146),1,1
(163,147),1,1
(163,150),1,1
(163,154),1,1
(163,158),1,1
(163,164),1,1
(163,165),1,1
(163,173),1,1
(163,178),1,1
(163,186),1,1
(163,196),1,1
(163,197),1,1
(163,199),1,1
(164,8),1,1
(164,55),1,1
(164,147),1,1
(165,45),1,1
(165,60),1,1
(165,69),1,1
(165,162),1,1
(165,177),1,1
(166,0),1,1
(166,4),1,1
(166,8),1,1
(166,12),1,1
(166,13),1,1
(166,19),1,1
(166,30),1,1
(166,34),1,1
(166,36),1,1
(166,37),1,1
(166,45),1,1
(166,60),1,1
(166,62),1,1
(166,64),1,1
(166,66),1,1
(166,69),1,1
(166,73),1,1
(166,82),1,1
(166,84),1,1
(166,87),1,1
(166,89),1,1
(166,94),1,1
(166,96),1,1
(166,97),1,1
(166,98),1,1
(166,101),1,1
(166,102),1,1
(166,104),1,1
(166,106),1,1
(166,110),1,1
(166,113),1,1
(166,114),1,1
(166,117),1,1
(166,118),1,1
(166,126),1,1
(166,130),1,1
(166,134),1,1
(166,135),1,1
(166,138),1,1
(166,140),1,1
(166,142),1,1
(166,145),1,1
(166,146),1,1
(166,147),1,1
(166,150),1,1
(166,154),1,1
(166,158),1,1
(166,160),1,1
(166,162),1,1
(166,164),1,1
(166,165),1,1
(166,173),1,1
(166,174),1,1
(166,178),1,1
(166,185),1,1
(166,196),1,1
(166,197),1,1
(167,8),1,1
(167,44),1,1
(167,89),1,1
(167,106),1,1
(167,147),1,1
(168,147),1,1
(168,172),1,1
(169,45),1,1
(169,60),1,1
(169,69),1,1
(169,149),1,1
(170,89),1,1
(170,107),1,1
(170,147),1,1
(171,33),1,1
(171,89),1,1
(171,106),1,1
(171,107),1,1
(171,147),1,1
(172,89),1,1
(172,90),1,1
(172,147),1,1
(173,7),1,1
(173,95),1,1
(173,106),1,1
(173,147),1,1
(174,106),1,1
(174,147),1,1
(175,106),1,1
(175,147),1,1
(176,59),1,1
(176,106),1,1
(176,147),1,1
(177,45),1,1
(177,60),1,1
(177,69),1,1
(177,155),1,1
(177,162),1,1
(178,44),1,1
(178,107),1,1
(178,119),1,1
(178,147),1,1
(178,172),1,1
(179,89),1,1
(179,147),1,1
(180,4),1,1
(180,10),1,1
(180,12),1,1
(180,13),1,1
(180,14),1,1
(180,29),1,1
(180,30),1,1
(180,34),1,1
(180,36),1,1
(180,45),1,1
(180,62),1,1
(180,64),1,1
(180,68),1,1
(180,69),1,1
(180,73),1,1
(180,78),1,1
(180,82),1,1
(180,87),1,1
(180,96),1,1
(180,97),1,1
(180,101),1,1
(180,106),1,1
(180,108),1,1
(180,110),1,1
(180,113),1,1
(180,114),1,1
(180,117),1,1
(180,126),1,1
(180,134),1,1
(180,135),1,1
(180,138),1,1
(180,140),1,1
(180,145),1,1
(180,146),1,1
(180,147),1,1
(180,150),1,1
(180,154),1,1
(180,158),1,1
(180,162),1,1
(180,165),1,1
(180,173),1,1
(180,174),1,1
(180,177),1,1
(180,178),1,1
(180,183),1,1
(180,185),1,1
(180,186),1,1
(180,196),1,1
(180,197),1,1
(181,89),1,1
(181,106),1,1
(181,147),1,1
(181,185),1,1
(182,4),1,1
(182,10),1,1
(182,12),1,1
(182,13),1,1
(182,14),1,1
(182,28),1,1
(182,30),1,1
(182,34),1,1
(182,36),1,1
(182,45),1,1
(182,55),1,1
(182,60),1,1
(182,62),1,1
(182,64),1,1
(182,68),1,1
(182,69),1,1
(182,73),1,1
(182,82),1,1
(182,89),1,1
(182,94),1,1
(182,96),1,1
(182,101),1,1
(182,104),1,1
(182,106),1,1
(182,113),1,1
(182,114),1,1
(182,117),1,1
(182,126),1,1
(182,128),1,1
(182,130),1,1
(182,134),1,1
(182,135),1,1
(182,138),1,1
(182,140),1,1
(182,142),1,1
(182,145),1,1
(182,146),1,1
(182,147),1,1
(182,154),1,1
(182,158),1,1
(182,159),1,1
(182,162),1,1
(182,164),1,1
(182,165),1,1
(182,174),1,1
(182,178),1,1
(182,183),1,1
(182,186),1,1
(182,192),1,1
(182,196),1,1
(182,197),1,1
(183,4),1,1
(183,10),1,1
(183,11),1,1
(183,12),1,1
(183,13),1,1
(183,14),1,1
(183,19),1,1
(183,28),1,1
(183,30),1,1
(183,34),1,1
(183,36),1,1
(183,40),1,1
(183,45),1,1
(183,48),1,1
(183,60),1,1
(183,62),1,1
(183,64),1,1
(183,69),1,1
(183,73),1,1
(183,78),1,1
(183,82),1,1
(183,87),1,1
(183,89),1,1
(183,96),1,1
(183,97),1,1
(183,101),1,1
(183,102),1,1
(183,104),1,1
(183,106),1,1
(183,107),1,1
(183,113),1,1
(183,114),1,1
(183,117),1,1
(183,121),1,1
(183,126),1,1
(183,134),1,1
(183,135),1,1
(183,138),1,1
(183,140),1,1
(183,142),1,1
(183,145),1,1
(183,146),1,1
(183,147),1,1
(183,150),1,1
(183,154),1,1
(183,158),1,1
(183,164),1,1
(183,165),1,1
(183,172),1,1
(183,174),1,1
(183,177),1,1
(183,178),1,1
(183,186),1,1
(183,196),1,1
(183,197),1,1
(184,40),1,1
(184,106),1,1
(184,107),1,1
(184,147),1,1
(185,45),1,1
(185,69),1,1
(185,155),1,1
(185,162),1,1
(185,177),1,1
(186,45),1,1
(186,69),1,1
(187,45),1,1
(187,60),1,1
(187,69),1,1
(188,8),1,1
(188,40),1,1
(188,106),1,1
(188,147),1,1
(189,40),1,1
(189,106),1,1
(189,147),1,1
(189,185),1,1
(190,40),1,1
(190,106),1,1
(190,128),1,1
(190,147),1,1
(191,41),1,1
(191,45),1,1
(191,69),1,1
(191,177),1,1
(192,65),1,1
(192,106),1,1
(192,147),1,1
(192,168),1,1
(193,41),1,1
(193,45),1,1
(193,69),1,1
(194,0),1,1
(194,3),1,1
(194,4),1,1
(194,10),1,1
(194,12),1,1
(194,13),1,1
(194,26),1,1
(194,28),1,1
(194,30),1,1
(194,34),1,1
(194,36),1,1
(194,40),1,1
(194,45),1,1
(194,62),1,1
(194,64),1,1
(194,68),1,1
(194,69),1,1
(194,73),1,1
(194,78),1,1
(194,82),1,1
(194,87),1,1
(194,89),1,1
(194,96),1,1
(194,97),1,1
(194,101),1,1
(194,104),1,1
(194,106),1,1
(194,107),1,1
(194,110),1,1
(194,113),1,1
(194,114),1,1
(194,117),1,1
(194,125),1,1
(194,130),1,1
(194,134),1,1
(194,135),1,1
(194,138),1,1
(194,140),1,1
(194,141),1,1
(194,142),1,1
(194,145),1,1
(194,146),1,1
(194,147),1,1
(194,150),1,1
(194,154),1,1
(194,155),1,1
(194,158),1,1
(194,165),1,1
(194,173),1,1
(194,174),1,1
(194,177),1,1
(194,178),1,1
(194,181),1,1
(194,186),1,1
(194,196),1,1
(194,197),1,1
(194,198),1,1
(195,106),1,1
(195,147),1,1
(195,156),1,1
(195,185),1,1
(196,8),1,1
(196,147),1,1
(196,185),1,1
(197,90),1,1
(197,106),1,1
(197,128),1,1
(197,147),1,1
(197,185),1,1
(198,7),1,1
(198,147),1,1
(198,185),1,1
(199,0),1,1
(199,4),1,1
(199,12),1,1
(199,13),1,1
(199,14),1,1
(199,19),1,1
(199,26),1,1
(199,28),1,1
(199,29),1,1
(199,30),1,1
(199,34),1,1
(199,36),1,1
(199,45),1,1
(199,60),1,1
(199,62),1,1
(199,64),1,1
(199,66),1,1
(199,69),1,1
(199,73),1,1
(199,78),1,1
(199,82),1,1
(199,84),1,1
(199,87),1,1
(199,89),1,1
(199,94),1,1
(199,96),1,1
(199,97),1,1
(199,101),1,1
(199,104),1,1
(199,106),1,1
(199,110),1,1
(199,113),1,1
(199,114),1,1
(199,117),1,1
(199,120),1,1
(199,126),1,1
(199,130),1,1
(199,134),1,1
(199,135),1,1
(199,138),1,1
(199,140),1,1
(199,141),1,1
(199,145),1,1
(199,146),1,1
(199,147),1,1
(199,150),1,1
(199,151),1,1
(199,154),1,1
(199,158),1,1
(199,162),1,1
(199,165),1,1
(199,172),1,1
(199,178),1,1
(199,183),1,1
(199,185),1,1
(199,186),1,1
(199,196),1,1
(199,197),1,1
