Nr_Pairs = 190
Nr_NDD = 10
Nr_Arcs = 4678
0,0,1,0,2
1,0,0,0,1
2,0,2,0,2
3,0,0,1,2
4,0,1,0,1
5,0,0,0,2
6,0,1,0,0
7,0,1,1,2
8,0,1,1,2
9,0,0,1,2
10,0,0,0,2
11,0,0,1,2
12,0,1,1,2
13,0,1,0,0
14,0,1,2,0
15,0,3,1,0
16,0,1,0,2
17,0,2,3,2
18,0,1,1,2
19,0,2,2,2
20,0,2,0,0
21,0,1,1,2
22,0,1,1,1
23,0,1,0,2
24,0,0,2,1
25,0,1,0,0
26,0,1,1,2
27,0,0,0,2
28,0,0,1,2
29,0,0,0,2
30,0,1,0,0
31,0,2,1,1
32,0,1,0,0
33,0,1,0,2
34,0,3,1,0
35,0,1,0,0
36,0,0,0,2
37,0,0,1,2
38,0,1,0,1
39,0,1,0,2
40,0,0,0,2
41,0,1,1,2
42,0,2,0,1
43,0,0,0,2
44,0,0,0,2
45,0,0,0,2
46,0,1,2,0
47,0,1,1,2
48,0,0,0,2
49,0,0,0,2
50,0,0,0,2
51,0,1,0,1
52,0,3,1,2
53,0,1,0,0
54,0,2,0,0
55,0,1,0,2
56,0,1,0,1
57,0,2,0,0
58,0,1,0,1
59,0,0,0,2
60,0,0,0,2
61,0,1,0,2
62,0,1,0,2
63,0,0,1,2
64,0,0,0,2
65,0,2,2,2
66,0,1,0,0
67,0,1,0,2
68,0,1,0,0
69,0,2,0,2
70,0,3,3,2
71,0,1,2,0
72,0,1,1,1
73,0,1,0,2
74,0,0,0,2
75,0,1,0,2
76,0,0,2,2
77,0,2,1,1
78,0,0,0,1
79,0,1,0,1
80,0,0,0,2
81,0,1,1,2
82,0,0,0,2
83,0,2,0,0
84,0,0,0,2
85,0,2,0,0
86,0,2,0,2
87,0,1,1,2
88,0,2,2,1
89,0,0,0,2
90,0,1,2,0
91,0,2,0,0
92,0,2,0,2
93,0,0,1,0
94,0,1,0,0
95,0,1,0,0
96,0,1,0,0
97,0,0,0,2
98,0,0,0,2
99,0,1,0,2
100,0,2,1,0
101,0,1,1,2
102,0,1,1,2
103,0,0,0,2
104,0,0,0,2
105,0,1,0,2
106,0,2,0,1
107,0,0,2,2
108,0,1,0,1
109,0,0,0,1
110,0,2,2,2
111,0,0,0,2
112,0,1,0,0
113,0,2,0,0
114,0,0,0,1
115,0,2,0,2
116,0,1,0,2
117,0,1,0,2
118,0,1,0,1
119,0,1,1,2
120,0,2,0,0
121,0,0,0,2
122,0,0,1,2
123,0,1,0,0
124,0,2,2,2
125,0,2,0,2
126,0,1,0,0
127,0,0,0,1
128,0,1,0,0
129,0,0,1,2
130,0,1,0,0
131,0,1,1,2
132,0,1,0,0
133,0,0,0,2
134,0,2,1,0
135,0,0,1,2
136,0,0,0,2
137,0,0,1,2
138,0,0,0,2
139,0,0,0,2
140,0,0,0,2
141,0,0,0,2
142,0,2,0,0
143,0,0,0,2
144,0,1,1,2
145,0,1,0,2
146,0,1,0,2
147,0,0,0,2
148,0,1,0,0
149,0,2,2,2
150,0,1,2,2
151,0,1,0,0
152,0,0,0,2
153,0,0,2,2
154,0,0,1,2
155,0,3,2,0
156,0,0,1,2
157,0,0,0,2
158,0,0,0,2
159,0,1,2,1
160,0,1,0,2
161,0,1,1,2
162,0,2,0,0
163,0,0,0,2
164,0,1,0,2
165,0,1,1,2
166,0,0,0,2
167,0,1,1,2
168,0,2,2,2
169,0,1,1,2
170,0,2,0,0
171,0,1,0,1
172,0,0,0,2
173,0,2,1,0
174,0,1,0,0
175,0,1,0,2
176,0,0,0,2
177,0,0,0,2
178,0,1,3,2
179,0,0,0,2
180,0,1,0,2
181,0,2,0,0
182,0,1,0,2
183,0,0,1,2
184,0,1,0,0
185,0,0,0,2
186,0,1,3,2
187,0,0,0,1
188,0,2,2,1
189,0,1,0,2
190,1,0,0,0
191,1,1,0,0
192,1,0,0,0
193,1,1,0,0
194,1,0,0,0
195,1,0,0,0
196,1,0,0,0
197,1,2,0,0
198,1,1,0,0
199,1,1,2,2
(0,15),1,1
(0,34),1,1
(0,100),1,1
(0,134),1,1
(0,173),1,1
(1,4),1,1
(1,6),1,1
(1,13),1,1
(1,14),1,1
(1,15),1,1
(1,18),1,1
(1,20),1,1
(1,22),1,1
(1,24),1,1
(1,25),1,1
(1,30),1,1
(1,32),1,1
(1,34),1,1
(1,42),1,1
(1,46),1,1
(1,53),1,1
(1,54),1,1
(1,58),1,1
(1,66),1,1
(1,68),1,1
(1,71),1,1
(1,83),1,1
(1,85),1,1
(1,90),1,1
(1,93),1,1
(1,94),1,1
(1,95),1,1
(1,96),1,1
(1,100),1,1
(1,105),1,1
(1,106),1,1
(1,108),1,1
(1,112),1,1
(1,113),1,1
(1,118),1,1
(1,120),1,1
(1,123),1,1
(1,126),1,1
(1,128),1,1
(1,130),1,1
(1,132),1,1
(1,134),1,1
(1,142),1,1
(1,148),1,1
(1,151),1,1
(1,155),1,1
(1,162),1,1
(1,173),1,1
(1,174),1,1
(1,181),1,1
(1,184),1,1
(2,14),1,1
(2,46),1,1
(2,71),1,1
(2,90),1,1
(2,155),1,1
(3,4),1,1
(3,6),1,1
(3,13),1,1
(3,14),1,1
(3,15),1,1
(3,22),1,1
(3,25),1,1
(3,30),1,1
(3,32),1,1
(3,34),1,1
(3,35),1,1
(3,38),1,1
(3,46),1,1
(3,53),1,1
(3,54),1,1
(3,57),1,1
(3,66),1,1
(3,68),1,1
(3,71),1,1
(3,77),1,1
(3,79),1,1
(3,83),1,1
(3,85),1,1
(3,90),1,1
(3,93),1,1
(3,94),1,1
(3,95),1,1
(3,96),1,1
(3,100),1,1
(3,108),1,1
(3,112),1,1
(3,113),1,1
(3,120),1,1
(3,123),1,1
(3,126),1,1
(3,127),1,1
(3,128),1,1
(3,132),1,1
(3,134),1,1
(3,142),1,1
(3,148),1,1
(3,151),1,1
(3,155),1,1
(3,157),1,1
(3,162),1,1
(3,166),1,1
(3,170),1,1
(3,171),1,1
(3,173),1,1
(3,174),1,1
(3,181),1,1
(3,184),1,1
(4,8),1,1
(4,15),1,1
(4,34),1,1
(4,87),1,1
(4,93),1,1
(4,100),1,1
(4,134),1,1
(4,161),1,1
(4,173),1,1
(5,6),1,1
(5,13),1,1
(5,14),1,1
(5,15),1,1
(5,20),1,1
(5,25),1,1
(5,30),1,1
(5,31),1,1
(5,32),1,1
(5,34),1,1
(5,35),1,1
(5,39),1,1
(5,46),1,1
(5,52),1,1
(5,53),1,1
(5,54),1,1
(5,66),1,1
(5,68),1,1
(5,71),1,1
(5,77),1,1
(5,78),1,1
(5,83),1,1
(5,85),1,1
(5,88),1,1
(5,90),1,1
(5,94),1,1
(5,95),1,1
(5,96),1,1
(5,100),1,1
(5,101),1,1
(5,112),1,1
(5,113),1,1
(5,118),1,1
(5,120),1,1
(5,123),1,1
(5,126),1,1
(5,128),1,1
(5,130),1,1
(5,132),1,1
(5,134),1,1
(5,137),1,1
(5,142),1,1
(5,148),1,1
(5,151),1,1
(5,155),1,1
(5,162),1,1
(5,173),1,1
(5,174),1,1
(5,184),1,1
(6,15),1,1
(6,34),1,1
(6,87),1,1
(6,100),1,1
(6,134),1,1
(6,173),1,1
(7,15),1,1
(7,22),1,1
(7,34),1,1
(7,72),1,1
(7,93),1,1
(7,100),1,1
(7,101),1,1
(7,134),1,1
(7,173),1,1
(8,15),1,1
(8,31),1,1
(8,34),1,1
(8,77),1,1
(8,93),1,1
(8,100),1,1
(8,134),1,1
(8,173),1,1
(9,0),1,1
(9,6),1,1
(9,8),1,1
(9,13),1,1
(9,14),1,1
(9,15),1,1
(9,20),1,1
(9,22),1,1
(9,24),1,1
(9,25),1,1
(9,30),1,1
(9,31),1,1
(9,32),1,1
(9,34),1,1
(9,35),1,1
(9,38),1,1
(9,46),1,1
(9,53),1,1
(9,54),1,1
(9,57),1,1
(9,66),1,1
(9,68),1,1
(9,71),1,1
(9,72),1,1
(9,77),1,1
(9,79),1,1
(9,83),1,1
(9,85),1,1
(9,90),1,1
(9,93),1,1
(9,94),1,1
(9,95),1,1
(9,96),1,1
(9,100),1,1
(9,102),1,1
(9,112),1,1
(9,113),1,1
(9,120),1,1
(9,123),1,1
(9,126),1,1
(9,128),1,1
(9,130),1,1
(9,134),1,1
(9,142),1,1
(9,148),1,1
(9,151),1,1
(9,155),1,1
(9,159),1,1
(9,162),1,1
(9,166),1,1
(9,170),1,1
(9,173),1,1
(9,174),1,1
(9,181),1,1
(9,184),1,1
(10,6),1,1
(10,13),1,1
(10,14),1,1
(10,15),1,1
(10,20),1,1
(10,24),1,1
(10,25),1,1
(10,31),1,1
(10,32),1,1
(10,33),1,1
(10,34),1,1
(10,35),1,1
(10,46),1,1
(10,51),1,1
(10,53),1,1
(10,54),1,1
(10,57),1,1
(10,66),1,1
(10,68),1,1
(10,71),1,1
(10,72),1,1
(10,77),1,1
(10,78),1,1
(10,83),1,1
(10,85),1,1
(10,88),1,1
(10,90),1,1
(10,94),1,1
(10,95),1,1
(10,96),1,1
(10,100),1,1
(10,106),1,1
(10,108),1,1
(10,112),1,1
(10,113),1,1
(10,120),1,1
(10,123),1,1
(10,126),1,1
(10,128),1,1
(10,132),1,1
(10,134),1,1
(10,142),1,1
(10,147),1,1
(10,148),1,1
(10,151),1,1
(10,155),1,1
(10,159),1,1
(10,162),1,1
(10,170),1,1
(10,173),1,1
(10,174),1,1
(10,181),1,1
(10,184),1,1
(11,6),1,1
(11,7),1,1
(11,13),1,1
(11,14),1,1
(11,15),1,1
(11,24),1,1
(11,25),1,1
(11,32),1,1
(11,34),1,1
(11,35),1,1
(11,46),1,1
(11,53),1,1
(11,54),1,1
(11,57),1,1
(11,61),1,1
(11,66),1,1
(11,68),1,1
(11,71),1,1
(11,78),1,1
(11,83),1,1
(11,85),1,1
(11,87),1,1
(11,90),1,1
(11,91),1,1
(11,93),1,1
(11,94),1,1
(11,95),1,1
(11,96),1,1
(11,100),1,1
(11,102),1,1
(11,106),1,1
(11,112),1,1
(11,113),1,1
(11,120),1,1
(11,123),1,1
(11,126),1,1
(11,128),1,1
(11,130),1,1
(11,132),1,1
(11,134),1,1
(11,142),1,1
(11,148),1,1
(11,151),1,1
(11,155),1,1
(11,159),1,1
(11,162),1,1
(11,173),1,1
(11,174),1,1
(11,181),1,1
(11,184),1,1
(11,188),1,1
(12,15),1,1
(12,31),1,1
(12,34),1,1
(12,72),1,1
(12,100),1,1
(12,134),1,1
(12,173),1,1
(13,15),1,1
(13,34),1,1
(13,93),1,1
(13,100),1,1
(13,102),1,1
(13,134),1,1
(13,165),1,1
(13,173),1,1
(14,15),1,1
(14,34),1,1
(14,72),1,1
(14,77),1,1
(14,93),1,1
(14,100),1,1
(14,134),1,1
(14,173),1,1
(16,8),1,1
(16,11),1,1
(16,15),1,1
(16,31),1,1
(16,34),1,1
(16,77),1,1
(16,100),1,1
(16,134),1,1
(16,173),1,1
(17,14),1,1
(17,46),1,1
(17,71),1,1
(17,90),1,1
(17,155),1,1
(18,15),1,1
(18,22),1,1
(18,31),1,1
(18,34),1,1
(18,72),1,1
(18,100),1,1
(18,134),1,1
(18,173),1,1
(19,14),1,1
(19,46),1,1
(19,71),1,1
(19,88),1,1
(19,90),1,1
(19,155),1,1
(19,159),1,1
(19,188),1,1
(20,14),1,1
(20,46),1,1
(20,71),1,1
(20,90),1,1
(20,155),1,1
(20,186),1,1
(21,15),1,1
(21,34),1,1
(21,77),1,1
(21,100),1,1
(21,134),1,1
(21,173),1,1
(22,15),1,1
(22,31),1,1
(22,34),1,1
(22,72),1,1
(22,93),1,1
(22,100),1,1
(22,134),1,1
(22,173),1,1
(23,15),1,1
(23,31),1,1
(23,34),1,1
(23,93),1,1
(23,100),1,1
(23,134),1,1
(23,173),1,1
(24,1),1,1
(24,6),1,1
(24,13),1,1
(24,14),1,1
(24,15),1,1
(24,17),1,1
(24,20),1,1
(24,25),1,1
(24,30),1,1
(24,31),1,1
(24,32),1,1
(24,35),1,1
(24,38),1,1
(24,46),1,1
(24,53),1,1
(24,54),1,1
(24,56),1,1
(24,57),1,1
(24,58),1,1
(24,66),1,1
(24,68),1,1
(24,71),1,1
(24,83),1,1
(24,85),1,1
(24,88),1,1
(24,89),1,1
(24,90),1,1
(24,94),1,1
(24,95),1,1
(24,96),1,1
(24,100),1,1
(24,112),1,1
(24,113),1,1
(24,118),1,1
(24,120),1,1
(24,123),1,1
(24,126),1,1
(24,128),1,1
(24,130),1,1
(24,132),1,1
(24,134),1,1
(24,142),1,1
(24,148),1,1
(24,151),1,1
(24,155),1,1
(24,162),1,1
(24,170),1,1
(24,171),1,1
(24,173),1,1
(24,174),1,1
(24,176),1,1
(24,181),1,1
(24,184),1,1
(24,187),1,1
(25,15),1,1
(25,31),1,1
(25,77),1,1
(25,93),1,1
(25,100),1,1
(25,134),1,1
(25,173),1,1
(25,186),1,1
(26,15),1,1
(26,22),1,1
(26,34),1,1
(26,100),1,1
(26,134),1,1
(26,137),1,1
(26,173),1,1
(27,6),1,1
(27,11),1,1
(27,13),1,1
(27,14),1,1
(27,15),1,1
(27,22),1,1
(27,24),1,1
(27,25),1,1
(27,26),1,1
(27,30),1,1
(27,31),1,1
(27,32),1,1
(27,34),1,1
(27,35),1,1
(27,37),1,1
(27,42),1,1
(27,46),1,1
(27,51),1,1
(27,53),1,1
(27,54),1,1
(27,56),1,1
(27,57),1,1
(27,66),1,1
(27,68),1,1
(27,71),1,1
(27,77),1,1
(27,78),1,1
(27,83),1,1
(27,85),1,1
(27,90),1,1
(27,91),1,1
(27,93),1,1
(27,94),1,1
(27,95),1,1
(27,96),1,1
(27,100),1,1
(27,108),1,1
(27,112),1,1
(27,113),1,1
(27,120),1,1
(27,123),1,1
(27,126),1,1
(27,128),1,1
(27,134),1,1
(27,142),1,1
(27,147),1,1
(27,148),1,1
(27,151),1,1
(27,155),1,1
(27,162),1,1
(27,173),1,1
(27,174),1,1
(27,181),1,1
(27,184),1,1
(27,187),1,1
(27,189),1,1
(28,4),1,1
(28,6),1,1
(28,13),1,1
(28,14),1,1
(28,15),1,1
(28,20),1,1
(28,25),1,1
(28,30),1,1
(28,32),1,1
(28,35),1,1
(28,40),1,1
(28,46),1,1
(28,51),1,1
(28,53),1,1
(28,54),1,1
(28,66),1,1
(28,68),1,1
(28,71),1,1
(28,79),1,1
(28,83),1,1
(28,85),1,1
(28,90),1,1
(28,93),1,1
(28,94),1,1
(28,95),1,1
(28,96),1,1
(28,100),1,1
(28,104),1,1
(28,106),1,1
(28,112),1,1
(28,113),1,1
(28,120),1,1
(28,123),1,1
(28,126),1,1
(28,128),1,1
(28,130),1,1
(28,132),1,1
(28,134),1,1
(28,142),1,1
(28,148),1,1
(28,151),1,1
(28,155),1,1
(28,162),1,1
(28,173),1,1
(28,174),1,1
(28,181),1,1
(28,184),1,1
(29,6),1,1
(29,13),1,1
(29,14),1,1
(29,15),1,1
(29,20),1,1
(29,22),1,1
(29,25),1,1
(29,32),1,1
(29,33),1,1
(29,34),1,1
(29,35),1,1
(29,39),1,1
(29,46),1,1
(29,51),1,1
(29,53),1,1
(29,54),1,1
(29,57),1,1
(29,66),1,1
(29,68),1,1
(29,71),1,1
(29,83),1,1
(29,85),1,1
(29,90),1,1
(29,91),1,1
(29,93),1,1
(29,94),1,1
(29,95),1,1
(29,96),1,1
(29,100),1,1
(29,105),1,1
(29,108),1,1
(29,112),1,1
(29,113),1,1
(29,114),1,1
(29,116),1,1
(29,120),1,1
(29,123),1,1
(29,126),1,1
(29,128),1,1
(29,132),1,1
(29,134),1,1
(29,142),1,1
(29,148),1,1
(29,151),1,1
(29,155),1,1
(29,159),1,1
(29,162),1,1
(29,173),1,1
(29,174),1,1
(29,181),1,1
(29,184),1,1
(30,15),1,1
(30,22),1,1
(30,34),1,1
(30,77),1,1
(30,93),1,1
(30,100),1,1
(30,134),1,1
(31,14),1,1
(31,46),1,1
(31,71),1,1
(31,90),1,1
(31,155),1,1
(32,15),1,1
(32,22),1,1
(32,34),1,1
(32,100),1,1
(32,134),1,1
(32,173),1,1
(32,186),1,1
(33,15),1,1
(33,22),1,1
(33,31),1,1
(33,93),1,1
(33,100),1,1
(33,134),1,1
(33,173),1,1
(35,8),1,1
(35,15),1,1
(35,34),1,1
(35,77),1,1
(35,87),1,1
(35,93),1,1
(35,100),1,1
(35,134),1,1
(35,173),1,1
(36,1),1,1
(36,6),1,1
(36,13),1,1
(36,14),1,1
(36,15),1,1
(36,20),1,1
(36,24),1,1
(36,25),1,1
(36,30),1,1
(36,31),1,1
(36,32),1,1
(36,35),1,1
(36,38),1,1
(36,46),1,1
(36,51),1,1
(36,53),1,1
(36,54),1,1
(36,57),1,1
(36,66),1,1
(36,68),1,1
(36,71),1,1
(36,78),1,1
(36,79),1,1
(36,83),1,1
(36,85),1,1
(36,90),1,1
(36,94),1,1
(36,95),1,1
(36,96),1,1
(36,100),1,1
(36,112),1,1
(36,113),1,1
(36,115),1,1
(36,120),1,1
(36,123),1,1
(36,126),1,1
(36,127),1,1
(36,128),1,1
(36,132),1,1
(36,134),1,1
(36,142),1,1
(36,145),1,1
(36,148),1,1
(36,155),1,1
(36,159),1,1
(36,160),1,1
(36,162),1,1
(36,173),1,1
(36,174),1,1
(36,181),1,1
(36,184),1,1
(36,187),1,1
(36,188),1,1
(37,1),1,1
(37,6),1,1
(37,13),1,1
(37,14),1,1
(37,15),1,1
(37,20),1,1
(37,22),1,1
(37,25),1,1
(37,30),1,1
(37,31),1,1
(37,32),1,1
(37,34),1,1
(37,35),1,1
(37,39),1,1
(37,42),1,1
(37,46),1,1
(37,51),1,1
(37,53),1,1
(37,54),1,1
(37,56),1,1
(37,57),1,1
(37,66),1,1
(37,68),1,1
(37,71),1,1
(37,73),1,1
(37,77),1,1
(37,78),1,1
(37,79),1,1
(37,83),1,1
(37,85),1,1
(37,87),1,1
(37,90),1,1
(37,91),1,1
(37,94),1,1
(37,95),1,1
(37,96),1,1
(37,100),1,1
(37,106),1,1
(37,107),1,1
(37,108),1,1
(37,112),1,1
(37,113),1,1
(37,120),1,1
(37,123),1,1
(37,126),1,1
(37,128),1,1
(37,130),1,1
(37,134),1,1
(37,142),1,1
(37,148),1,1
(37,151),1,1
(37,155),1,1
(37,161),1,1
(37,162),1,1
(37,173),1,1
(37,174),1,1
(37,181),1,1
(37,184),1,1
(38,15),1,1
(38,22),1,1
(38,26),1,1
(38,31),1,1
(38,34),1,1
(38,93),1,1
(38,100),1,1
(38,129),1,1
(38,134),1,1
(38,173),1,1
(39,15),1,1
(39,31),1,1
(39,93),1,1
(39,100),1,1
(39,134),1,1
(39,173),1,1
(40,6),1,1
(40,8),1,1
(40,13),1,1
(40,14),1,1
(40,15),1,1
(40,24),1,1
(40,25),1,1
(40,30),1,1
(40,32),1,1
(40,35),1,1
(40,36),1,1
(40,38),1,1
(40,46),1,1
(40,53),1,1
(40,54),1,1
(40,56),1,1
(40,57),1,1
(40,58),1,1
(40,66),1,1
(40,68),1,1
(40,71),1,1
(40,77),1,1
(40,83),1,1
(40,85),1,1
(40,90),1,1
(40,93),1,1
(40,94),1,1
(40,95),1,1
(40,96),1,1
(40,100),1,1
(40,108),1,1
(40,112),1,1
(40,113),1,1
(40,120),1,1
(40,123),1,1
(40,126),1,1
(40,127),1,1
(40,128),1,1
(40,130),1,1
(40,132),1,1
(40,134),1,1
(40,142),1,1
(40,148),1,1
(40,151),1,1
(40,155),1,1
(40,162),1,1
(40,170),1,1
(40,173),1,1
(40,174),1,1
(40,181),1,1
(40,184),1,1
(41,15),1,1
(41,31),1,1
(41,34),1,1
(41,77),1,1
(41,93),1,1
(41,100),1,1
(41,134),1,1
(41,173),1,1
(42,14),1,1
(42,24),1,1
(42,46),1,1
(42,71),1,1
(42,90),1,1
(42,155),1,1
(43,1),1,1
(43,4),1,1
(43,6),1,1
(43,8),1,1
(43,13),1,1
(43,14),1,1
(43,15),1,1
(43,25),1,1
(43,30),1,1
(43,31),1,1
(43,32),1,1
(43,34),1,1
(43,35),1,1
(43,46),1,1
(43,51),1,1
(43,53),1,1
(43,54),1,1
(43,57),1,1
(43,58),1,1
(43,61),1,1
(43,66),1,1
(43,68),1,1
(43,71),1,1
(43,72),1,1
(43,74),1,1
(43,79),1,1
(43,83),1,1
(43,85),1,1
(43,87),1,1
(43,90),1,1
(43,91),1,1
(43,93),1,1
(43,94),1,1
(43,95),1,1
(43,96),1,1
(43,100),1,1
(43,108),1,1
(43,111),1,1
(43,112),1,1
(43,113),1,1
(43,120),1,1
(43,123),1,1
(43,126),1,1
(43,128),1,1
(43,130),1,1
(43,132),1,1
(43,134),1,1
(43,142),1,1
(43,148),1,1
(43,151),1,1
(43,155),1,1
(43,159),1,1
(43,162),1,1
(43,170),1,1
(43,171),1,1
(43,173),1,1
(43,174),1,1
(43,179),1,1
(43,181),1,1
(43,184),1,1
(44,6),1,1
(44,8),1,1
(44,13),1,1
(44,14),1,1
(44,15),1,1
(44,20),1,1
(44,24),1,1
(44,25),1,1
(44,31),1,1
(44,32),1,1
(44,34),1,1
(44,35),1,1
(44,46),1,1
(44,53),1,1
(44,54),1,1
(44,56),1,1
(44,58),1,1
(44,66),1,1
(44,68),1,1
(44,71),1,1
(44,77),1,1
(44,79),1,1
(44,83),1,1
(44,85),1,1
(44,90),1,1
(44,93),1,1
(44,94),1,1
(44,95),1,1
(44,96),1,1
(44,100),1,1
(44,112),1,1
(44,113),1,1
(44,118),1,1
(44,120),1,1
(44,123),1,1
(44,126),1,1
(44,128),1,1
(44,130),1,1
(44,132),1,1
(44,134),1,1
(44,142),1,1
(44,148),1,1
(44,155),1,1
(44,162),1,1
(44,170),1,1
(44,173),1,1
(44,184),1,1
(45,6),1,1
(45,13),1,1
(45,14),1,1
(45,15),1,1
(45,22),1,1
(45,25),1,1
(45,30),1,1
(45,32),1,1
(45,34),1,1
(45,35),1,1
(45,38),1,1
(45,46),1,1
(45,53),1,1
(45,54),1,1
(45,57),1,1
(45,66),1,1
(45,68),1,1
(45,71),1,1
(45,78),1,1
(45,83),1,1
(45,85),1,1
(45,90),1,1
(45,91),1,1
(45,94),1,1
(45,95),1,1
(45,96),1,1
(45,100),1,1
(45,106),1,1
(45,109),1,1
(45,112),1,1
(45,113),1,1
(45,120),1,1
(45,123),1,1
(45,126),1,1
(45,128),1,1
(45,130),1,1
(45,134),1,1
(45,142),1,1
(45,148),1,1
(45,155),1,1
(45,159),1,1
(45,160),1,1
(45,162),1,1
(45,173),1,1
(45,174),1,1
(45,181),1,1
(45,184),1,1
(45,187),1,1
(46,15),1,1
(46,34),1,1
(46,93),1,1
(46,100),1,1
(46,134),1,1
(46,173),1,1
(47,15),1,1
(47,22),1,1
(47,34),1,1
(47,77),1,1
(47,100),1,1
(47,134),1,1
(47,144),1,1
(47,173),1,1
(47,186),1,1
(48,6),1,1
(48,13),1,1
(48,14),1,1
(48,15),1,1
(48,20),1,1
(48,22),1,1
(48,25),1,1
(48,30),1,1
(48,32),1,1
(48,34),1,1
(48,38),1,1
(48,46),1,1
(48,53),1,1
(48,54),1,1
(48,56),1,1
(48,66),1,1
(48,68),1,1
(48,71),1,1
(48,74),1,1
(48,77),1,1
(48,79),1,1
(48,83),1,1
(48,85),1,1
(48,90),1,1
(48,91),1,1
(48,94),1,1
(48,95),1,1
(48,96),1,1
(48,100),1,1
(48,106),1,1
(48,112),1,1
(48,113),1,1
(48,118),1,1
(48,120),1,1
(48,123),1,1
(48,126),1,1
(48,128),1,1
(48,130),1,1
(48,132),1,1
(48,134),1,1
(48,142),1,1
(48,148),1,1
(48,151),1,1
(48,155),1,1
(48,162),1,1
(48,173),1,1
(48,174),1,1
(48,180),1,1
(48,184),1,1
(48,186),1,1
(49,4),1,1
(49,6),1,1
(49,13),1,1
(49,14),1,1
(49,15),1,1
(49,20),1,1
(49,25),1,1
(49,30),1,1
(49,32),1,1
(49,34),1,1
(49,38),1,1
(49,46),1,1
(49,51),1,1
(49,53),1,1
(49,54),1,1
(49,57),1,1
(49,61),1,1
(49,66),1,1
(49,68),1,1
(49,71),1,1
(49,73),1,1
(49,83),1,1
(49,85),1,1
(49,90),1,1
(49,94),1,1
(49,95),1,1
(49,96),1,1
(49,100),1,1
(49,101),1,1
(49,107),1,1
(49,112),1,1
(49,113),1,1
(49,118),1,1
(49,120),1,1
(49,123),1,1
(49,126),1,1
(49,128),1,1
(49,132),1,1
(49,134),1,1
(49,142),1,1
(49,147),1,1
(49,148),1,1
(49,151),1,1
(49,155),1,1
(49,159),1,1
(49,162),1,1
(49,170),1,1
(49,171),1,1
(49,174),1,1
(49,184),1,1
(50,6),1,1
(50,13),1,1
(50,14),1,1
(50,15),1,1
(50,20),1,1
(50,22),1,1
(50,25),1,1
(50,31),1,1
(50,32),1,1
(50,34),1,1
(50,35),1,1
(50,38),1,1
(50,39),1,1
(50,42),1,1
(50,46),1,1
(50,53),1,1
(50,54),1,1
(50,56),1,1
(50,57),1,1
(50,61),1,1
(50,66),1,1
(50,68),1,1
(50,71),1,1
(50,78),1,1
(50,83),1,1
(50,85),1,1
(50,90),1,1
(50,91),1,1
(50,94),1,1
(50,95),1,1
(50,96),1,1
(50,100),1,1
(50,108),1,1
(50,112),1,1
(50,113),1,1
(50,120),1,1
(50,123),1,1
(50,126),1,1
(50,128),1,1
(50,132),1,1
(50,134),1,1
(50,142),1,1
(50,147),1,1
(50,148),1,1
(50,151),1,1
(50,155),1,1
(50,159),1,1
(50,162),1,1
(50,173),1,1
(50,174),1,1
(50,181),1,1
(50,184),1,1
(51,15),1,1
(51,31),1,1
(51,72),1,1
(51,93),1,1
(51,100),1,1
(51,101),1,1
(51,134),1,1
(51,173),1,1
(53,15),1,1
(53,34),1,1
(53,93),1,1
(53,100),1,1
(53,134),1,1
(53,173),1,1
(54,14),1,1
(54,46),1,1
(54,71),1,1
(54,90),1,1
(54,155),1,1
(54,159),1,1
(55,15),1,1
(55,34),1,1
(55,77),1,1
(55,93),1,1
(55,100),1,1
(55,134),1,1
(55,173),1,1
(56,15),1,1
(56,31),1,1
(56,34),1,1
(56,93),1,1
(56,100),1,1
(56,134),1,1
(56,173),1,1
(57,14),1,1
(57,24),1,1
(57,46),1,1
(57,71),1,1
(57,90),1,1
(57,155),1,1
(58,15),1,1
(58,34),1,1
(58,72),1,1
(58,93),1,1
(58,100),1,1
(58,134),1,1
(59,0),1,1
(59,6),1,1
(59,13),1,1
(59,14),1,1
(59,15),1,1
(59,20),1,1
(59,22),1,1
(59,25),1,1
(59,26),1,1
(59,30),1,1
(59,31),1,1
(59,32),1,1
(59,46),1,1
(59,51),1,1
(59,53),1,1
(59,54),1,1
(59,61),1,1
(59,66),1,1
(59,68),1,1
(59,71),1,1
(59,83),1,1
(59,84),1,1
(59,85),1,1
(59,88),1,1
(59,90),1,1
(59,91),1,1
(59,93),1,1
(59,94),1,1
(59,95),1,1
(59,96),1,1
(59,100),1,1
(59,105),1,1
(59,106),1,1
(59,108),1,1
(59,112),1,1
(59,113),1,1
(59,114),1,1
(59,120),1,1
(59,123),1,1
(59,126),1,1
(59,128),1,1
(59,132),1,1
(59,134),1,1
(59,142),1,1
(59,147),1,1
(59,148),1,1
(59,151),1,1
(59,155),1,1
(59,160),1,1
(59,162),1,1
(59,170),1,1
(59,173),1,1
(59,174),1,1
(59,181),1,1
(59,184),1,1
(60,4),1,1
(60,6),1,1
(60,13),1,1
(60,14),1,1
(60,15),1,1
(60,20),1,1
(60,24),1,1
(60,25),1,1
(60,30),1,1
(60,31),1,1
(60,32),1,1
(60,46),1,1
(60,53),1,1
(60,54),1,1
(60,57),1,1
(60,66),1,1
(60,68),1,1
(60,71),1,1
(60,73),1,1
(60,77),1,1
(60,79),1,1
(60,83),1,1
(60,85),1,1
(60,90),1,1
(60,93),1,1
(60,94),1,1
(60,95),1,1
(60,96),1,1
(60,100),1,1
(60,101),1,1
(60,106),1,1
(60,108),1,1
(60,109),1,1
(60,112),1,1
(60,113),1,1
(60,120),1,1
(60,123),1,1
(60,126),1,1
(60,128),1,1
(60,130),1,1
(60,132),1,1
(60,134),1,1
(60,142),1,1
(60,147),1,1
(60,148),1,1
(60,151),1,1
(60,155),1,1
(60,159),1,1
(60,162),1,1
(60,173),1,1
(60,174),1,1
(60,181),1,1
(60,182),1,1
(60,184),1,1
(60,187),1,1
(61,15),1,1
(61,22),1,1
(61,34),1,1
(61,93),1,1
(61,100),1,1
(61,134),1,1
(61,173),1,1
(62,15),1,1
(62,72),1,1
(62,77),1,1
(62,100),1,1
(62,134),1,1
(62,173),1,1
(63,1),1,1
(63,4),1,1
(63,6),1,1
(63,7),1,1
(63,13),1,1
(63,14),1,1
(63,15),1,1
(63,20),1,1
(63,24),1,1
(63,25),1,1
(63,26),1,1
(63,30),1,1
(63,31),1,1
(63,32),1,1
(63,34),1,1
(63,35),1,1
(63,46),1,1
(63,53),1,1
(63,54),1,1
(63,57),1,1
(63,66),1,1
(63,67),1,1
(63,68),1,1
(63,71),1,1
(63,79),1,1
(63,83),1,1
(63,85),1,1
(63,90),1,1
(63,91),1,1
(63,93),1,1
(63,94),1,1
(63,95),1,1
(63,96),1,1
(63,100),1,1
(63,106),1,1
(63,112),1,1
(63,113),1,1
(63,120),1,1
(63,123),1,1
(63,126),1,1
(63,127),1,1
(63,128),1,1
(63,130),1,1
(63,132),1,1
(63,134),1,1
(63,142),1,1
(63,148),1,1
(63,151),1,1
(63,155),1,1
(63,162),1,1
(63,165),1,1
(63,170),1,1
(63,174),1,1
(63,181),1,1
(63,184),1,1
(64,6),1,1
(64,11),1,1
(64,13),1,1
(64,14),1,1
(64,15),1,1
(64,20),1,1
(64,25),1,1
(64,26),1,1
(64,30),1,1
(64,32),1,1
(64,34),1,1
(64,35),1,1
(64,42),1,1
(64,46),1,1
(64,52),1,1
(64,53),1,1
(64,54),1,1
(64,61),1,1
(64,66),1,1
(64,68),1,1
(64,71),1,1
(64,77),1,1
(64,83),1,1
(64,85),1,1
(64,90),1,1
(64,91),1,1
(64,93),1,1
(64,94),1,1
(64,95),1,1
(64,96),1,1
(64,100),1,1
(64,105),1,1
(64,108),1,1
(64,109),1,1
(64,112),1,1
(64,113),1,1
(64,120),1,1
(64,123),1,1
(64,126),1,1
(64,128),1,1
(64,132),1,1
(64,134),1,1
(64,142),1,1
(64,148),1,1
(64,151),1,1
(64,155),1,1
(64,159),1,1
(64,162),1,1
(64,173),1,1
(64,174),1,1
(64,181),1,1
(64,184),1,1
(64,188),1,1
(65,14),1,1
(65,24),1,1
(65,46),1,1
(65,71),1,1
(65,90),1,1
(65,155),1,1
(66,8),1,1
(66,15),1,1
(66,31),1,1
(66,34),1,1
(66,93),1,1
(66,100),1,1
(66,134),1,1
(67,8),1,1
(67,11),1,1
(67,15),1,1
(67,26),1,1
(67,37),1,1
(67,93),1,1
(67,100),1,1
(67,134),1,1
(67,173),1,1
(68,15),1,1
(68,31),1,1
(68,34),1,1
(68,37),1,1
(68,100),1,1
(68,134),1,1
(68,173),1,1
(69,14),1,1
(69,24),1,1
(69,46),1,1
(69,71),1,1
(69,90),1,1
(69,155),1,1
(69,159),1,1
(71,15),1,1
(71,22),1,1
(71,34),1,1
(71,77),1,1
(71,93),1,1
(71,100),1,1
(71,134),1,1
(71,173),1,1
(72,15),1,1
(72,26),1,1
(72,34),1,1
(72,77),1,1
(72,87),1,1
(72,93),1,1
(72,100),1,1
(72,134),1,1
(72,173),1,1
(73,15),1,1
(73,22),1,1
(73,31),1,1
(73,72),1,1
(73,100),1,1
(73,134),1,1
(73,173),1,1
(73,186),1,1
(74,4),1,1
(74,6),1,1
(74,13),1,1
(74,14),1,1
(74,15),1,1
(74,20),1,1
(74,24),1,1
(74,25),1,1
(74,30),1,1
(74,32),1,1
(74,34),1,1
(74,35),1,1
(74,46),1,1
(74,51),1,1
(74,53),1,1
(74,54),1,1
(74,57),1,1
(74,66),1,1
(74,68),1,1
(74,71),1,1
(74,83),1,1
(74,84),1,1
(74,85),1,1
(74,87),1,1
(74,90),1,1
(74,91),1,1
(74,93),1,1
(74,94),1,1
(74,95),1,1
(74,96),1,1
(74,100),1,1
(74,106),1,1
(74,108),1,1
(74,112),1,1
(74,113),1,1
(74,118),1,1
(74,120),1,1
(74,123),1,1
(74,126),1,1
(74,128),1,1
(74,130),1,1
(74,134),1,1
(74,142),1,1
(74,148),1,1
(74,151),1,1
(74,155),1,1
(74,162),1,1
(74,173),1,1
(74,174),1,1
(74,181),1,1
(74,184),1,1
(74,187),1,1
(75,15),1,1
(75,34),1,1
(75,93),1,1
(75,100),1,1
(75,134),1,1
(75,173),1,1
(76,1),1,1
(76,4),1,1
(76,6),1,1
(76,13),1,1
(76,14),1,1
(76,15),1,1
(76,20),1,1
(76,25),1,1
(76,30),1,1
(76,31),1,1
(76,32),1,1
(76,34),1,1
(76,35),1,1
(76,38),1,1
(76,46),1,1
(76,53),1,1
(76,54),1,1
(76,57),1,1
(76,66),1,1
(76,68),1,1
(76,71),1,1
(76,79),1,1
(76,83),1,1
(76,85),1,1
(76,90),1,1
(76,91),1,1
(76,94),1,1
(76,95),1,1
(76,96),1,1
(76,100),1,1
(76,105),1,1
(76,112),1,1
(76,113),1,1
(76,118),1,1
(76,120),1,1
(76,123),1,1
(76,126),1,1
(76,128),1,1
(76,130),1,1
(76,132),1,1
(76,134),1,1
(76,142),1,1
(76,148),1,1
(76,151),1,1
(76,155),1,1
(76,162),1,1
(76,171),1,1
(76,173),1,1
(76,176),1,1
(76,181),1,1
(76,184),1,1
(77,14),1,1
(77,24),1,1
(77,46),1,1
(77,71),1,1
(77,88),1,1
(77,90),1,1
(77,155),1,1
(78,6),1,1
(78,13),1,1
(78,14),1,1
(78,15),1,1
(78,20),1,1
(78,22),1,1
(78,25),1,1
(78,26),1,1
(78,30),1,1
(78,31),1,1
(78,32),1,1
(78,34),1,1
(78,35),1,1
(78,46),1,1
(78,53),1,1
(78,54),1,1
(78,57),1,1
(78,61),1,1
(78,66),1,1
(78,68),1,1
(78,71),1,1
(78,79),1,1
(78,83),1,1
(78,85),1,1
(78,90),1,1
(78,91),1,1
(78,93),1,1
(78,94),1,1
(78,95),1,1
(78,96),1,1
(78,100),1,1
(78,108),1,1
(78,111),1,1
(78,112),1,1
(78,113),1,1
(78,118),1,1
(78,120),1,1
(78,123),1,1
(78,126),1,1
(78,127),1,1
(78,128),1,1
(78,130),1,1
(78,132),1,1
(78,134),1,1
(78,142),1,1
(78,148),1,1
(78,151),1,1
(78,155),1,1
(78,162),1,1
(78,170),1,1
(78,171),1,1
(78,173),1,1
(78,174),1,1
(78,180),1,1
(78,181),1,1
(78,184),1,1
(78,188),1,1
(79,15),1,1
(79,22),1,1
(79,34),1,1
(79,93),1,1
(79,100),1,1
(79,134),1,1
(79,173),1,1
(80,1),1,1
(80,4),1,1
(80,6),1,1
(80,13),1,1
(80,14),1,1
(80,15),1,1
(80,20),1,1
(80,24),1,1
(80,25),1,1
(80,30),1,1
(80,32),1,1
(80,35),1,1
(80,38),1,1
(80,40),1,1
(80,46),1,1
(80,53),1,1
(80,54),1,1
(80,57),1,1
(80,58),1,1
(80,66),1,1
(80,68),1,1
(80,71),1,1
(80,72),1,1
(80,73),1,1
(80,77),1,1
(80,79),1,1
(80,83),1,1
(80,85),1,1
(80,88),1,1
(80,90),1,1
(80,93),1,1
(80,94),1,1
(80,95),1,1
(80,96),1,1
(80,100),1,1
(80,106),1,1
(80,108),1,1
(80,111),1,1
(80,112),1,1
(80,113),1,1
(80,118),1,1
(80,120),1,1
(80,123),1,1
(80,126),1,1
(80,127),1,1
(80,128),1,1
(80,132),1,1
(80,134),1,1
(80,142),1,1
(80,148),1,1
(80,151),1,1
(80,155),1,1
(80,162),1,1
(80,170),1,1
(80,171),1,1
(80,173),1,1
(80,184),1,1
(81,12),1,1
(81,15),1,1
(81,34),1,1
(81,77),1,1
(81,93),1,1
(81,100),1,1
(81,134),1,1
(81,173),1,1
(82,6),1,1
(82,8),1,1
(82,13),1,1
(82,14),1,1
(82,15),1,1
(82,22),1,1
(82,24),1,1
(82,25),1,1
(82,26),1,1
(82,28),1,1
(82,30),1,1
(82,32),1,1
(82,34),1,1
(82,35),1,1
(82,46),1,1
(82,53),1,1
(82,54),1,1
(82,57),1,1
(82,66),1,1
(82,68),1,1
(82,71),1,1
(82,77),1,1
(82,78),1,1
(82,83),1,1
(82,85),1,1
(82,90),1,1
(82,91),1,1
(82,93),1,1
(82,94),1,1
(82,95),1,1
(82,96),1,1
(82,100),1,1
(82,105),1,1
(82,112),1,1
(82,113),1,1
(82,118),1,1
(82,120),1,1
(82,123),1,1
(82,126),1,1
(82,128),1,1
(82,130),1,1
(82,132),1,1
(82,134),1,1
(82,142),1,1
(82,148),1,1
(82,151),1,1
(82,155),1,1
(82,162),1,1
(82,170),1,1
(82,173),1,1
(82,174),1,1
(82,181),1,1
(82,184),1,1
(83,14),1,1
(83,24),1,1
(83,46),1,1
(83,71),1,1
(83,90),1,1
(83,155),1,1
(83,159),1,1
(84,1),1,1
(84,6),1,1
(84,13),1,1
(84,14),1,1
(84,15),1,1
(84,20),1,1
(84,22),1,1
(84,25),1,1
(84,26),1,1
(84,30),1,1
(84,32),1,1
(84,35),1,1
(84,46),1,1
(84,51),1,1
(84,52),1,1
(84,53),1,1
(84,54),1,1
(84,57),1,1
(84,66),1,1
(84,68),1,1
(84,71),1,1
(84,83),1,1
(84,85),1,1
(84,88),1,1
(84,90),1,1
(84,91),1,1
(84,94),1,1
(84,95),1,1
(84,96),1,1
(84,100),1,1
(84,106),1,1
(84,112),1,1
(84,113),1,1
(84,120),1,1
(84,123),1,1
(84,126),1,1
(84,128),1,1
(84,130),1,1
(84,132),1,1
(84,134),1,1
(84,142),1,1
(84,148),1,1
(84,151),1,1
(84,155),1,1
(84,159),1,1
(84,162),1,1
(84,173),1,1
(84,174),1,1
(84,181),1,1
(84,184),1,1
(85,14),1,1
(85,46),1,1
(85,71),1,1
(85,88),1,1
(85,90),1,1
(85,155),1,1
(85,159),1,1
(86,14),1,1
(86,46),1,1
(86,71),1,1
(86,90),1,1
(86,155),1,1
(87,15),1,1
(87,34),1,1
(87,77),1,1
(87,93),1,1
(87,100),1,1
(87,134),1,1
(87,173),1,1
(88,14),1,1
(88,19),1,1
(88,24),1,1
(88,46),1,1
(88,71),1,1
(88,90),1,1
(88,155),1,1
(88,159),1,1
(89,1),1,1
(89,6),1,1
(89,13),1,1
(89,14),1,1
(89,15),1,1
(89,20),1,1
(89,22),1,1
(89,25),1,1
(89,30),1,1
(89,31),1,1
(89,32),1,1
(89,34),1,1
(89,35),1,1
(89,46),1,1
(89,53),1,1
(89,54),1,1
(89,57),1,1
(89,58),1,1
(89,66),1,1
(89,68),1,1
(89,71),1,1
(89,83),1,1
(89,85),1,1
(89,88),1,1
(89,90),1,1
(89,93),1,1
(89,94),1,1
(89,95),1,1
(89,96),1,1
(89,100),1,1
(89,112),1,1
(89,113),1,1
(89,114),1,1
(89,120),1,1
(89,123),1,1
(89,126),1,1
(89,127),1,1
(89,128),1,1
(89,130),1,1
(89,134),1,1
(89,142),1,1
(89,148),1,1
(89,151),1,1
(89,155),1,1
(89,159),1,1
(89,162),1,1
(89,173),1,1
(89,174),1,1
(89,181),1,1
(89,184),1,1
(89,187),1,1
(90,3),1,1
(90,15),1,1
(90,100),1,1
(90,134),1,1
(90,137),1,1
(90,173),1,1
(91,14),1,1
(91,46),1,1
(91,71),1,1
(91,90),1,1
(91,155),1,1
(91,159),1,1
(92,14),1,1
(92,46),1,1
(92,71),1,1
(92,90),1,1
(92,155),1,1
(93,6),1,1
(93,13),1,1
(93,14),1,1
(93,15),1,1
(93,20),1,1
(93,24),1,1
(93,25),1,1
(93,30),1,1
(93,31),1,1
(93,32),1,1
(93,35),1,1
(93,38),1,1
(93,46),1,1
(93,51),1,1
(93,52),1,1
(93,53),1,1
(93,54),1,1
(93,57),1,1
(93,61),1,1
(93,66),1,1
(93,68),1,1
(93,71),1,1
(93,83),1,1
(93,85),1,1
(93,88),1,1
(93,90),1,1
(93,91),1,1
(93,94),1,1
(93,95),1,1
(93,96),1,1
(93,100),1,1
(93,108),1,1
(93,112),1,1
(93,113),1,1
(93,120),1,1
(93,123),1,1
(93,126),1,1
(93,128),1,1
(93,130),1,1
(93,132),1,1
(93,134),1,1
(93,142),1,1
(93,148),1,1
(93,151),1,1
(93,155),1,1
(93,159),1,1
(93,162),1,1
(93,171),1,1
(93,173),1,1
(93,174),1,1
(93,180),1,1
(93,182),1,1
(93,184),1,1
(94,15),1,1
(94,93),1,1
(94,100),1,1
(94,134),1,1
(94,173),1,1
(95,15),1,1
(95,31),1,1
(95,34),1,1
(95,93),1,1
(95,100),1,1
(95,102),1,1
(95,134),1,1
(95,173),1,1
(96,7),1,1
(96,15),1,1
(96,22),1,1
(96,31),1,1
(96,34),1,1
(96,87),1,1
(96,93),1,1
(96,100),1,1
(96,134),1,1
(96,173),1,1
(97,6),1,1
(97,13),1,1
(97,14),1,1
(97,15),1,1
(97,22),1,1
(97,24),1,1
(97,25),1,1
(97,26),1,1
(97,30),1,1
(97,31),1,1
(97,32),1,1
(97,34),1,1
(97,35),1,1
(97,46),1,1
(97,51),1,1
(97,53),1,1
(97,54),1,1
(97,66),1,1
(97,68),1,1
(97,69),1,1
(97,71),1,1
(97,79),1,1
(97,83),1,1
(97,84),1,1
(97,85),1,1
(97,90),1,1
(97,91),1,1
(97,93),1,1
(97,94),1,1
(97,95),1,1
(97,96),1,1
(97,100),1,1
(97,106),1,1
(97,112),1,1
(97,113),1,1
(97,114),1,1
(97,118),1,1
(97,120),1,1
(97,123),1,1
(97,126),1,1
(97,128),1,1
(97,132),1,1
(97,134),1,1
(97,142),1,1
(97,148),1,1
(97,155),1,1
(97,159),1,1
(97,162),1,1
(97,170),1,1
(97,173),1,1
(97,174),1,1
(97,180),1,1
(97,184),1,1
(98,6),1,1
(98,8),1,1
(98,13),1,1
(98,14),1,1
(98,15),1,1
(98,20),1,1
(98,24),1,1
(98,25),1,1
(98,31),1,1
(98,32),1,1
(98,34),1,1
(98,35),1,1
(98,46),1,1
(98,51),1,1
(98,53),1,1
(98,54),1,1
(98,56),1,1
(98,57),1,1
(98,66),1,1
(98,68),1,1
(98,71),1,1
(98,83),1,1
(98,85),1,1
(98,90),1,1
(98,91),1,1
(98,93),1,1
(98,94),1,1
(98,95),1,1
(98,96),1,1
(98,100),1,1
(98,112),1,1
(98,113),1,1
(98,114),1,1
(98,116),1,1
(98,118),1,1
(98,120),1,1
(98,123),1,1
(98,126),1,1
(98,128),1,1
(98,130),1,1
(98,132),1,1
(98,134),1,1
(98,142),1,1
(98,148),1,1
(98,151),1,1
(98,155),1,1
(98,160),1,1
(98,162),1,1
(98,173),1,1
(98,174),1,1
(98,184),1,1
(99,15),1,1
(99,22),1,1
(99,34),1,1
(99,77),1,1
(99,100),1,1
(99,134),1,1
(99,173),1,1
(100,14),1,1
(100,24),1,1
(100,46),1,1
(100,71),1,1
(100,90),1,1
(100,155),1,1
(101,15),1,1
(101,22),1,1
(101,31),1,1
(101,34),1,1
(101,93),1,1
(101,100),1,1
(101,134),1,1
(101,173),1,1
(102,15),1,1
(102,31),1,1
(102,34),1,1
(102,72),1,1
(102,100),1,1
(102,134),1,1
(102,173),1,1
(103,6),1,1
(103,13),1,1
(103,14),1,1
(103,15),1,1
(103,20),1,1
(103,25),1,1
(103,30),1,1
(103,31),1,1
(103,32),1,1
(103,35),1,1
(103,46),1,1
(103,53),1,1
(103,54),1,1
(103,57),1,1
(103,66),1,1
(103,68),1,1
(103,71),1,1
(103,79),1,1
(103,83),1,1
(103,85),1,1
(103,90),1,1
(103,91),1,1
(103,94),1,1
(103,95),1,1
(103,96),1,1
(103,100),1,1
(103,112),1,1
(103,113),1,1
(103,120),1,1
(103,123),1,1
(103,126),1,1
(103,128),1,1
(103,130),1,1
(103,134),1,1
(103,142),1,1
(103,148),1,1
(103,151),1,1
(103,155),1,1
(103,162),1,1
(103,170),1,1
(103,173),1,1
(103,174),1,1
(103,184),1,1
(104,4),1,1
(104,6),1,1
(104,13),1,1
(104,14),1,1
(104,15),1,1
(104,20),1,1
(104,25),1,1
(104,30),1,1
(104,31),1,1
(104,32),1,1
(104,34),1,1
(104,35),1,1
(104,46),1,1
(104,53),1,1
(104,54),1,1
(104,57),1,1
(104,66),1,1
(104,68),1,1
(104,71),1,1
(104,77),1,1
(104,83),1,1
(104,85),1,1
(104,90),1,1
(104,91),1,1
(104,93),1,1
(104,94),1,1
(104,95),1,1
(104,96),1,1
(104,100),1,1
(104,112),1,1
(104,113),1,1
(104,118),1,1
(104,120),1,1
(104,123),1,1
(104,126),1,1
(104,127),1,1
(104,128),1,1
(104,130),1,1
(104,134),1,1
(104,142),1,1
(104,148),1,1
(104,151),1,1
(104,155),1,1
(104,159),1,1
(104,162),1,1
(104,170),1,1
(104,173),1,1
(104,174),1,1
(104,184),1,1
(105,8),1,1
(105,15),1,1
(105,100),1,1
(105,134),1,1
(105,173),1,1
(106,14),1,1
(106,46),1,1
(106,71),1,1
(106,90),1,1
(106,155),1,1
(107,6),1,1
(107,13),1,1
(107,14),1,1
(107,15),1,1
(107,20),1,1
(107,22),1,1
(107,25),1,1
(107,30),1,1
(107,32),1,1
(107,34),1,1
(107,35),1,1
(107,42),1,1
(107,46),1,1
(107,53),1,1
(107,54),1,1
(107,56),1,1
(107,57),1,1
(107,66),1,1
(107,68),1,1
(107,71),1,1
(107,77),1,1
(107,83),1,1
(107,85),1,1
(107,88),1,1
(107,90),1,1
(107,91),1,1
(107,93),1,1
(107,94),1,1
(107,95),1,1
(107,96),1,1
(107,100),1,1
(107,104),1,1
(107,105),1,1
(107,108),1,1
(107,109),1,1
(107,112),1,1
(107,113),1,1
(107,115),1,1
(107,120),1,1
(107,123),1,1
(107,126),1,1
(107,128),1,1
(107,130),1,1
(107,132),1,1
(107,134),1,1
(107,142),1,1
(107,148),1,1
(107,151),1,1
(107,155),1,1
(107,158),1,1
(107,162),1,1
(107,173),1,1
(107,174),1,1
(107,181),1,1
(107,184),1,1
(107,189),1,1
(108,15),1,1
(108,22),1,1
(108,34),1,1
(108,77),1,1
(108,93),1,1
(108,100),1,1
(108,134),1,1
(108,173),1,1
(109,6),1,1
(109,13),1,1
(109,14),1,1
(109,15),1,1
(109,22),1,1
(109,25),1,1
(109,30),1,1
(109,32),1,1
(109,34),1,1
(109,35),1,1
(109,46),1,1
(109,53),1,1
(109,54),1,1
(109,66),1,1
(109,68),1,1
(109,71),1,1
(109,77),1,1
(109,79),1,1
(109,83),1,1
(109,85),1,1
(109,88),1,1
(109,90),1,1
(109,91),1,1
(109,93),1,1
(109,94),1,1
(109,95),1,1
(109,96),1,1
(109,100),1,1
(109,112),1,1
(109,113),1,1
(109,120),1,1
(109,123),1,1
(109,126),1,1
(109,128),1,1
(109,130),1,1
(109,132),1,1
(109,134),1,1
(109,142),1,1
(109,148),1,1
(109,151),1,1
(109,155),1,1
(109,162),1,1
(109,170),1,1
(109,173),1,1
(109,174),1,1
(109,181),1,1
(109,184),1,1
(109,188),1,1
(110,14),1,1
(110,46),1,1
(110,71),1,1
(110,88),1,1
(110,90),1,1
(110,155),1,1
(111,6),1,1
(111,8),1,1
(111,13),1,1
(111,14),1,1
(111,15),1,1
(111,20),1,1
(111,22),1,1
(111,25),1,1
(111,30),1,1
(111,31),1,1
(111,32),1,1
(111,34),1,1
(111,35),1,1
(111,46),1,1
(111,53),1,1
(111,54),1,1
(111,57),1,1
(111,66),1,1
(111,68),1,1
(111,71),1,1
(111,73),1,1
(111,77),1,1
(111,83),1,1
(111,85),1,1
(111,87),1,1
(111,90),1,1
(111,91),1,1
(111,93),1,1
(111,94),1,1
(111,95),1,1
(111,96),1,1
(111,100),1,1
(111,112),1,1
(111,113),1,1
(111,114),1,1
(111,116),1,1
(111,120),1,1
(111,123),1,1
(111,126),1,1
(111,128),1,1
(111,132),1,1
(111,134),1,1
(111,142),1,1
(111,148),1,1
(111,151),1,1
(111,155),1,1
(111,162),1,1
(111,173),1,1
(111,174),1,1
(111,180),1,1
(111,181),1,1
(111,184),1,1
(111,187),1,1
(112,15),1,1
(112,100),1,1
(112,134),1,1
(112,173),1,1
(113,14),1,1
(113,19),1,1
(113,46),1,1
(113,71),1,1
(113,90),1,1
(113,155),1,1
(114,6),1,1
(114,13),1,1
(114,14),1,1
(114,15),1,1
(114,20),1,1
(114,22),1,1
(114,25),1,1
(114,30),1,1
(114,31),1,1
(114,32),1,1
(114,34),1,1
(114,39),1,1
(114,46),1,1
(114,53),1,1
(114,54),1,1
(114,57),1,1
(114,66),1,1
(114,68),1,1
(114,71),1,1
(114,78),1,1
(114,79),1,1
(114,83),1,1
(114,85),1,1
(114,87),1,1
(114,88),1,1
(114,90),1,1
(114,91),1,1
(114,93),1,1
(114,94),1,1
(114,95),1,1
(114,96),1,1
(114,100),1,1
(114,106),1,1
(114,112),1,1
(114,113),1,1
(114,120),1,1
(114,123),1,1
(114,126),1,1
(114,128),1,1
(114,132),1,1
(114,134),1,1
(114,142),1,1
(114,148),1,1
(114,155),1,1
(114,160),1,1
(114,162),1,1
(114,170),1,1
(114,173),1,1
(114,174),1,1
(114,181),1,1
(114,184),1,1
(114,187),1,1
(115,14),1,1
(115,24),1,1
(115,46),1,1
(115,71),1,1
(115,88),1,1
(115,90),1,1
(115,155),1,1
(116,8),1,1
(116,15),1,1
(116,22),1,1
(116,26),1,1
(116,31),1,1
(116,72),1,1
(116,93),1,1
(116,100),1,1
(116,134),1,1
(116,173),1,1
(117,15),1,1
(117,22),1,1
(117,31),1,1
(117,34),1,1
(117,77),1,1
(117,93),1,1
(117,100),1,1
(117,134),1,1
(117,173),1,1
(118,8),1,1
(118,15),1,1
(118,31),1,1
(118,34),1,1
(118,72),1,1
(118,77),1,1
(118,93),1,1
(118,100),1,1
(118,134),1,1
(118,173),1,1
(119,15),1,1
(119,22),1,1
(119,26),1,1
(119,34),1,1
(119,93),1,1
(119,100),1,1
(119,134),1,1
(119,173),1,1
(120,14),1,1
(120,24),1,1
(120,46),1,1
(120,71),1,1
(120,90),1,1
(120,155),1,1
(120,159),1,1
(121,6),1,1
(121,13),1,1
(121,14),1,1
(121,15),1,1
(121,20),1,1
(121,25),1,1
(121,30),1,1
(121,31),1,1
(121,32),1,1
(121,33),1,1
(121,34),1,1
(121,46),1,1
(121,51),1,1
(121,53),1,1
(121,54),1,1
(121,57),1,1
(121,66),1,1
(121,68),1,1
(121,71),1,1
(121,77),1,1
(121,83),1,1
(121,85),1,1
(121,90),1,1
(121,91),1,1
(121,93),1,1
(121,94),1,1
(121,95),1,1
(121,96),1,1
(121,100),1,1
(121,112),1,1
(121,113),1,1
(121,114),1,1
(121,120),1,1
(121,123),1,1
(121,126),1,1
(121,127),1,1
(121,128),1,1
(121,132),1,1
(121,134),1,1
(121,142),1,1
(121,148),1,1
(121,151),1,1
(121,155),1,1
(121,159),1,1
(121,162),1,1
(121,170),1,1
(121,173),1,1
(121,174),1,1
(121,181),1,1
(121,182),1,1
(121,184),1,1
(122,6),1,1
(122,13),1,1
(122,14),1,1
(122,15),1,1
(122,25),1,1
(122,30),1,1
(122,32),1,1
(122,34),1,1
(122,35),1,1
(122,46),1,1
(122,51),1,1
(122,53),1,1
(122,54),1,1
(122,62),1,1
(122,66),1,1
(122,68),1,1
(122,71),1,1
(122,72),1,1
(122,78),1,1
(122,79),1,1
(122,83),1,1
(122,84),1,1
(122,85),1,1
(122,90),1,1
(122,94),1,1
(122,95),1,1
(122,96),1,1
(122,100),1,1
(122,112),1,1
(122,113),1,1
(122,120),1,1
(122,123),1,1
(122,126),1,1
(122,127),1,1
(122,128),1,1
(122,130),1,1
(122,132),1,1
(122,134),1,1
(122,142),1,1
(122,148),1,1
(122,151),1,1
(122,155),1,1
(122,159),1,1
(122,162),1,1
(122,170),1,1
(122,173),1,1
(122,174),1,1
(122,179),1,1
(122,181),1,1
(122,184),1,1
(123,15),1,1
(123,22),1,1
(123,31),1,1
(123,34),1,1
(123,77),1,1
(123,100),1,1
(123,134),1,1
(123,173),1,1
(124,14),1,1
(124,46),1,1
(124,71),1,1
(124,88),1,1
(124,90),1,1
(124,155),1,1
(124,188),1,1
(125,14),1,1
(125,19),1,1
(125,46),1,1
(125,71),1,1
(125,88),1,1
(125,90),1,1
(125,155),1,1
(126,7),1,1
(126,15),1,1
(126,31),1,1
(126,34),1,1
(126,100),1,1
(126,134),1,1
(126,173),1,1
(127,6),1,1
(127,13),1,1
(127,14),1,1
(127,15),1,1
(127,20),1,1
(127,25),1,1
(127,30),1,1
(127,31),1,1
(127,32),1,1
(127,46),1,1
(127,53),1,1
(127,54),1,1
(127,66),1,1
(127,68),1,1
(127,71),1,1
(127,77),1,1
(127,79),1,1
(127,83),1,1
(127,85),1,1
(127,90),1,1
(127,93),1,1
(127,94),1,1
(127,95),1,1
(127,96),1,1
(127,100),1,1
(127,112),1,1
(127,113),1,1
(127,118),1,1
(127,120),1,1
(127,123),1,1
(127,126),1,1
(127,128),1,1
(127,132),1,1
(127,134),1,1
(127,142),1,1
(127,148),1,1
(127,155),1,1
(127,162),1,1
(127,173),1,1
(127,174),1,1
(127,181),1,1
(127,184),1,1
(128,8),1,1
(128,15),1,1
(128,34),1,1
(128,77),1,1
(128,87),1,1
(128,93),1,1
(128,100),1,1
(128,134),1,1
(128,173),1,1
(129,6),1,1
(129,13),1,1
(129,14),1,1
(129,15),1,1
(129,20),1,1
(129,22),1,1
(129,25),1,1
(129,27),1,1
(129,30),1,1
(129,32),1,1
(129,33),1,1
(129,35),1,1
(129,38),1,1
(129,46),1,1
(129,51),1,1
(129,53),1,1
(129,54),1,1
(129,57),1,1
(129,66),1,1
(129,68),1,1
(129,71),1,1
(129,72),1,1
(129,83),1,1
(129,85),1,1
(129,90),1,1
(129,93),1,1
(129,94),1,1
(129,95),1,1
(129,96),1,1
(129,100),1,1
(129,104),1,1
(129,112),1,1
(129,113),1,1
(129,118),1,1
(129,120),1,1
(129,123),1,1
(129,126),1,1
(129,128),1,1
(129,132),1,1
(129,134),1,1
(129,142),1,1
(129,148),1,1
(129,151),1,1
(129,155),1,1
(129,159),1,1
(129,160),1,1
(129,162),1,1
(129,170),1,1
(129,173),1,1
(129,174),1,1
(129,184),1,1
(129,187),1,1
(130,8),1,1
(130,15),1,1
(130,22),1,1
(130,34),1,1
(130,93),1,1
(130,100),1,1
(130,134),1,1
(130,173),1,1
(131,15),1,1
(131,22),1,1
(131,34),1,1
(131,77),1,1
(131,93),1,1
(131,100),1,1
(131,134),1,1
(131,173),1,1
(132,15),1,1
(132,31),1,1
(132,34),1,1
(132,100),1,1
(132,134),1,1
(132,173),1,1
(133,1),1,1
(133,6),1,1
(133,13),1,1
(133,14),1,1
(133,15),1,1
(133,20),1,1
(133,25),1,1
(133,30),1,1
(133,32),1,1
(133,34),1,1
(133,40),1,1
(133,46),1,1
(133,51),1,1
(133,53),1,1
(133,54),1,1
(133,66),1,1
(133,68),1,1
(133,71),1,1
(133,79),1,1
(133,83),1,1
(133,85),1,1
(133,90),1,1
(133,93),1,1
(133,94),1,1
(133,95),1,1
(133,96),1,1
(133,100),1,1
(133,108),1,1
(133,112),1,1
(133,113),1,1
(133,120),1,1
(133,123),1,1
(133,126),1,1
(133,128),1,1
(133,130),1,1
(133,132),1,1
(133,134),1,1
(133,142),1,1
(133,144),1,1
(133,148),1,1
(133,155),1,1
(133,159),1,1
(133,160),1,1
(133,162),1,1
(133,170),1,1
(133,171),1,1
(133,173),1,1
(133,174),1,1
(133,181),1,1
(133,184),1,1
(134,14),1,1
(134,46),1,1
(134,71),1,1
(134,90),1,1
(134,155),1,1
(134,159),1,1
(134,188),1,1
(135,6),1,1
(135,13),1,1
(135,14),1,1
(135,15),1,1
(135,22),1,1
(135,24),1,1
(135,25),1,1
(135,31),1,1
(135,32),1,1
(135,34),1,1
(135,35),1,1
(135,38),1,1
(135,46),1,1
(135,53),1,1
(135,54),1,1
(135,57),1,1
(135,58),1,1
(135,66),1,1
(135,68),1,1
(135,71),1,1
(135,83),1,1
(135,85),1,1
(135,90),1,1
(135,91),1,1
(135,93),1,1
(135,94),1,1
(135,95),1,1
(135,96),1,1
(135,100),1,1
(135,109),1,1
(135,112),1,1
(135,113),1,1
(135,120),1,1
(135,123),1,1
(135,126),1,1
(135,128),1,1
(135,130),1,1
(135,132),1,1
(135,134),1,1
(135,142),1,1
(135,148),1,1
(135,151),1,1
(135,155),1,1
(135,159),1,1
(135,162),1,1
(135,171),1,1
(135,173),1,1
(135,174),1,1
(135,181),1,1
(135,184),1,1
(136,6),1,1
(136,13),1,1
(136,14),1,1
(136,15),1,1
(136,20),1,1
(136,25),1,1
(136,30),1,1
(136,32),1,1
(136,34),1,1
(136,35),1,1
(136,39),1,1
(136,42),1,1
(136,46),1,1
(136,51),1,1
(136,53),1,1
(136,54),1,1
(136,66),1,1
(136,68),1,1
(136,71),1,1
(136,79),1,1
(136,83),1,1
(136,85),1,1
(136,88),1,1
(136,90),1,1
(136,91),1,1
(136,93),1,1
(136,94),1,1
(136,95),1,1
(136,96),1,1
(136,100),1,1
(136,112),1,1
(136,113),1,1
(136,120),1,1
(136,123),1,1
(136,126),1,1
(136,128),1,1
(136,130),1,1
(136,132),1,1
(136,134),1,1
(136,142),1,1
(136,148),1,1
(136,155),1,1
(136,159),1,1
(136,162),1,1
(136,170),1,1
(136,171),1,1
(136,173),1,1
(136,174),1,1
(136,181),1,1
(136,184),1,1
(136,186),1,1
(137,6),1,1
(137,13),1,1
(137,14),1,1
(137,15),1,1
(137,20),1,1
(137,22),1,1
(137,25),1,1
(137,30),1,1
(137,32),1,1
(137,34),1,1
(137,35),1,1
(137,38),1,1
(137,46),1,1
(137,53),1,1
(137,54),1,1
(137,57),1,1
(137,66),1,1
(137,68),1,1
(137,71),1,1
(137,78),1,1
(137,79),1,1
(137,83),1,1
(137,85),1,1
(137,90),1,1
(137,91),1,1
(137,93),1,1
(137,94),1,1
(137,95),1,1
(137,96),1,1
(137,100),1,1
(137,112),1,1
(137,113),1,1
(137,120),1,1
(137,123),1,1
(137,126),1,1
(137,127),1,1
(137,128),1,1
(137,132),1,1
(137,134),1,1
(137,142),1,1
(137,148),1,1
(137,151),1,1
(137,155),1,1
(137,160),1,1
(137,162),1,1
(137,173),1,1
(137,174),1,1
(137,181),1,1
(137,184),1,1
(138,5),1,1
(138,6),1,1
(138,13),1,1
(138,14),1,1
(138,15),1,1
(138,20),1,1
(138,22),1,1
(138,24),1,1
(138,25),1,1
(138,30),1,1
(138,31),1,1
(138,32),1,1
(138,33),1,1
(138,34),1,1
(138,35),1,1
(138,46),1,1
(138,51),1,1
(138,53),1,1
(138,54),1,1
(138,57),1,1
(138,58),1,1
(138,61),1,1
(138,66),1,1
(138,68),1,1
(138,71),1,1
(138,78),1,1
(138,79),1,1
(138,83),1,1
(138,85),1,1
(138,90),1,1
(138,93),1,1
(138,94),1,1
(138,95),1,1
(138,96),1,1
(138,100),1,1
(138,108),1,1
(138,112),1,1
(138,113),1,1
(138,118),1,1
(138,120),1,1
(138,123),1,1
(138,126),1,1
(138,127),1,1
(138,128),1,1
(138,130),1,1
(138,132),1,1
(138,134),1,1
(138,142),1,1
(138,148),1,1
(138,151),1,1
(138,155),1,1
(138,159),1,1
(138,162),1,1
(138,170),1,1
(138,173),1,1
(138,174),1,1
(138,180),1,1
(138,181),1,1
(138,184),1,1
(139,1),1,1
(139,6),1,1
(139,13),1,1
(139,14),1,1
(139,15),1,1
(139,20),1,1
(139,25),1,1
(139,32),1,1
(139,42),1,1
(139,46),1,1
(139,51),1,1
(139,53),1,1
(139,54),1,1
(139,57),1,1
(139,66),1,1
(139,68),1,1
(139,71),1,1
(139,79),1,1
(139,83),1,1
(139,85),1,1
(139,90),1,1
(139,91),1,1
(139,93),1,1
(139,94),1,1
(139,95),1,1
(139,96),1,1
(139,100),1,1
(139,106),1,1
(139,112),1,1
(139,113),1,1
(139,114),1,1
(139,120),1,1
(139,123),1,1
(139,126),1,1
(139,127),1,1
(139,128),1,1
(139,132),1,1
(139,134),1,1
(139,142),1,1
(139,148),1,1
(139,155),1,1
(139,159),1,1
(139,162),1,1
(139,173),1,1
(139,174),1,1
(139,184),1,1
(139,187),1,1
(140,6),1,1
(140,11),1,1
(140,13),1,1
(140,14),1,1
(140,15),1,1
(140,20),1,1
(140,24),1,1
(140,25),1,1
(140,30),1,1
(140,32),1,1
(140,34),1,1
(140,35),1,1
(140,46),1,1
(140,51),1,1
(140,53),1,1
(140,54),1,1
(140,57),1,1
(140,66),1,1
(140,68),1,1
(140,71),1,1
(140,79),1,1
(140,83),1,1
(140,85),1,1
(140,87),1,1
(140,88),1,1
(140,90),1,1
(140,94),1,1
(140,95),1,1
(140,96),1,1
(140,100),1,1
(140,112),1,1
(140,113),1,1
(140,120),1,1
(140,123),1,1
(140,126),1,1
(140,128),1,1
(140,130),1,1
(140,132),1,1
(140,134),1,1
(140,137),1,1
(140,142),1,1
(140,148),1,1
(140,151),1,1
(140,155),1,1
(140,159),1,1
(140,160),1,1
(140,162),1,1
(140,173),1,1
(140,174),1,1
(140,179),1,1
(140,181),1,1
(140,184),1,1
(140,187),1,1
(141,6),1,1
(141,13),1,1
(141,14),1,1
(141,15),1,1
(141,20),1,1
(141,24),1,1
(141,25),1,1
(141,30),1,1
(141,32),1,1
(141,35),1,1
(141,46),1,1
(141,53),1,1
(141,54),1,1
(141,57),1,1
(141,66),1,1
(141,68),1,1
(141,71),1,1
(141,72),1,1
(141,77),1,1
(141,78),1,1
(141,79),1,1
(141,83),1,1
(141,85),1,1
(141,90),1,1
(141,91),1,1
(141,93),1,1
(141,94),1,1
(141,95),1,1
(141,96),1,1
(141,100),1,1
(141,112),1,1
(141,113),1,1
(141,120),1,1
(141,123),1,1
(141,126),1,1
(141,128),1,1
(141,130),1,1
(141,134),1,1
(141,142),1,1
(141,148),1,1
(141,151),1,1
(141,155),1,1
(141,162),1,1
(141,170),1,1
(141,173),1,1
(141,181),1,1
(141,184),1,1
(141,187),1,1
(142,14),1,1
(142,24),1,1
(142,46),1,1
(142,71),1,1
(142,90),1,1
(142,155),1,1
(142,159),1,1
(143,4),1,1
(143,6),1,1
(143,13),1,1
(143,14),1,1
(143,15),1,1
(143,20),1,1
(143,24),1,1
(143,25),1,1
(143,32),1,1
(143,34),1,1
(143,35),1,1
(143,42),1,1
(143,46),1,1
(143,51),1,1
(143,52),1,1
(143,53),1,1
(143,54),1,1
(143,56),1,1
(143,57),1,1
(143,66),1,1
(143,68),1,1
(143,71),1,1
(143,72),1,1
(143,77),1,1
(143,78),1,1
(143,83),1,1
(143,85),1,1
(143,90),1,1
(143,91),1,1
(143,93),1,1
(143,94),1,1
(143,95),1,1
(143,96),1,1
(143,100),1,1
(143,106),1,1
(143,112),1,1
(143,113),1,1
(143,120),1,1
(143,123),1,1
(143,126),1,1
(143,128),1,1
(143,132),1,1
(143,134),1,1
(143,142),1,1
(143,148),1,1
(143,151),1,1
(143,155),1,1
(143,159),1,1
(143,162),1,1
(143,171),1,1
(143,173),1,1
(143,174),1,1
(143,182),1,1
(143,184),1,1
(144,15),1,1
(144,22),1,1
(144,31),1,1
(144,34),1,1
(144,77),1,1
(144,93),1,1
(144,100),1,1
(144,134),1,1
(144,173),1,1
(145,15),1,1
(145,34),1,1
(145,72),1,1
(145,93),1,1
(145,100),1,1
(145,134),1,1
(145,173),1,1
(146,15),1,1
(146,31),1,1
(146,72),1,1
(146,100),1,1
(146,134),1,1
(146,144),1,1
(147,6),1,1
(147,13),1,1
(147,14),1,1
(147,15),1,1
(147,24),1,1
(147,25),1,1
(147,30),1,1
(147,31),1,1
(147,32),1,1
(147,34),1,1
(147,35),1,1
(147,46),1,1
(147,53),1,1
(147,54),1,1
(147,57),1,1
(147,66),1,1
(147,68),1,1
(147,71),1,1
(147,77),1,1
(147,78),1,1
(147,79),1,1
(147,83),1,1
(147,85),1,1
(147,88),1,1
(147,90),1,1
(147,91),1,1
(147,93),1,1
(147,94),1,1
(147,95),1,1
(147,96),1,1
(147,100),1,1
(147,111),1,1
(147,112),1,1
(147,113),1,1
(147,118),1,1
(147,120),1,1
(147,123),1,1
(147,126),1,1
(147,127),1,1
(147,128),1,1
(147,130),1,1
(147,132),1,1
(147,134),1,1
(147,142),1,1
(147,148),1,1
(147,151),1,1
(147,155),1,1
(147,159),1,1
(147,160),1,1
(147,162),1,1
(147,173),1,1
(147,174),1,1
(147,181),1,1
(147,184),1,1
(148,15),1,1
(148,22),1,1
(148,34),1,1
(148,72),1,1
(148,77),1,1
(148,100),1,1
(148,134),1,1
(148,186),1,1
(149,14),1,1
(149,46),1,1
(149,71),1,1
(149,90),1,1
(149,155),1,1
(150,15),1,1
(150,22),1,1
(150,34),1,1
(150,77),1,1
(150,93),1,1
(150,100),1,1
(150,134),1,1
(150,173),1,1
(151,15),1,1
(151,31),1,1
(151,72),1,1
(151,93),1,1
(151,100),1,1
(151,134),1,1
(152,4),1,1
(152,6),1,1
(152,13),1,1
(152,14),1,1
(152,15),1,1
(152,20),1,1
(152,22),1,1
(152,24),1,1
(152,25),1,1
(152,26),1,1
(152,30),1,1
(152,32),1,1
(152,34),1,1
(152,38),1,1
(152,46),1,1
(152,51),1,1
(152,53),1,1
(152,54),1,1
(152,57),1,1
(152,58),1,1
(152,66),1,1
(152,68),1,1
(152,69),1,1
(152,71),1,1
(152,78),1,1
(152,79),1,1
(152,83),1,1
(152,85),1,1
(152,90),1,1
(152,93),1,1
(152,94),1,1
(152,95),1,1
(152,96),1,1
(152,100),1,1
(152,112),1,1
(152,113),1,1
(152,114),1,1
(152,120),1,1
(152,123),1,1
(152,126),1,1
(152,128),1,1
(152,132),1,1
(152,134),1,1
(152,142),1,1
(152,147),1,1
(152,148),1,1
(152,155),1,1
(152,159),1,1
(152,162),1,1
(152,164),1,1
(152,170),1,1
(152,174),1,1
(152,181),1,1
(152,184),1,1
(152,185),1,1
(152,187),1,1
(153,6),1,1
(153,13),1,1
(153,14),1,1
(153,15),1,1
(153,22),1,1
(153,25),1,1
(153,26),1,1
(153,30),1,1
(153,32),1,1
(153,35),1,1
(153,42),1,1
(153,46),1,1
(153,53),1,1
(153,54),1,1
(153,57),1,1
(153,66),1,1
(153,68),1,1
(153,71),1,1
(153,72),1,1
(153,79),1,1
(153,83),1,1
(153,84),1,1
(153,85),1,1
(153,87),1,1
(153,90),1,1
(153,91),1,1
(153,93),1,1
(153,94),1,1
(153,95),1,1
(153,96),1,1
(153,100),1,1
(153,106),1,1
(153,109),1,1
(153,112),1,1
(153,113),1,1
(153,118),1,1
(153,120),1,1
(153,123),1,1
(153,126),1,1
(153,127),1,1
(153,128),1,1
(153,130),1,1
(153,132),1,1
(153,134),1,1
(153,142),1,1
(153,148),1,1
(153,151),1,1
(153,155),1,1
(153,162),1,1
(153,173),1,1
(153,174),1,1
(153,181),1,1
(153,182),1,1
(153,184),1,1
(153,188),1,1
(154,1),1,1
(154,6),1,1
(154,13),1,1
(154,14),1,1
(154,15),1,1
(154,20),1,1
(154,24),1,1
(154,25),1,1
(154,30),1,1
(154,31),1,1
(154,32),1,1
(154,35),1,1
(154,38),1,1
(154,46),1,1
(154,51),1,1
(154,53),1,1
(154,54),1,1
(154,57),1,1
(154,66),1,1
(154,68),1,1
(154,71),1,1
(154,77),1,1
(154,79),1,1
(154,83),1,1
(154,85),1,1
(154,90),1,1
(154,91),1,1
(154,94),1,1
(154,95),1,1
(154,96),1,1
(154,100),1,1
(154,106),1,1
(154,111),1,1
(154,112),1,1
(154,113),1,1
(154,120),1,1
(154,123),1,1
(154,126),1,1
(154,128),1,1
(154,130),1,1
(154,132),1,1
(154,134),1,1
(154,142),1,1
(154,148),1,1
(154,151),1,1
(154,155),1,1
(154,158),1,1
(154,162),1,1
(154,170),1,1
(154,171),1,1
(154,173),1,1
(154,174),1,1
(154,180),1,1
(154,181),1,1
(154,184),1,1
(154,187),1,1
(156,1),1,1
(156,6),1,1
(156,13),1,1
(156,14),1,1
(156,15),1,1
(156,20),1,1
(156,22),1,1
(156,25),1,1
(156,30),1,1
(156,31),1,1
(156,32),1,1
(156,34),1,1
(156,35),1,1
(156,46),1,1
(156,53),1,1
(156,54),1,1
(156,57),1,1
(156,66),1,1
(156,68),1,1
(156,71),1,1
(156,79),1,1
(156,83),1,1
(156,85),1,1
(156,90),1,1
(156,93),1,1
(156,94),1,1
(156,95),1,1
(156,96),1,1
(156,100),1,1
(156,106),1,1
(156,112),1,1
(156,113),1,1
(156,114),1,1
(156,118),1,1
(156,120),1,1
(156,123),1,1
(156,126),1,1
(156,127),1,1
(156,128),1,1
(156,130),1,1
(156,132),1,1
(156,133),1,1
(156,134),1,1
(156,142),1,1
(156,148),1,1
(156,151),1,1
(156,155),1,1
(156,159),1,1
(156,162),1,1
(156,166),1,1
(156,170),1,1
(156,173),1,1
(156,174),1,1
(156,180),1,1
(156,181),1,1
(156,184),1,1
(157,1),1,1
(157,6),1,1
(157,10),1,1
(157,13),1,1
(157,14),1,1
(157,15),1,1
(157,20),1,1
(157,25),1,1
(157,30),1,1
(157,31),1,1
(157,32),1,1
(157,35),1,1
(157,46),1,1
(157,53),1,1
(157,54),1,1
(157,66),1,1
(157,68),1,1
(157,71),1,1
(157,78),1,1
(157,83),1,1
(157,85),1,1
(157,88),1,1
(157,90),1,1
(157,93),1,1
(157,94),1,1
(157,95),1,1
(157,96),1,1
(157,100),1,1
(157,112),1,1
(157,113),1,1
(157,118),1,1
(157,120),1,1
(157,123),1,1
(157,126),1,1
(157,128),1,1
(157,130),1,1
(157,132),1,1
(157,134),1,1
(157,142),1,1
(157,148),1,1
(157,151),1,1
(157,155),1,1
(157,160),1,1
(157,162),1,1
(157,170),1,1
(157,171),1,1
(157,173),1,1
(157,174),1,1
(157,181),1,1
(157,182),1,1
(157,184),1,1
(158,6),1,1
(158,13),1,1
(158,14),1,1
(158,15),1,1
(158,20),1,1
(158,25),1,1
(158,30),1,1
(158,31),1,1
(158,32),1,1
(158,34),1,1
(158,35),1,1
(158,38),1,1
(158,46),1,1
(158,50),1,1
(158,53),1,1
(158,54),1,1
(158,66),1,1
(158,68),1,1
(158,71),1,1
(158,83),1,1
(158,85),1,1
(158,90),1,1
(158,91),1,1
(158,93),1,1
(158,94),1,1
(158,95),1,1
(158,96),1,1
(158,100),1,1
(158,106),1,1
(158,108),1,1
(158,112),1,1
(158,113),1,1
(158,120),1,1
(158,123),1,1
(158,126),1,1
(158,128),1,1
(158,130),1,1
(158,134),1,1
(158,142),1,1
(158,148),1,1
(158,151),1,1
(158,155),1,1
(158,159),1,1
(158,162),1,1
(158,170),1,1
(158,173),1,1
(158,174),1,1
(158,181),1,1
(158,184),1,1
(159,15),1,1
(159,22),1,1
(159,34),1,1
(159,52),1,1
(159,87),1,1
(159,93),1,1
(159,100),1,1
(159,134),1,1
(159,173),1,1
(160,8),1,1
(160,15),1,1
(160,31),1,1
(160,77),1,1
(160,93),1,1
(160,100),1,1
(160,134),1,1
(160,137),1,1
(161,15),1,1
(161,34),1,1
(161,93),1,1
(161,100),1,1
(161,134),1,1
(161,173),1,1
(162,14),1,1
(162,46),1,1
(162,71),1,1
(162,90),1,1
(162,107),1,1
(162,155),1,1
(162,159),1,1
(163,4),1,1
(163,6),1,1
(163,13),1,1
(163,14),1,1
(163,15),1,1
(163,20),1,1
(163,25),1,1
(163,32),1,1
(163,34),1,1
(163,38),1,1
(163,46),1,1
(163,53),1,1
(163,54),1,1
(163,57),1,1
(163,66),1,1
(163,68),1,1
(163,71),1,1
(163,83),1,1
(163,85),1,1
(163,88),1,1
(163,90),1,1
(163,91),1,1
(163,93),1,1
(163,94),1,1
(163,95),1,1
(163,96),1,1
(163,100),1,1
(163,108),1,1
(163,109),1,1
(163,112),1,1
(163,113),1,1
(163,118),1,1
(163,120),1,1
(163,123),1,1
(163,126),1,1
(163,128),1,1
(163,129),1,1
(163,130),1,1
(163,132),1,1
(163,134),1,1
(163,142),1,1
(163,148),1,1
(163,151),1,1
(163,155),1,1
(163,158),1,1
(163,161),1,1
(163,162),1,1
(163,173),1,1
(163,174),1,1
(163,181),1,1
(163,184),1,1
(164,15),1,1
(164,31),1,1
(164,34),1,1
(164,72),1,1
(164,100),1,1
(164,134),1,1
(164,173),1,1
(165,15),1,1
(165,34),1,1
(165,100),1,1
(165,134),1,1
(165,173),1,1
(165,186),1,1
(166,6),1,1
(166,13),1,1
(166,14),1,1
(166,15),1,1
(166,22),1,1
(166,24),1,1
(166,25),1,1
(166,30),1,1
(166,31),1,1
(166,32),1,1
(166,34),1,1
(166,35),1,1
(166,39),1,1
(166,46),1,1
(166,51),1,1
(166,52),1,1
(166,53),1,1
(166,54),1,1
(166,57),1,1
(166,58),1,1
(166,66),1,1
(166,68),1,1
(166,71),1,1
(166,79),1,1
(166,83),1,1
(166,85),1,1
(166,87),1,1
(166,90),1,1
(166,91),1,1
(166,93),1,1
(166,94),1,1
(166,95),1,1
(166,96),1,1
(166,100),1,1
(166,106),1,1
(166,112),1,1
(166,113),1,1
(166,120),1,1
(166,123),1,1
(166,126),1,1
(166,128),1,1
(166,130),1,1
(166,132),1,1
(166,134),1,1
(166,142),1,1
(166,148),1,1
(166,151),1,1
(166,155),1,1
(166,159),1,1
(166,162),1,1
(166,170),1,1
(166,174),1,1
(166,180),1,1
(166,184),1,1
(166,185),1,1
(167,15),1,1
(167,77),1,1
(167,93),1,1
(167,100),1,1
(167,134),1,1
(167,144),1,1
(167,173),1,1
(168,14),1,1
(168,46),1,1
(168,71),1,1
(168,90),1,1
(168,155),1,1
(168,159),1,1
(169,15),1,1
(169,22),1,1
(169,31),1,1
(169,52),1,1
(169,93),1,1
(169,100),1,1
(169,134),1,1
(169,173),1,1
(170,14),1,1
(170,24),1,1
(170,46),1,1
(170,71),1,1
(170,90),1,1
(170,155),1,1
(170,159),1,1
(171,15),1,1
(171,17),1,1
(171,31),1,1
(171,34),1,1
(171,72),1,1
(171,93),1,1
(171,100),1,1
(171,102),1,1
(171,134),1,1
(171,173),1,1
(172,3),1,1
(172,6),1,1
(172,13),1,1
(172,14),1,1
(172,15),1,1
(172,20),1,1
(172,22),1,1
(172,24),1,1
(172,25),1,1
(172,30),1,1
(172,32),1,1
(172,34),1,1
(172,37),1,1
(172,42),1,1
(172,46),1,1
(172,53),1,1
(172,54),1,1
(172,58),1,1
(172,66),1,1
(172,68),1,1
(172,71),1,1
(172,72),1,1
(172,83),1,1
(172,85),1,1
(172,88),1,1
(172,90),1,1
(172,94),1,1
(172,95),1,1
(172,96),1,1
(172,100),1,1
(172,104),1,1
(172,106),1,1
(172,112),1,1
(172,113),1,1
(172,118),1,1
(172,120),1,1
(172,123),1,1
(172,126),1,1
(172,128),1,1
(172,130),1,1
(172,132),1,1
(172,134),1,1
(172,142),1,1
(172,148),1,1
(172,151),1,1
(172,155),1,1
(172,162),1,1
(172,173),1,1
(172,174),1,1
(172,180),1,1
(172,181),1,1
(172,184),1,1
(173,14),1,1
(173,24),1,1
(173,46),1,1
(173,71),1,1
(173,88),1,1
(173,90),1,1
(173,155),1,1
(173,186),1,1
(174,15),1,1
(174,22),1,1
(174,34),1,1
(174,87),1,1
(174,100),1,1
(174,134),1,1
(174,173),1,1
(175,15),1,1
(175,22),1,1
(175,34),1,1
(175,37),1,1
(175,100),1,1
(175,134),1,1
(175,173),1,1
(176,6),1,1
(176,13),1,1
(176,14),1,1
(176,15),1,1
(176,17),1,1
(176,20),1,1
(176,22),1,1
(176,25),1,1
(176,28),1,1
(176,32),1,1
(176,34),1,1
(176,35),1,1
(176,40),1,1
(176,46),1,1
(176,53),1,1
(176,54),1,1
(176,57),1,1
(176,58),1,1
(176,66),1,1
(176,68),1,1
(176,71),1,1
(176,83),1,1
(176,84),1,1
(176,85),1,1
(176,88),1,1
(176,90),1,1
(176,91),1,1
(176,94),1,1
(176,95),1,1
(176,96),1,1
(176,100),1,1
(176,105),1,1
(176,106),1,1
(176,112),1,1
(176,113),1,1
(176,116),1,1
(176,120),1,1
(176,123),1,1
(176,126),1,1
(176,128),1,1
(176,132),1,1
(176,133),1,1
(176,134),1,1
(176,142),1,1
(176,148),1,1
(176,151),1,1
(176,155),1,1
(176,159),1,1
(176,162),1,1
(176,170),1,1
(176,171),1,1
(176,173),1,1
(176,174),1,1
(176,181),1,1
(176,184),1,1
(177,6),1,1
(177,13),1,1
(177,14),1,1
(177,15),1,1
(177,25),1,1
(177,30),1,1
(177,32),1,1
(177,46),1,1
(177,53),1,1
(177,54),1,1
(177,57),1,1
(177,66),1,1
(177,68),1,1
(177,71),1,1
(177,72),1,1
(177,83),1,1
(177,85),1,1
(177,90),1,1
(177,93),1,1
(177,94),1,1
(177,95),1,1
(177,96),1,1
(177,100),1,1
(177,106),1,1
(177,107),1,1
(177,112),1,1
(177,113),1,1
(177,114),1,1
(177,115),1,1
(177,120),1,1
(177,123),1,1
(177,126),1,1
(177,128),1,1
(177,130),1,1
(177,132),1,1
(177,134),1,1
(177,142),1,1
(177,148),1,1
(177,151),1,1
(177,155),1,1
(177,162),1,1
(177,170),1,1
(177,173),1,1
(177,174),1,1
(177,181),1,1
(177,184),1,1
(177,187),1,1
(178,15),1,1
(178,34),1,1
(178,72),1,1
(178,77),1,1
(178,93),1,1
(178,100),1,1
(178,101),1,1
(178,134),1,1
(178,173),1,1
(179,6),1,1
(179,13),1,1
(179,14),1,1
(179,15),1,1
(179,20),1,1
(179,25),1,1
(179,26),1,1
(179,30),1,1
(179,32),1,1
(179,34),1,1
(179,46),1,1
(179,51),1,1
(179,53),1,1
(179,54),1,1
(179,57),1,1
(179,66),1,1
(179,68),1,1
(179,71),1,1
(179,72),1,1
(179,77),1,1
(179,79),1,1
(179,83),1,1
(179,85),1,1
(179,87),1,1
(179,88),1,1
(179,90),1,1
(179,91),1,1
(179,93),1,1
(179,94),1,1
(179,95),1,1
(179,96),1,1
(179,100),1,1
(179,108),1,1
(179,112),1,1
(179,113),1,1
(179,120),1,1
(179,123),1,1
(179,126),1,1
(179,127),1,1
(179,128),1,1
(179,130),1,1
(179,132),1,1
(179,134),1,1
(179,142),1,1
(179,148),1,1
(179,151),1,1
(179,155),1,1
(179,162),1,1
(179,173),1,1
(179,174),1,1
(179,175),1,1
(179,181),1,1
(179,184),1,1
(179,187),1,1
(180,15),1,1
(180,72),1,1
(180,87),1,1
(180,93),1,1
(180,100),1,1
(180,134),1,1
(180,173),1,1
(181,14),1,1
(181,46),1,1
(181,71),1,1
(181,90),1,1
(181,155),1,1
(182,15),1,1
(182,22),1,1
(182,31),1,1
(182,34),1,1
(182,93),1,1
(182,100),1,1
(182,134),1,1
(182,173),1,1
(183,1),1,1
(183,6),1,1
(183,13),1,1
(183,14),1,1
(183,15),1,1
(183,20),1,1
(183,25),1,1
(183,30),1,1
(183,32),1,1
(183,34),1,1
(183,35),1,1
(183,38),1,1
(183,46),1,1
(183,53),1,1
(183,54),1,1
(183,57),1,1
(183,66),1,1
(183,68),1,1
(183,71),1,1
(183,78),1,1
(183,79),1,1
(183,83),1,1
(183,85),1,1
(183,90),1,1
(183,91),1,1
(183,93),1,1
(183,94),1,1
(183,95),1,1
(183,96),1,1
(183,100),1,1
(183,104),1,1
(183,108),1,1
(183,112),1,1
(183,113),1,1
(183,120),1,1
(183,123),1,1
(183,126),1,1
(183,128),1,1
(183,130),1,1
(183,132),1,1
(183,134),1,1
(183,142),1,1
(183,148),1,1
(183,151),1,1
(183,155),1,1
(183,162),1,1
(183,170),1,1
(183,173),1,1
(183,174),1,1
(183,179),1,1
(183,181),1,1
(183,184),1,1
(183,186),1,1
(184,8),1,1
(184,15),1,1
(184,34),1,1
(184,77),1,1
(184,93),1,1
(184,100),1,1
(184,134),1,1
(184,173),1,1
(185,6),1,1
(185,13),1,1
(185,14),1,1
(185,15),1,1
(185,20),1,1
(185,25),1,1
(185,32),1,1
(185,34),1,1
(185,35),1,1
(185,46),1,1
(185,53),1,1
(185,54),1,1
(185,56),1,1
(185,57),1,1
(185,61),1,1
(185,66),1,1
(185,68),1,1
(185,71),1,1
(185,73),1,1
(185,83),1,1
(185,85),1,1
(185,88),1,1
(185,90),1,1
(185,91),1,1
(185,93),1,1
(185,94),1,1
(185,95),1,1
(185,96),1,1
(185,100),1,1
(185,103),1,1
(185,106),1,1
(185,107),1,1
(185,108),1,1
(185,112),1,1
(185,113),1,1
(185,118),1,1
(185,120),1,1
(185,123),1,1
(185,126),1,1
(185,127),1,1
(185,128),1,1
(185,132),1,1
(185,134),1,1
(185,142),1,1
(185,148),1,1
(185,151),1,1
(185,155),1,1
(185,159),1,1
(185,162),1,1
(185,170),1,1
(185,171),1,1
(185,173),1,1
(185,174),1,1
(185,184),1,1
(185,189),1,1
(186,15),1,1
(186,22),1,1
(186,34),1,1
(186,72),1,1
(186,77),1,1
(186,93),1,1
(186,100),1,1
(186,134),1,1
(186,173),1,1
(187,4),1,1
(187,6),1,1
(187,13),1,1
(187,14),1,1
(187,15),1,1
(187,20),1,1
(187,24),1,1
(187,25),1,1
(187,30),1,1
(187,31),1,1
(187,32),1,1
(187,34),1,1
(187,35),1,1
(187,39),1,1
(187,46),1,1
(187,53),1,1
(187,54),1,1
(187,66),1,1
(187,68),1,1
(187,71),1,1
(187,72),1,1
(187,83),1,1
(187,85),1,1
(187,87),1,1
(187,90),1,1
(187,91),1,1
(187,93),1,1
(187,94),1,1
(187,95),1,1
(187,96),1,1
(187,100),1,1
(187,112),1,1
(187,113),1,1
(187,120),1,1
(187,123),1,1
(187,126),1,1
(187,128),1,1
(187,130),1,1
(187,132),1,1
(187,134),1,1
(187,142),1,1
(187,148),1,1
(187,151),1,1
(187,155),1,1
(187,162),1,1
(187,171),1,1
(187,173),1,1
(187,174),1,1
(187,181),1,1
(187,182),1,1
(187,184),1,1
(188,14),1,1
(188,46),1,1
(188,71),1,1
(188,90),1,1
(188,155),1,1
(189,15),1,1
(189,31),1,1
(189,34),1,1
(189,77),1,1
(189,93),1,1
(189,100),1,1
(189,134),1,1
(189,173),1,1
(190,6),1,1
(190,10),1,1
(190,13),1,1
(190,14),1,1
(190,15),1,1
(190,20),1,1
(190,24),1,1
(190,25),1,1
(190,30),1,1
(190,31),1,1
(190,32),1,1
(190,34),1,1
(190,35),1,1
(190,46),1,1
(190,53),1,1
(190,54),1,1
(190,57),1,1
(190,58),1,1
(190,66),1,1
(190,68),1,1
(190,71),1,1
(190,83),1,1
(190,85),1,1
(190,90),1,1
(190,91),1,1
(190,94),1,1
(190,95),1,1
(190,96),1,1
(190,100),1,1
(190,106),1,1
(190,108),1,1
(190,112),1,1
(190,113),1,1
(190,114),1,1
(190,120),1,1
(190,123),1,1
(190,126),1,1
(190,127),1,1
(190,128),1,1
(190,130),1,1
(190,132),1,1
(190,134),1,1
(190,142),1,1
(190,148),1,1
(190,155),1,1
(190,159),1,1
(190,162),1,1
(190,171),1,1
(190,173),1,1
(190,174),1,1
(190,182),1,1
(190,184),1,1
(191,15),1,1
(191,22),1,1
(191,34),1,1
(191,77),1,1
(191,93),1,1
(191,100),1,1
(191,134),1,1
(192,4),1,1
(192,6),1,1
(192,8),1,1
(192,13),1,1
(192,14),1,1
(192,15),1,1
(192,20),1,1
(192,24),1,1
(192,25),1,1
(192,30),1,1
(192,32),1,1
(192,34),1,1
(192,35),1,1
(192,46),1,1
(192,51),1,1
(192,53),1,1
(192,54),1,1
(192,57),1,1
(192,58),1,1
(192,66),1,1
(192,68),1,1
(192,71),1,1
(192,72),1,1
(192,77),1,1
(192,78),1,1
(192,83),1,1
(192,84),1,1
(192,85),1,1
(192,90),1,1
(192,91),1,1
(192,93),1,1
(192,94),1,1
(192,95),1,1
(192,96),1,1
(192,100),1,1
(192,102),1,1
(192,112),1,1
(192,113),1,1
(192,120),1,1
(192,123),1,1
(192,126),1,1
(192,128),1,1
(192,132),1,1
(192,134),1,1
(192,142),1,1
(192,148),1,1
(192,151),1,1
(192,155),1,1
(192,159),1,1
(192,162),1,1
(192,173),1,1
(192,174),1,1
(192,184),1,1
(193,15),1,1
(193,31),1,1
(193,77),1,1
(193,93),1,1
(193,100),1,1
(193,134),1,1
(193,173),1,1
(194,0),1,1
(194,1),1,1
(194,6),1,1
(194,13),1,1
(194,14),1,1
(194,15),1,1
(194,20),1,1
(194,25),1,1
(194,30),1,1
(194,32),1,1
(194,34),1,1
(194,46),1,1
(194,53),1,1
(194,54),1,1
(194,57),1,1
(194,66),1,1
(194,68),1,1
(194,69),1,1
(194,71),1,1
(194,72),1,1
(194,77),1,1
(194,83),1,1
(194,85),1,1
(194,88),1,1
(194,90),1,1
(194,91),1,1
(194,93),1,1
(194,94),1,1
(194,95),1,1
(194,96),1,1
(194,100),1,1
(194,108),1,1
(194,112),1,1
(194,113),1,1
(194,120),1,1
(194,123),1,1
(194,126),1,1
(194,127),1,1
(194,128),1,1
(194,130),1,1
(194,132),1,1
(194,134),1,1
(194,142),1,1
(194,148),1,1
(194,155),1,1
(194,159),1,1
(194,160),1,1
(194,162),1,1
(194,173),1,1
(194,174),1,1
(194,184),1,1
(194,189),1,1
(195,6),1,1
(195,13),1,1
(195,14),1,1
(195,15),1,1
(195,17),1,1
(195,20),1,1
(195,22),1,1
(195,24),1,1
(195,25),1,1
(195,30),1,1
(195,32),1,1
(195,34),1,1
(195,35),1,1
(195,46),1,1
(195,53),1,1
(195,54),1,1
(195,56),1,1
(195,57),1,1
(195,66),1,1
(195,68),1,1
(195,71),1,1
(195,77),1,1
(195,78),1,1
(195,79),1,1
(195,83),1,1
(195,85),1,1
(195,88),1,1
(195,90),1,1
(195,91),1,1
(195,93),1,1
(195,94),1,1
(195,95),1,1
(195,96),1,1
(195,100),1,1
(195,106),1,1
(195,112),1,1
(195,113),1,1
(195,120),1,1
(195,123),1,1
(195,126),1,1
(195,128),1,1
(195,132),1,1
(195,134),1,1
(195,142),1,1
(195,148),1,1
(195,151),1,1
(195,155),1,1
(195,162),1,1
(195,170),1,1
(195,173),1,1
(195,174),1,1
(195,181),1,1
(195,184),1,1
(195,185),1,1
(196,6),1,1
(196,13),1,1
(196,14),1,1
(196,15),1,1
(196,20),1,1
(196,22),1,1
(196,25),1,1
(196,30),1,1
(196,32),1,1
(196,34),1,1
(196,35),1,1
(196,42),1,1
(196,46),1,1
(196,53),1,1
(196,54),1,1
(196,57),1,1
(196,66),1,1
(196,68),1,1
(196,71),1,1
(196,72),1,1
(196,78),1,1
(196,83),1,1
(196,85),1,1
(196,90),1,1
(196,91),1,1
(196,94),1,1
(196,95),1,1
(196,96),1,1
(196,100),1,1
(196,106),1,1
(196,107),1,1
(196,108),1,1
(196,112),1,1
(196,113),1,1
(196,118),1,1
(196,120),1,1
(196,123),1,1
(196,126),1,1
(196,128),1,1
(196,130),1,1
(196,132),1,1
(196,134),1,1
(196,142),1,1
(196,148),1,1
(196,151),1,1
(196,155),1,1
(196,162),1,1
(196,164),1,1
(196,173),1,1
(196,174),1,1
(196,175),1,1
(196,181),1,1
(196,184),1,1
(197,14),1,1
(197,24),1,1
(197,46),1,1
(197,71),1,1
(197,90),1,1
(197,155),1,1
(198,15),1,1
(198,34),1,1
(198,72),1,1
(198,77),1,1
(198,93),1,1
(198,100),1,1
(198,134),1,1
(198,173),1,1
(199,15),1,1
(199,22),1,1
(199,31),1,1
(199,34),1,1
(199,93),1,1
(199,100),1,1
(199,134),1,1
(199,173),1,1
