Nr_Pairs = 200
Nr_NDD = 0
Nr_Arcs = 4406
0,0,1,1,2
1,0,0,1,2
2,0,1,1,2
3,0,1,1,2
4,0,1,0,2
5,0,0,1,2
6,0,1,0,2
7,0,2,1,0
8,0,0,0,1
9,0,0,0,2
10,0,1,0,1
11,0,2,0,1
12,0,0,0,2
13,0,1,1,1
14,0,0,0,2
15,0,3,1,0
16,0,0,0,2
17,0,1,0,0
18,0,1,0,2
19,0,1,0,2
20,0,1,0,1
21,0,2,0,1
22,0,0,0,2
23,0,1,0,0
24,0,1,0,1
25,0,1,0,2
26,0,1,0,0
27,0,1,0,2
28,0,2,0,2
29,0,1,0,0
30,0,2,1,0
31,0,1,2,2
32,0,0,0,2
33,0,2,0,0
34,0,1,1,2
35,0,1,1,2
36,0,0,0,1
37,0,0,0,2
38,0,2,0,2
39,0,1,2,0
40,0,0,2,2
41,0,2,0,2
42,0,1,0,2
43,0,0,1,2
44,0,1,0,0
45,0,2,1,1
46,0,1,0,2
47,0,1,0,2
48,0,3,2,0
49,0,2,0,0
50,0,1,0,2
51,0,0,0,2
52,0,2,0,0
53,0,1,3,1
54,0,2,0,0
55,0,1,0,2
56,0,1,1,0
57,0,0,0,2
58,0,1,2,1
59,0,1,1,2
60,0,0,0,2
61,0,1,2,0
62,0,0,0,2
63,0,0,2,2
64,0,0,2,2
65,0,0,0,2
66,0,1,1,2
67,0,3,0,0
68,0,0,0,2
69,0,0,0,2
70,0,1,0,2
71,0,1,0,2
72,0,3,0,1
73,0,1,0,0
74,0,0,0,2
75,0,1,1,2
76,0,0,0,2
77,0,3,1,2
78,0,0,1,2
79,0,1,0,1
80,0,1,2,1
81,0,1,0,0
82,0,1,0,0
83,0,3,0,1
84,0,1,1,2
85,0,1,0,0
86,0,0,0,2
87,0,0,0,2
88,0,0,0,2
89,0,2,0,1
90,0,0,2,2
91,0,2,0,2
92,0,1,1,2
93,0,1,0,0
94,0,2,1,1
95,0,0,0,2
96,0,1,2,0
97,0,1,0,0
98,0,1,2,0
99,0,0,0,2
100,0,0,0,2
101,0,1,0,2
102,0,1,0,2
103,0,3,0,0
104,0,1,0,0
105,0,2,2,2
106,0,2,0,0
107,0,0,1,2
108,0,1,0,2
109,0,1,0,2
110,0,1,0,0
111,0,0,1,2
112,0,1,0,0
113,0,0,0,2
114,0,1,1,2
115,0,1,0,0
116,0,1,1,2
117,0,0,0,2
118,0,2,0,2
119,0,0,1,1
120,0,0,0,2
121,0,0,0,2
122,0,0,0,2
123,0,1,0,0
124,0,1,0,2
125,0,2,2,1
126,0,3,0,0
127,0,1,0,2
128,0,1,0,1
129,0,0,1,2
130,0,0,0,2
131,0,1,3,2
132,0,2,1,0
133,0,1,0,2
134,0,1,0,2
135,0,1,0,2
136,0,0,0,2
137,0,1,2,0
138,0,1,1,2
139,0,2,0,1
140,0,1,0,0
141,0,1,0,0
142,0,0,1,2
143,0,1,1,2
144,0,1,1,2
145,0,1,1,2
146,0,1,0,0
147,0,0,1,2
148,0,1,1,2
149,0,1,0,0
150,0,1,1,2
151,0,0,0,2
152,0,0,0,2
153,0,0,0,2
154,0,0,2,2
155,0,1,1,0
156,0,1,1,2
157,0,1,0,0
158,0,0,0,2
159,0,0,0,2
160,0,0,0,2
161,0,1,0,2
162,0,1,0,0
163,0,2,0,2
164,0,0,0,2
165,0,1,0,2
166,0,1,1,1
167,0,1,2,0
168,0,1,0,0
169,0,2,2,2
170,0,2,0,2
171,0,1,1,2
172,0,3,1,0
173,0,1,0,0
174,0,1,0,0
175,0,1,0,1
176,0,1,0,2
177,0,0,0,2
178,0,1,0,2
179,0,1,0,0
180,0,1,1,2
181,0,1,1,2
182,0,0,0,2
183,0,2,2,2
184,0,0,0,2
185,0,1,0,0
186,0,1,1,2
187,0,1,1,2
188,0,1,3,2
189,0,2,2,2
190,0,1,0,0
191,0,1,0,2
192,0,0,0,2
193,0,0,0,2
194,0,2,0,2
195,0,1,0,0
196,0,1,0,2
197,0,2,0,0
198,0,1,0,2
199,0,2,1,0
(0,15),1,59
(0,30),1,1
(0,132),1,89
(0,172),1,41
(0,199),1,60
(1,5),1,29
(1,7),1,76
(1,11),1,0
(1,15),1,8
(1,16),1,45
(1,17),1,30
(1,18),1,56
(1,23),1,68
(1,26),1,58
(1,29),1,21
(1,30),1,15
(1,33),1,7
(1,35),1,32
(1,39),1,89
(1,44),1,25
(1,48),1,39
(1,49),1,6
(1,52),1,53
(1,54),1,59
(1,56),1,31
(1,61),1,80
(1,67),1,77
(1,72),1,54
(1,73),1,58
(1,79),1,32
(1,80),1,19
(1,81),1,52
(1,82),1,73
(1,85),1,83
(1,89),1,32
(1,93),1,44
(1,94),1,75
(1,96),1,10
(1,97),1,67
(1,98),1,57
(1,100),1,67
(1,103),1,38
(1,104),1,38
(1,106),1,87
(1,110),1,60
(1,112),1,77
(1,123),1,36
(1,126),1,15
(1,128),1,4
(1,132),1,37
(1,137),1,32
(1,140),1,52
(1,141),1,71
(1,146),1,9
(1,149),1,56
(1,155),1,46
(1,157),1,76
(1,162),1,28
(1,167),1,7
(1,172),1,88
(1,173),1,31
(1,174),1,80
(1,179),1,8
(1,190),1,4
(1,195),1,26
(1,197),1,9
(1,199),1,15
(2,7),1,31
(2,15),1,19
(2,30),1,26
(2,45),1,26
(2,53),1,49
(2,56),1,34
(2,78),1,44
(2,94),1,50
(2,132),1,64
(2,155),1,35
(2,172),1,86
(2,199),1,88
(3,7),1,71
(3,15),1,49
(3,30),1,71
(3,43),1,20
(3,53),1,77
(3,114),1,15
(3,132),1,78
(3,155),1,88
(3,199),1,16
(4,15),1,88
(4,30),1,82
(4,53),1,62
(4,56),1,72
(4,94),1,69
(4,132),1,51
(4,155),1,24
(4,172),1,7
(4,199),1,38
(5,13),1,32
(5,15),1,30
(5,17),1,70
(5,23),1,48
(5,26),1,7
(5,29),1,72
(5,30),1,76
(5,33),1,37
(5,39),1,58
(5,44),1,69
(5,47),1,30
(5,48),1,38
(5,49),1,7
(5,52),1,37
(5,54),1,57
(5,56),1,12
(5,61),1,4
(5,67),1,37
(5,72),1,35
(5,73),1,10
(5,81),1,63
(5,82),1,34
(5,85),1,85
(5,89),1,37
(5,93),1,62
(5,94),1,18
(5,95),1,39
(5,96),1,3
(5,97),1,53
(5,98),1,39
(5,104),1,80
(5,106),1,89
(5,110),1,28
(5,112),1,8
(5,115),1,4
(5,119),1,32
(5,123),1,72
(5,125),1,87
(5,126),1,42
(5,132),1,85
(5,140),1,67
(5,141),1,45
(5,146),1,11
(5,149),1,11
(5,157),1,49
(5,162),1,33
(5,172),1,58
(5,174),1,86
(5,175),1,14
(5,179),1,32
(5,185),1,16
(5,190),1,32
(5,195),1,36
(5,197),1,74
(5,199),1,73
(6,7),1,9
(6,15),1,5
(6,30),1,82
(6,45),1,19
(6,56),1,35
(6,94),1,54
(6,119),1,84
(6,132),1,17
(6,155),1,8
(6,166),1,21
(6,172),1,74
(6,199),1,88
(7,48),1,3
(7,61),1,28
(7,96),1,13
(7,98),1,58
(7,125),1,40
(7,137),1,83
(7,167),1,32
(8,7),1,50
(8,10),1,7
(8,15),1,57
(8,17),1,18
(8,20),1,3
(8,23),1,20
(8,26),1,14
(8,29),1,10
(8,30),1,16
(8,39),1,87
(8,44),1,17
(8,48),1,12
(8,49),1,9
(8,52),1,23
(8,54),1,40
(8,56),1,11
(8,61),1,23
(8,72),1,57
(8,73),1,29
(8,80),1,48
(8,81),1,36
(8,82),1,86
(8,83),1,88
(8,85),1,85
(8,89),1,25
(8,93),1,53
(8,94),1,0
(8,96),1,27
(8,97),1,8
(8,98),1,59
(8,103),1,46
(8,104),1,26
(8,106),1,81
(8,110),1,4
(8,112),1,16
(8,119),1,57
(8,123),1,17
(8,126),1,27
(8,128),1,64
(8,132),1,78
(8,137),1,39
(8,140),1,79
(8,141),1,66
(8,146),1,4
(8,149),1,65
(8,155),1,79
(8,157),1,57
(8,162),1,41
(8,167),1,72
(8,168),1,9
(8,172),1,8
(8,173),1,41
(8,174),1,56
(8,188),1,41
(8,197),1,52
(8,199),1,68
(9,7),1,70
(9,15),1,20
(9,17),1,58
(9,23),1,62
(9,26),1,65
(9,29),1,23
(9,30),1,76
(9,33),1,45
(9,39),1,11
(9,44),1,0
(9,45),1,30
(9,48),1,72
(9,49),1,85
(9,52),1,59
(9,54),1,77
(9,61),1,62
(9,70),1,1
(9,73),1,41
(9,81),1,52
(9,82),1,30
(9,85),1,77
(9,93),1,22
(9,96),1,0
(9,97),1,76
(9,98),1,88
(9,103),1,61
(9,104),1,37
(9,106),1,60
(9,107),1,8
(9,110),1,67
(9,112),1,4
(9,119),1,86
(9,123),1,31
(9,126),1,88
(9,132),1,30
(9,137),1,70
(9,140),1,6
(9,141),1,36
(9,146),1,86
(9,149),1,89
(9,155),1,76
(9,157),1,29
(9,162),1,77
(9,167),1,80
(9,168),1,3
(9,172),1,83
(9,174),1,14
(9,175),1,28
(9,179),1,35
(9,185),1,15
(9,195),1,52
(9,197),1,54
(9,199),1,1
(10,5),1,40
(10,15),1,46
(10,30),1,14
(10,45),1,24
(10,53),1,25
(10,132),1,4
(10,155),1,61
(10,172),1,0
(10,199),1,15
(11,39),1,27
(11,48),1,9
(11,61),1,22
(11,96),1,23
(11,98),1,58
(11,167),1,88
(11,188),1,28
(12,7),1,61
(12,15),1,49
(12,17),1,29
(12,23),1,84
(12,24),1,35
(12,26),1,6
(12,29),1,20
(12,30),1,22
(12,37),1,44
(12,43),1,57
(12,44),1,76
(12,48),1,25
(12,49),1,89
(12,52),1,68
(12,54),1,8
(12,61),1,28
(12,73),1,83
(12,79),1,31
(12,81),1,87
(12,82),1,57
(12,85),1,15
(12,89),1,74
(12,93),1,78
(12,96),1,46
(12,97),1,79
(12,98),1,47
(12,103),1,21
(12,104),1,31
(12,106),1,31
(12,107),1,50
(12,110),1,72
(12,112),1,73
(12,115),1,33
(12,123),1,32
(12,126),1,68
(12,128),1,37
(12,132),1,26
(12,137),1,74
(12,140),1,37
(12,141),1,50
(12,146),1,87
(12,149),1,15
(12,157),1,73
(12,162),1,70
(12,167),1,41
(12,168),1,77
(12,170),1,36
(12,172),1,44
(12,173),1,27
(12,174),1,75
(12,190),1,32
(12,195),1,85
(12,197),1,18
(12,199),1,82
(13,15),1,48
(13,30),1,41
(13,56),1,29
(13,94),1,60
(13,114),1,5
(13,132),1,73
(13,142),1,57
(13,147),1,66
(13,155),1,89
(13,166),1,66
(13,172),1,84
(13,199),1,11
(14,7),1,13
(14,15),1,20
(14,17),1,50
(14,23),1,86
(14,24),1,35
(14,26),1,33
(14,29),1,54
(14,30),1,24
(14,33),1,73
(14,44),1,58
(14,45),1,42
(14,48),1,8
(14,49),1,79
(14,52),1,72
(14,54),1,35
(14,56),1,28
(14,61),1,35
(14,67),1,17
(14,73),1,46
(14,81),1,20
(14,82),1,38
(14,85),1,49
(14,92),1,19
(14,93),1,5
(14,94),1,45
(14,96),1,11
(14,97),1,22
(14,98),1,1
(14,103),1,74
(14,104),1,76
(14,106),1,31
(14,110),1,83
(14,112),1,21
(14,125),1,30
(14,126),1,26
(14,132),1,22
(14,137),1,43
(14,140),1,44
(14,141),1,12
(14,146),1,31
(14,149),1,28
(14,157),1,52
(14,161),1,23
(14,162),1,24
(14,167),1,86
(14,174),1,7
(14,179),1,10
(14,189),1,32
(14,190),1,29
(14,197),1,47
(14,199),1,88
(15,188),1,50
(16,8),1,27
(16,10),1,50
(16,15),1,73
(16,17),1,24
(16,23),1,43
(16,26),1,21
(16,29),1,73
(16,30),1,5
(16,39),1,79
(16,44),1,56
(16,45),1,84
(16,48),1,10
(16,49),1,53
(16,52),1,45
(16,54),1,76
(16,61),1,19
(16,67),1,78
(16,73),1,17
(16,76),1,57
(16,79),1,57
(16,81),1,1
(16,82),1,78
(16,85),1,73
(16,89),1,79
(16,93),1,34
(16,94),1,77
(16,96),1,15
(16,97),1,56
(16,98),1,11
(16,104),1,75
(16,106),1,45
(16,110),1,56
(16,112),1,30
(16,115),1,51
(16,123),1,23
(16,126),1,24
(16,132),1,71
(16,137),1,18
(16,140),1,17
(16,141),1,46
(16,146),1,34
(16,149),1,58
(16,155),1,48
(16,157),1,58
(16,162),1,20
(16,167),1,8
(16,168),1,46
(16,172),1,71
(16,173),1,58
(16,174),1,48
(16,179),1,17
(16,189),1,20
(16,195),1,51
(16,197),1,57
(16,199),1,75
(17,5),1,43
(17,7),1,30
(17,15),1,34
(17,30),1,53
(17,45),1,1
(17,56),1,75
(17,132),1,8
(17,155),1,63
(17,172),1,30
(17,199),1,46
(18,15),1,50
(18,30),1,22
(18,119),1,30
(18,132),1,8
(18,155),1,85
(18,172),1,2
(18,199),1,24
(19,7),1,11
(19,15),1,2
(19,30),1,19
(19,56),1,35
(19,94),1,35
(19,132),1,68
(19,155),1,28
(19,199),1,13
(20,7),1,18
(20,15),1,18
(20,30),1,47
(20,56),1,2
(20,66),1,16
(20,78),1,14
(20,132),1,43
(20,147),1,73
(20,155),1,37
(20,199),1,53
(21,39),1,14
(21,48),1,42
(21,53),1,71
(21,61),1,40
(21,80),1,18
(21,96),1,43
(21,98),1,77
(21,125),1,4
(21,137),1,29
(21,167),1,38
(21,189),1,28
(22,13),1,80
(22,15),1,62
(22,17),1,43
(22,23),1,14
(22,24),1,29
(22,26),1,54
(22,29),1,39
(22,30),1,37
(22,33),1,51
(22,39),1,74
(22,44),1,8
(22,45),1,36
(22,48),1,19
(22,49),1,19
(22,52),1,33
(22,54),1,83
(22,56),1,64
(22,61),1,69
(22,67),1,52
(22,73),1,10
(22,78),1,82
(22,79),1,38
(22,81),1,13
(22,82),1,64
(22,83),1,15
(22,85),1,22
(22,93),1,89
(22,96),1,88
(22,97),1,22
(22,98),1,50
(22,103),1,80
(22,104),1,66
(22,106),1,3
(22,110),1,37
(22,112),1,28
(22,115),1,49
(22,119),1,60
(22,123),1,67
(22,126),1,21
(22,128),1,48
(22,132),1,82
(22,139),1,67
(22,140),1,15
(22,141),1,71
(22,146),1,27
(22,149),1,56
(22,155),1,55
(22,157),1,5
(22,162),1,80
(22,166),1,61
(22,168),1,75
(22,172),1,71
(22,173),1,40
(22,174),1,75
(22,179),1,29
(22,185),1,14
(22,189),1,16
(22,197),1,57
(22,199),1,11
(23,7),1,39
(23,15),1,78
(23,30),1,15
(23,56),1,77
(23,94),1,87
(23,132),1,55
(23,172),1,66
(23,199),1,21
(24,7),1,51
(24,13),1,8
(24,15),1,53
(24,30),1,62
(24,35),1,16
(24,53),1,55
(24,94),1,39
(24,132),1,60
(24,155),1,63
(24,172),1,22
(24,199),1,77
(25,13),1,2
(25,15),1,27
(25,30),1,49
(25,53),1,69
(25,94),1,51
(25,132),1,75
(25,155),1,52
(25,166),1,81
(25,199),1,6
(26,7),1,71
(26,15),1,37
(26,30),1,86
(26,45),1,69
(26,56),1,40
(26,119),1,55
(26,132),1,72
(26,155),1,89
(26,172),1,83
(26,199),1,41
(27,7),1,63
(27,15),1,40
(27,30),1,42
(27,56),1,34
(27,94),1,8
(27,119),1,41
(27,132),1,36
(27,148),1,3
(27,156),1,22
(27,172),1,0
(27,199),1,22
(28,48),1,63
(28,58),1,18
(28,61),1,25
(28,96),1,2
(28,98),1,24
(28,137),1,81
(28,167),1,67
(29,15),1,60
(29,30),1,4
(29,56),1,52
(29,114),1,8
(29,132),1,22
(29,155),1,24
(29,172),1,82
(29,199),1,88
(30,39),1,56
(30,48),1,72
(30,61),1,84
(30,96),1,57
(30,98),1,42
(30,137),1,37
(30,167),1,86
(31,7),1,72
(31,15),1,18
(31,30),1,8
(31,45),1,41
(31,56),1,60
(31,94),1,53
(31,132),1,73
(31,155),1,27
(31,199),1,39
(32,7),1,80
(32,13),1,24
(32,15),1,63
(32,17),1,85
(32,23),1,40
(32,26),1,45
(32,29),1,46
(32,30),1,17
(32,33),1,29
(32,36),1,16
(32,44),1,27
(32,45),1,59
(32,48),1,19
(32,49),1,60
(32,52),1,57
(32,54),1,80
(32,61),1,81
(32,67),1,21
(32,73),1,74
(32,78),1,56
(32,79),1,45
(32,81),1,86
(32,82),1,15
(32,85),1,21
(32,93),1,0
(32,96),1,56
(32,97),1,46
(32,98),1,82
(32,103),1,52
(32,104),1,45
(32,106),1,54
(32,110),1,5
(32,112),1,15
(32,119),1,2
(32,126),1,89
(32,132),1,37
(32,137),1,14
(32,139),1,52
(32,140),1,53
(32,141),1,77
(32,146),1,65
(32,149),1,86
(32,157),1,73
(32,161),1,43
(32,162),1,59
(32,167),1,86
(32,168),1,68
(32,172),1,46
(32,173),1,39
(32,174),1,31
(32,175),1,20
(32,185),1,36
(32,190),1,38
(32,197),1,62
(32,199),1,64
(33,39),1,22
(33,48),1,0
(33,58),1,7
(33,61),1,81
(33,80),1,18
(33,96),1,83
(33,98),1,63
(33,137),1,60
(33,167),1,65
(33,189),1,52
(34,5),1,41
(34,7),1,51
(34,15),1,46
(34,30),1,8
(34,53),1,66
(34,56),1,75
(34,132),1,20
(34,172),1,23
(34,199),1,83
(35,7),1,80
(35,15),1,40
(35,30),1,41
(35,53),1,41
(35,132),1,80
(35,199),1,18
(36,4),1,5
(36,7),1,12
(36,10),1,87
(36,15),1,80
(36,17),1,74
(36,23),1,44
(36,26),1,7
(36,29),1,53
(36,30),1,6
(36,33),1,19
(36,39),1,18
(36,44),1,34
(36,45),1,27
(36,48),1,65
(36,49),1,68
(36,52),1,6
(36,54),1,38
(36,56),1,45
(36,58),1,13
(36,61),1,63
(36,63),1,87
(36,67),1,71
(36,73),1,46
(36,81),1,6
(36,82),1,78
(36,85),1,1
(36,89),1,18
(36,93),1,36
(36,96),1,72
(36,97),1,33
(36,98),1,68
(36,103),1,75
(36,104),1,19
(36,106),1,21
(36,110),1,30
(36,112),1,47
(36,115),1,47
(36,126),1,34
(36,127),1,84
(36,132),1,43
(36,139),1,2
(36,140),1,44
(36,141),1,69
(36,146),1,43
(36,149),1,75
(36,157),1,29
(36,162),1,46
(36,163),1,53
(36,167),1,3
(36,168),1,64
(36,172),1,33
(36,174),1,17
(36,179),1,81
(36,185),1,44
(36,190),1,11
(36,197),1,70
(36,199),1,3
(37,7),1,49
(37,13),1,26
(37,15),1,5
(37,17),1,23
(37,20),1,12
(37,22),1,1
(37,23),1,22
(37,24),1,26
(37,25),1,55
(37,26),1,14
(37,29),1,13
(37,30),1,47
(37,33),1,59
(37,39),1,36
(37,44),1,77
(37,48),1,42
(37,49),1,82
(37,52),1,40
(37,54),1,70
(37,56),1,43
(37,58),1,56
(37,61),1,56
(37,67),1,79
(37,73),1,45
(37,81),1,17
(37,82),1,54
(37,83),1,65
(37,85),1,40
(37,89),1,27
(37,93),1,88
(37,96),1,66
(37,97),1,45
(37,98),1,11
(37,100),1,68
(37,103),1,7
(37,104),1,50
(37,106),1,82
(37,110),1,66
(37,112),1,76
(37,115),1,83
(37,123),1,58
(37,126),1,10
(37,132),1,57
(37,140),1,80
(37,141),1,28
(37,146),1,62
(37,149),1,51
(37,157),1,42
(37,162),1,32
(37,163),1,45
(37,167),1,8
(37,168),1,5
(37,172),1,84
(37,173),1,79
(37,174),1,60
(37,179),1,89
(37,185),1,51
(37,189),1,51
(37,190),1,86
(37,195),1,30
(37,197),1,57
(37,199),1,81
(38,39),1,88
(38,48),1,12
(38,53),1,32
(38,61),1,41
(38,96),1,34
(38,98),1,55
(38,137),1,78
(38,167),1,21
(39,7),1,84
(39,15),1,9
(39,30),1,61
(39,132),1,22
(39,155),1,80
(39,172),1,89
(39,199),1,7
(40,7),1,73
(40,8),1,61
(40,15),1,19
(40,17),1,77
(40,20),1,2
(40,21),1,33
(40,23),1,65
(40,26),1,15
(40,29),1,38
(40,30),1,53
(40,33),1,10
(40,44),1,16
(40,45),1,68
(40,48),1,13
(40,49),1,66
(40,52),1,82
(40,54),1,21
(40,56),1,42
(40,61),1,15
(40,67),1,5
(40,73),1,3
(40,79),1,32
(40,81),1,22
(40,82),1,58
(40,85),1,34
(40,93),1,22
(40,96),1,13
(40,97),1,58
(40,98),1,29
(40,103),1,22
(40,104),1,83
(40,106),1,82
(40,110),1,40
(40,112),1,32
(40,115),1,3
(40,123),1,68
(40,126),1,64
(40,132),1,38
(40,137),1,11
(40,140),1,38
(40,141),1,22
(40,146),1,60
(40,149),1,32
(40,157),1,72
(40,162),1,66
(40,166),1,78
(40,167),1,49
(40,172),1,74
(40,173),1,9
(40,174),1,35
(40,179),1,83
(40,185),1,9
(40,197),1,6
(40,199),1,72
(41,39),1,81
(41,48),1,54
(41,61),1,67
(41,96),1,28
(41,98),1,46
(41,167),1,54
(42,7),1,81
(42,15),1,34
(42,30),1,58
(42,56),1,43
(42,94),1,26
(42,107),1,48
(42,132),1,17
(42,155),1,71
(42,172),1,69
(42,199),1,89
(43,13),1,37
(43,15),1,59
(43,17),1,83
(43,23),1,56
(43,26),1,4
(43,28),1,38
(43,29),1,47
(43,30),1,29
(43,33),1,55
(43,39),1,53
(43,44),1,63
(43,48),1,19
(43,49),1,78
(43,52),1,41
(43,54),1,14
(43,56),1,34
(43,61),1,87
(43,67),1,34
(43,73),1,4
(43,79),1,11
(43,82),1,64
(43,85),1,33
(43,93),1,37
(43,96),1,68
(43,97),1,7
(43,98),1,7
(43,104),1,21
(43,106),1,27
(43,110),1,62
(43,112),1,61
(43,115),1,71
(43,123),1,0
(43,126),1,13
(43,132),1,36
(43,137),1,16
(43,140),1,81
(43,141),1,62
(43,146),1,46
(43,149),1,27
(43,155),1,24
(43,157),1,21
(43,162),1,74
(43,168),1,55
(43,174),1,47
(43,185),1,89
(43,197),1,41
(43,199),1,57
(44,15),1,9
(44,30),1,9
(44,45),1,72
(44,56),1,85
(44,132),1,39
(44,155),1,47
(44,199),1,66
(45,39),1,54
(45,48),1,87
(45,61),1,8
(45,96),1,48
(45,98),1,56
(45,167),1,48
(46,7),1,52
(46,15),1,17
(46,30),1,42
(46,45),1,20
(46,94),1,11
(46,111),1,26
(46,132),1,39
(46,155),1,11
(46,171),1,40
(46,172),1,0
(46,181),1,17
(46,199),1,1
(47,5),1,60
(47,15),1,78
(47,30),1,82
(47,45),1,45
(47,132),1,67
(47,155),1,45
(47,172),1,17
(47,199),1,40
(49,39),1,52
(49,48),1,2
(49,61),1,37
(49,63),1,65
(49,96),1,29
(49,98),1,43
(49,167),1,56
(49,188),1,6
(50,7),1,62
(50,15),1,23
(50,30),1,53
(50,56),1,53
(50,132),1,62
(50,155),1,86
(50,172),1,48
(50,199),1,22
(51,15),1,28
(51,17),1,22
(51,23),1,30
(51,24),1,73
(51,26),1,24
(51,29),1,10
(51,30),1,43
(51,44),1,41
(51,45),1,64
(51,48),1,25
(51,49),1,31
(51,52),1,44
(51,54),1,80
(51,61),1,61
(51,67),1,52
(51,72),1,63
(51,73),1,7
(51,80),1,0
(51,81),1,43
(51,82),1,20
(51,83),1,80
(51,85),1,34
(51,93),1,27
(51,94),1,9
(51,96),1,69
(51,97),1,89
(51,98),1,54
(51,103),1,87
(51,104),1,33
(51,106),1,15
(51,110),1,70
(51,112),1,64
(51,123),1,61
(51,126),1,5
(51,128),1,43
(51,132),1,32
(51,137),1,66
(51,139),1,0
(51,140),1,79
(51,141),1,54
(51,146),1,18
(51,149),1,84
(51,157),1,32
(51,162),1,11
(51,164),1,8
(51,166),1,57
(51,167),1,30
(51,168),1,17
(51,172),1,52
(51,174),1,75
(51,179),1,72
(51,185),1,59
(51,190),1,36
(51,197),1,42
(51,199),1,71
(52,48),1,57
(52,61),1,12
(52,80),1,10
(52,96),1,89
(52,98),1,5
(52,137),1,3
(52,167),1,50
(53,7),1,16
(53,15),1,29
(53,30),1,29
(53,56),1,77
(53,94),1,62
(53,132),1,53
(53,155),1,23
(53,172),1,2
(53,199),1,66
(54,39),1,31
(54,48),1,22
(54,61),1,33
(54,80),1,71
(54,96),1,38
(54,98),1,10
(54,137),1,80
(54,167),1,0
(55,7),1,76
(55,15),1,48
(55,30),1,28
(55,56),1,60
(55,94),1,7
(55,132),1,5
(55,155),1,57
(55,172),1,46
(55,199),1,10
(56,15),1,6
(56,30),1,49
(56,45),1,1
(56,94),1,54
(56,114),1,45
(56,119),1,30
(56,132),1,15
(56,155),1,33
(56,166),1,17
(56,199),1,85
(57,7),1,38
(57,15),1,77
(57,17),1,74
(57,23),1,55
(57,24),1,73
(57,26),1,82
(57,29),1,32
(57,30),1,41
(57,33),1,79
(57,44),1,77
(57,45),1,81
(57,48),1,62
(57,49),1,85
(57,52),1,65
(57,54),1,24
(57,56),1,73
(57,61),1,18
(57,67),1,13
(57,73),1,13
(57,79),1,16
(57,81),1,61
(57,82),1,22
(57,85),1,33
(57,93),1,11
(57,96),1,89
(57,97),1,42
(57,98),1,27
(57,103),1,12
(57,104),1,20
(57,106),1,10
(57,110),1,37
(57,112),1,26
(57,115),1,68
(57,119),1,75
(57,126),1,31
(57,132),1,70
(57,137),1,58
(57,140),1,38
(57,141),1,57
(57,146),1,55
(57,149),1,46
(57,155),1,26
(57,157),1,44
(57,161),1,64
(57,162),1,79
(57,167),1,15
(57,172),1,26
(57,173),1,8
(57,174),1,48
(57,188),1,5
(57,197),1,70
(57,199),1,23
(58,15),1,5
(58,30),1,11
(58,45),1,27
(58,56),1,0
(58,119),1,32
(58,129),1,18
(58,132),1,44
(58,155),1,42
(58,166),1,89
(58,172),1,21
(58,199),1,71
(59,13),1,56
(59,15),1,45
(59,30),1,40
(59,56),1,47
(59,132),1,30
(59,155),1,64
(59,172),1,64
(59,199),1,85
(60,8),1,2
(60,15),1,57
(60,17),1,69
(60,23),1,69
(60,26),1,28
(60,29),1,22
(60,30),1,85
(60,33),1,37
(60,39),1,86
(60,44),1,62
(60,48),1,12
(60,49),1,56
(60,52),1,45
(60,54),1,46
(60,61),1,72
(60,67),1,14
(60,73),1,86
(60,81),1,48
(60,82),1,40
(60,85),1,8
(60,89),1,41
(60,92),1,83
(60,93),1,38
(60,94),1,75
(60,96),1,21
(60,97),1,53
(60,98),1,14
(60,100),1,2
(60,103),1,1
(60,104),1,88
(60,106),1,66
(60,110),1,39
(60,112),1,82
(60,126),1,30
(60,132),1,63
(60,140),1,76
(60,141),1,32
(60,146),1,60
(60,149),1,16
(60,157),1,39
(60,162),1,40
(60,167),1,74
(60,168),1,8
(60,172),1,31
(60,173),1,2
(60,174),1,7
(60,185),1,36
(60,195),1,81
(60,197),1,82
(60,199),1,37
(61,7),1,55
(61,15),1,41
(61,30),1,57
(61,56),1,46
(61,132),1,21
(61,155),1,49
(61,172),1,76
(61,199),1,0
(62,5),1,72
(62,7),1,22
(62,15),1,64
(62,17),1,61
(62,23),1,26
(62,24),1,51
(62,26),1,72
(62,29),1,13
(62,30),1,15
(62,33),1,70
(62,36),1,18
(62,37),1,84
(62,39),1,46
(62,44),1,12
(62,48),1,50
(62,49),1,17
(62,52),1,24
(62,54),1,25
(62,56),1,46
(62,61),1,1
(62,67),1,50
(62,72),1,14
(62,73),1,10
(62,79),1,70
(62,81),1,27
(62,82),1,19
(62,83),1,17
(62,85),1,16
(62,89),1,47
(62,92),1,52
(62,93),1,48
(62,94),1,28
(62,96),1,35
(62,97),1,15
(62,98),1,38
(62,104),1,47
(62,106),1,16
(62,110),1,65
(62,112),1,78
(62,126),1,25
(62,127),1,32
(62,132),1,52
(62,140),1,75
(62,141),1,58
(62,143),1,86
(62,146),1,81
(62,149),1,84
(62,155),1,76
(62,157),1,64
(62,162),1,80
(62,164),1,46
(62,168),1,20
(62,172),1,50
(62,174),1,65
(62,179),1,35
(62,185),1,29
(62,190),1,48
(62,195),1,49
(62,197),1,39
(62,199),1,24
(63,7),1,88
(63,15),1,38
(63,17),1,39
(63,23),1,24
(63,26),1,84
(63,29),1,66
(63,30),1,27
(63,33),1,18
(63,36),1,73
(63,39),1,51
(63,44),1,89
(63,48),1,31
(63,49),1,18
(63,52),1,19
(63,54),1,82
(63,58),1,24
(63,61),1,64
(63,67),1,74
(63,69),1,18
(63,73),1,29
(63,81),1,73
(63,82),1,79
(63,83),1,6
(63,85),1,81
(63,93),1,68
(63,96),1,40
(63,97),1,21
(63,98),1,58
(63,103),1,16
(63,104),1,68
(63,106),1,22
(63,110),1,61
(63,112),1,23
(63,115),1,8
(63,126),1,65
(63,132),1,20
(63,140),1,39
(63,141),1,83
(63,146),1,31
(63,149),1,54
(63,155),1,75
(63,156),1,48
(63,157),1,29
(63,162),1,7
(63,167),1,39
(63,173),1,20
(63,174),1,15
(63,175),1,9
(63,179),1,60
(63,195),1,68
(63,197),1,56
(63,198),1,76
(63,199),1,41
(64,7),1,12
(64,8),1,85
(64,11),1,83
(64,15),1,67
(64,17),1,13
(64,23),1,1
(64,26),1,23
(64,29),1,34
(64,30),1,84
(64,33),1,46
(64,44),1,50
(64,45),1,38
(64,48),1,49
(64,49),1,22
(64,52),1,4
(64,54),1,70
(64,56),1,58
(64,61),1,44
(64,67),1,60
(64,72),1,11
(64,73),1,11
(64,81),1,82
(64,82),1,19
(64,85),1,21
(64,93),1,7
(64,94),1,23
(64,96),1,19
(64,97),1,27
(64,98),1,12
(64,103),1,81
(64,104),1,56
(64,106),1,24
(64,110),1,16
(64,112),1,53
(64,115),1,45
(64,123),1,28
(64,126),1,30
(64,128),1,3
(64,130),1,0
(64,132),1,54
(64,137),1,45
(64,139),1,3
(64,140),1,37
(64,141),1,28
(64,146),1,9
(64,149),1,51
(64,154),1,55
(64,155),1,26
(64,157),1,44
(64,162),1,13
(64,164),1,18
(64,167),1,47
(64,168),1,83
(64,172),1,42
(64,173),1,9
(64,174),1,87
(64,179),1,14
(64,185),1,55
(64,186),1,58
(64,190),1,23
(64,195),1,0
(64,197),1,56
(64,199),1,82
(65,4),1,48
(65,11),1,56
(65,15),1,21
(65,17),1,64
(65,23),1,77
(65,24),1,49
(65,26),1,7
(65,29),1,79
(65,30),1,20
(65,33),1,0
(65,39),1,37
(65,44),1,60
(65,48),1,23
(65,49),1,21
(65,52),1,76
(65,53),1,51
(65,54),1,56
(65,61),1,74
(65,67),1,69
(65,72),1,28
(65,73),1,62
(65,81),1,8
(65,82),1,10
(65,83),1,15
(65,85),1,46
(65,93),1,89
(65,96),1,76
(65,97),1,80
(65,98),1,54
(65,103),1,85
(65,104),1,66
(65,106),1,84
(65,110),1,47
(65,111),1,66
(65,112),1,49
(65,123),1,67
(65,126),1,15
(65,128),1,36
(65,132),1,66
(65,137),1,15
(65,139),1,36
(65,140),1,54
(65,141),1,36
(65,146),1,60
(65,149),1,78
(65,155),1,39
(65,157),1,64
(65,162),1,37
(65,167),1,72
(65,172),1,85
(65,174),1,45
(65,175),1,46
(65,179),1,35
(65,185),1,6
(65,189),1,88
(65,197),1,1
(65,199),1,41
(66,5),1,87
(66,7),1,33
(66,15),1,83
(66,30),1,32
(66,45),1,8
(66,56),1,13
(66,94),1,71
(66,132),1,67
(66,155),1,51
(66,172),1,39
(66,199),1,76
(68,0),1,69
(68,7),1,53
(68,15),1,45
(68,17),1,40
(68,23),1,58
(68,26),1,83
(68,29),1,41
(68,30),1,88
(68,39),1,34
(68,44),1,85
(68,48),1,66
(68,49),1,49
(68,52),1,34
(68,54),1,24
(68,56),1,69
(68,61),1,34
(68,63),1,56
(68,73),1,77
(68,81),1,40
(68,82),1,11
(68,83),1,44
(68,85),1,28
(68,89),1,45
(68,93),1,32
(68,96),1,85
(68,97),1,26
(68,98),1,39
(68,103),1,1
(68,104),1,60
(68,106),1,70
(68,110),1,44
(68,112),1,76
(68,115),1,44
(68,123),1,75
(68,126),1,17
(68,132),1,37
(68,137),1,6
(68,139),1,50
(68,140),1,30
(68,141),1,13
(68,146),1,72
(68,149),1,57
(68,155),1,24
(68,157),1,3
(68,162),1,77
(68,163),1,40
(68,167),1,2
(68,172),1,60
(68,173),1,11
(68,174),1,29
(68,179),1,60
(68,182),1,46
(68,185),1,1
(68,189),1,72
(68,190),1,17
(68,197),1,83
(68,199),1,40
(69,7),1,15
(69,13),1,53
(69,15),1,44
(69,17),1,51
(69,23),1,11
(69,24),1,26
(69,26),1,51
(69,29),1,84
(69,30),1,54
(69,33),1,87
(69,39),1,20
(69,44),1,59
(69,48),1,27
(69,49),1,44
(69,52),1,46
(69,53),1,39
(69,54),1,77
(69,56),1,47
(69,61),1,78
(69,67),1,75
(69,73),1,86
(69,80),1,39
(69,81),1,22
(69,82),1,50
(69,85),1,34
(69,93),1,20
(69,96),1,59
(69,97),1,69
(69,98),1,82
(69,104),1,37
(69,106),1,14
(69,110),1,19
(69,112),1,49
(69,115),1,13
(69,123),1,44
(69,125),1,72
(69,126),1,8
(69,132),1,39
(69,137),1,57
(69,140),1,32
(69,141),1,7
(69,146),1,65
(69,149),1,53
(69,155),1,36
(69,157),1,59
(69,162),1,61
(69,167),1,75
(69,173),1,34
(69,174),1,72
(69,179),1,48
(69,185),1,27
(69,189),1,7
(69,197),1,3
(69,199),1,29
(70,15),1,21
(70,30),1,2
(70,45),1,74
(70,56),1,65
(70,132),1,56
(70,155),1,49
(70,172),1,1
(70,199),1,28
(71,7),1,16
(71,15),1,83
(71,30),1,21
(71,56),1,43
(71,132),1,48
(71,155),1,61
(71,172),1,71
(71,188),1,65
(71,199),1,35
(73,13),1,87
(73,15),1,7
(73,30),1,41
(73,94),1,10
(73,132),1,46
(73,155),1,38
(73,199),1,25
(74,7),1,73
(74,10),1,86
(74,15),1,86
(74,17),1,48
(74,23),1,79
(74,26),1,19
(74,29),1,11
(74,30),1,70
(74,33),1,84
(74,36),1,16
(74,39),1,9
(74,44),1,79
(74,45),1,75
(74,48),1,47
(74,49),1,65
(74,52),1,69
(74,53),1,21
(74,54),1,52
(74,56),1,21
(74,61),1,18
(74,67),1,7
(74,72),1,65
(74,73),1,29
(74,79),1,1
(74,80),1,31
(74,81),1,89
(74,82),1,38
(74,83),1,19
(74,85),1,67
(74,93),1,35
(74,95),1,20
(74,96),1,44
(74,97),1,44
(74,98),1,76
(74,103),1,10
(74,104),1,53
(74,106),1,18
(74,110),1,16
(74,112),1,42
(74,115),1,81
(74,123),1,18
(74,126),1,47
(74,132),1,35
(74,137),1,57
(74,140),1,18
(74,141),1,20
(74,146),1,45
(74,149),1,28
(74,155),1,12
(74,157),1,47
(74,162),1,59
(74,163),1,2
(74,166),1,28
(74,167),1,31
(74,168),1,73
(74,172),1,63
(74,173),1,71
(74,174),1,24
(74,179),1,18
(74,195),1,43
(74,197),1,21
(74,198),1,4
(74,199),1,16
(75,13),1,46
(75,15),1,34
(75,30),1,8
(75,53),1,85
(75,56),1,41
(75,94),1,14
(75,131),1,54
(75,132),1,89
(75,155),1,44
(75,172),1,20
(75,199),1,80
(76,7),1,11
(76,15),1,78
(76,17),1,85
(76,21),1,5
(76,23),1,68
(76,26),1,23
(76,27),1,35
(76,29),1,19
(76,30),1,76
(76,36),1,72
(76,44),1,63
(76,46),1,28
(76,48),1,28
(76,49),1,23
(76,52),1,89
(76,53),1,40
(76,54),1,21
(76,56),1,46
(76,61),1,28
(76,67),1,32
(76,72),1,13
(76,73),1,48
(76,79),1,36
(76,81),1,84
(76,82),1,13
(76,85),1,80
(76,93),1,54
(76,96),1,53
(76,97),1,66
(76,98),1,87
(76,104),1,31
(76,106),1,58
(76,110),1,53
(76,112),1,72
(76,115),1,55
(76,121),1,27
(76,126),1,30
(76,128),1,39
(76,132),1,76
(76,137),1,50
(76,140),1,45
(76,141),1,47
(76,146),1,66
(76,149),1,35
(76,155),1,16
(76,157),1,42
(76,162),1,22
(76,167),1,34
(76,168),1,10
(76,173),1,59
(76,174),1,49
(76,179),1,15
(76,188),1,27
(76,195),1,16
(76,197),1,49
(76,198),1,63
(76,199),1,55
(78,13),1,71
(78,15),1,76
(78,17),1,46
(78,23),1,77
(78,26),1,36
(78,29),1,45
(78,30),1,62
(78,33),1,82
(78,44),1,51
(78,46),1,6
(78,48),1,24
(78,49),1,89
(78,52),1,29
(78,54),1,55
(78,56),1,67
(78,58),1,39
(78,61),1,68
(78,67),1,47
(78,73),1,59
(78,79),1,43
(78,81),1,41
(78,82),1,17
(78,83),1,40
(78,85),1,88
(78,93),1,0
(78,96),1,54
(78,97),1,17
(78,98),1,69
(78,104),1,19
(78,106),1,83
(78,110),1,89
(78,112),1,45
(78,123),1,17
(78,125),1,28
(78,126),1,18
(78,132),1,19
(78,137),1,75
(78,140),1,87
(78,141),1,56
(78,146),1,0
(78,149),1,17
(78,157),1,71
(78,162),1,22
(78,167),1,33
(78,173),1,18
(78,174),1,0
(78,179),1,70
(78,185),1,69
(78,195),1,57
(78,197),1,37
(78,199),1,51
(79,7),1,35
(79,15),1,23
(79,30),1,2
(79,45),1,84
(79,53),1,51
(79,132),1,7
(79,155),1,35
(79,199),1,21
(80,7),1,62
(80,15),1,39
(80,30),1,6
(80,94),1,53
(80,119),1,41
(80,132),1,35
(80,155),1,6
(80,172),1,77
(80,199),1,10
(81,7),1,72
(81,13),1,20
(81,15),1,30
(81,30),1,61
(81,45),1,79
(81,119),1,29
(81,132),1,15
(81,155),1,76
(81,172),1,85
(81,199),1,20
(82,15),1,11
(82,30),1,43
(82,53),1,53
(82,56),1,52
(82,94),1,78
(82,132),1,51
(82,172),1,54
(82,199),1,23
(84,5),1,61
(84,15),1,29
(84,30),1,72
(84,56),1,34
(84,92),1,12
(84,94),1,61
(84,114),1,30
(84,119),1,28
(84,132),1,54
(84,155),1,56
(84,199),1,56
(85,7),1,89
(85,15),1,79
(85,30),1,63
(85,94),1,23
(85,132),1,14
(85,155),1,51
(85,172),1,0
(85,199),1,1
(86,7),1,43
(86,15),1,74
(86,17),1,50
(86,23),1,31
(86,26),1,33
(86,29),1,25
(86,30),1,59
(86,33),1,11
(86,39),1,13
(86,44),1,53
(86,48),1,47
(86,49),1,43
(86,52),1,13
(86,54),1,44
(86,56),1,45
(86,58),1,76
(86,61),1,7
(86,67),1,1
(86,72),1,75
(86,73),1,76
(86,81),1,87
(86,82),1,82
(86,85),1,57
(86,93),1,46
(86,94),1,87
(86,96),1,85
(86,97),1,68
(86,98),1,32
(86,103),1,56
(86,104),1,51
(86,106),1,61
(86,110),1,58
(86,111),1,22
(86,112),1,77
(86,119),1,65
(86,123),1,36
(86,126),1,84
(86,127),1,77
(86,132),1,8
(86,139),1,86
(86,140),1,53
(86,141),1,42
(86,146),1,28
(86,149),1,82
(86,155),1,5
(86,157),1,15
(86,162),1,60
(86,167),1,20
(86,168),1,38
(86,172),1,10
(86,173),1,85
(86,174),1,46
(86,195),1,19
(86,197),1,46
(86,199),1,55
(87,5),1,24
(87,7),1,17
(87,10),1,10
(87,11),1,85
(87,15),1,64
(87,17),1,66
(87,21),1,47
(87,23),1,60
(87,24),1,5
(87,26),1,24
(87,29),1,79
(87,30),1,11
(87,33),1,78
(87,44),1,21
(87,48),1,60
(87,49),1,71
(87,52),1,59
(87,53),1,36
(87,54),1,50
(87,56),1,42
(87,61),1,79
(87,67),1,87
(87,73),1,22
(87,81),1,7
(87,82),1,10
(87,83),1,68
(87,85),1,73
(87,89),1,1
(87,93),1,41
(87,96),1,66
(87,97),1,55
(87,98),1,56
(87,100),1,67
(87,103),1,23
(87,104),1,56
(87,106),1,59
(87,110),1,12
(87,112),1,66
(87,114),1,80
(87,115),1,85
(87,123),1,10
(87,126),1,38
(87,132),1,9
(87,137),1,42
(87,140),1,64
(87,141),1,15
(87,146),1,81
(87,149),1,8
(87,155),1,87
(87,157),1,86
(87,162),1,12
(87,167),1,3
(87,172),1,13
(87,173),1,9
(87,174),1,75
(87,179),1,10
(87,185),1,79
(87,195),1,73
(87,197),1,77
(87,199),1,35
(88,7),1,13
(88,11),1,56
(88,13),1,80
(88,15),1,45
(88,17),1,49
(88,23),1,72
(88,26),1,23
(88,29),1,19
(88,30),1,19
(88,33),1,34
(88,39),1,76
(88,44),1,28
(88,48),1,61
(88,49),1,76
(88,52),1,87
(88,54),1,23
(88,58),1,7
(88,61),1,73
(88,67),1,54
(88,73),1,1
(88,81),1,84
(88,82),1,43
(88,83),1,49
(88,85),1,46
(88,89),1,31
(88,93),1,75
(88,96),1,79
(88,97),1,46
(88,98),1,22
(88,103),1,84
(88,104),1,51
(88,106),1,24
(88,110),1,41
(88,112),1,48
(88,123),1,62
(88,125),1,39
(88,126),1,6
(88,128),1,20
(88,132),1,5
(88,137),1,42
(88,140),1,41
(88,141),1,59
(88,146),1,36
(88,149),1,20
(88,155),1,2
(88,157),1,37
(88,162),1,50
(88,168),1,2
(88,172),1,14
(88,173),1,23
(88,174),1,46
(88,179),1,66
(88,185),1,40
(88,190),1,82
(88,195),1,59
(88,197),1,79
(88,199),1,15
(89,48),1,51
(89,61),1,67
(89,64),1,10
(89,80),1,21
(89,96),1,40
(89,98),1,9
(89,137),1,79
(89,167),1,37
(90,13),1,61
(90,15),1,81
(90,17),1,4
(90,23),1,26
(90,24),1,66
(90,26),1,19
(90,29),1,62
(90,30),1,6
(90,33),1,66
(90,39),1,75
(90,44),1,20
(90,48),1,35
(90,49),1,11
(90,52),1,70
(90,54),1,66
(90,58),1,43
(90,61),1,40
(90,67),1,78
(90,72),1,38
(90,73),1,36
(90,79),1,57
(90,81),1,40
(90,82),1,20
(90,85),1,72
(90,93),1,32
(90,94),1,45
(90,96),1,86
(90,97),1,52
(90,98),1,29
(90,103),1,14
(90,104),1,73
(90,106),1,33
(90,110),1,3
(90,112),1,34
(90,123),1,47
(90,126),1,77
(90,128),1,41
(90,132),1,14
(90,139),1,79
(90,140),1,10
(90,141),1,51
(90,146),1,74
(90,149),1,26
(90,157),1,50
(90,162),1,16
(90,166),1,54
(90,167),1,26
(90,172),1,83
(90,174),1,27
(90,179),1,29
(90,195),1,28
(90,197),1,36
(90,199),1,67
(91,39),1,24
(91,48),1,28
(91,61),1,19
(91,80),1,54
(91,96),1,20
(91,98),1,2
(91,167),1,63
(92,13),1,13
(92,15),1,82
(92,30),1,25
(92,94),1,3
(92,132),1,46
(92,155),1,5
(92,199),1,16
(93,7),1,56
(93,15),1,29
(93,30),1,89
(93,94),1,14
(93,119),1,81
(93,132),1,67
(93,172),1,20
(93,199),1,73
(94,48),1,75
(94,58),1,48
(94,61),1,60
(94,96),1,45
(94,98),1,64
(94,137),1,52
(94,167),1,51
(95,7),1,85
(95,15),1,31
(95,17),1,48
(95,21),1,10
(95,23),1,49
(95,26),1,60
(95,29),1,2
(95,30),1,13
(95,33),1,67
(95,39),1,45
(95,44),1,88
(95,45),1,4
(95,48),1,62
(95,49),1,25
(95,52),1,54
(95,53),1,11
(95,54),1,39
(95,56),1,76
(95,58),1,26
(95,61),1,45
(95,67),1,3
(95,73),1,78
(95,81),1,29
(95,82),1,89
(95,85),1,82
(95,93),1,77
(95,94),1,80
(95,96),1,69
(95,97),1,66
(95,98),1,18
(95,103),1,32
(95,104),1,39
(95,106),1,75
(95,110),1,38
(95,112),1,38
(95,115),1,7
(95,125),1,62
(95,126),1,3
(95,132),1,51
(95,137),1,48
(95,140),1,66
(95,141),1,78
(95,146),1,63
(95,149),1,74
(95,155),1,11
(95,157),1,22
(95,162),1,31
(95,167),1,4
(95,172),1,5
(95,173),1,4
(95,174),1,88
(95,190),1,53
(95,194),1,42
(95,197),1,65
(95,199),1,10
(96,7),1,79
(96,15),1,24
(96,30),1,26
(96,56),1,36
(96,94),1,10
(96,132),1,58
(96,155),1,77
(96,166),1,38
(96,199),1,6
(97,7),1,59
(97,13),1,62
(97,15),1,3
(97,30),1,62
(97,45),1,86
(97,94),1,9
(97,132),1,48
(97,155),1,74
(97,199),1,77
(98,7),1,32
(98,15),1,84
(98,30),1,23
(98,45),1,62
(98,56),1,2
(98,94),1,1
(98,132),1,17
(98,172),1,28
(98,199),1,38
(99,7),1,22
(99,15),1,8
(99,17),1,5
(99,23),1,71
(99,24),1,34
(99,26),1,16
(99,29),1,65
(99,30),1,78
(99,33),1,11
(99,44),1,40
(99,45),1,71
(99,48),1,34
(99,49),1,12
(99,52),1,52
(99,54),1,37
(99,56),1,62
(99,61),1,29
(99,67),1,7
(99,73),1,4
(99,79),1,15
(99,80),1,69
(99,81),1,52
(99,82),1,29
(99,83),1,69
(99,85),1,68
(99,93),1,1
(99,96),1,78
(99,97),1,69
(99,98),1,55
(99,103),1,44
(99,104),1,57
(99,106),1,56
(99,110),1,82
(99,112),1,18
(99,115),1,72
(99,119),1,59
(99,123),1,67
(99,126),1,82
(99,132),1,43
(99,137),1,52
(99,139),1,65
(99,140),1,36
(99,141),1,8
(99,146),1,67
(99,149),1,32
(99,157),1,46
(99,162),1,67
(99,167),1,11
(99,168),1,80
(99,172),1,2
(99,173),1,9
(99,174),1,51
(99,179),1,30
(99,185),1,54
(99,190),1,1
(99,195),1,4
(99,197),1,17
(99,199),1,13
(100,7),1,17
(100,15),1,8
(100,16),1,80
(100,17),1,38
(100,23),1,56
(100,26),1,28
(100,29),1,56
(100,30),1,75
(100,33),1,83
(100,39),1,42
(100,44),1,48
(100,48),1,50
(100,49),1,4
(100,52),1,28
(100,54),1,5
(100,56),1,17
(100,58),1,59
(100,61),1,36
(100,67),1,32
(100,73),1,57
(100,81),1,25
(100,82),1,26
(100,83),1,44
(100,85),1,15
(100,93),1,81
(100,96),1,29
(100,97),1,89
(100,98),1,62
(100,103),1,4
(100,104),1,55
(100,106),1,31
(100,110),1,88
(100,112),1,22
(100,123),1,71
(100,126),1,89
(100,132),1,55
(100,137),1,9
(100,139),1,13
(100,140),1,58
(100,141),1,48
(100,146),1,40
(100,149),1,6
(100,157),1,30
(100,162),1,26
(100,173),1,8
(100,174),1,57
(100,197),1,56
(100,199),1,86
(101,7),1,1
(101,15),1,70
(101,30),1,9
(101,94),1,38
(101,132),1,77
(101,155),1,40
(101,166),1,34
(101,199),1,83
(102,7),1,18
(102,15),1,29
(102,30),1,15
(102,92),1,64
(102,94),1,37
(102,116),1,43
(102,119),1,2
(102,132),1,46
(102,155),1,37
(102,172),1,45
(102,199),1,88
(104,15),1,5
(104,30),1,49
(104,56),1,31
(104,132),1,34
(104,155),1,9
(104,172),1,34
(104,199),1,51
(105,39),1,3
(105,48),1,4
(105,53),1,36
(105,61),1,14
(105,96),1,49
(105,98),1,51
(105,137),1,23
(105,189),1,10
(106,48),1,15
(106,58),1,38
(106,61),1,32
(106,80),1,66
(106,96),1,31
(106,98),1,6
(106,137),1,66
(106,167),1,74
(107,15),1,46
(107,17),1,20
(107,23),1,47
(107,26),1,87
(107,29),1,34
(107,30),1,81
(107,33),1,3
(107,36),1,40
(107,39),1,23
(107,44),1,18
(107,45),1,55
(107,48),1,38
(107,49),1,46
(107,52),1,53
(107,53),1,46
(107,54),1,83
(107,56),1,19
(107,58),1,58
(107,61),1,35
(107,67),1,58
(107,73),1,63
(107,79),1,82
(107,81),1,46
(107,82),1,36
(107,83),1,89
(107,85),1,0
(107,89),1,34
(107,93),1,41
(107,94),1,51
(107,95),1,20
(107,96),1,13
(107,97),1,48
(107,98),1,32
(107,104),1,40
(107,106),1,15
(107,110),1,84
(107,112),1,18
(107,126),1,40
(107,132),1,31
(107,137),1,52
(107,139),1,25
(107,140),1,63
(107,141),1,15
(107,146),1,12
(107,149),1,30
(107,157),1,39
(107,162),1,37
(107,167),1,29
(107,172),1,64
(107,173),1,74
(107,174),1,26
(107,179),1,68
(107,185),1,60
(107,197),1,45
(107,199),1,79
(108,7),1,67
(108,15),1,62
(108,30),1,9
(108,56),1,15
(108,132),1,39
(108,166),1,63
(108,172),1,35
(108,199),1,27
(109,7),1,62
(109,15),1,25
(109,30),1,66
(109,35),1,6
(109,43),1,59
(109,45),1,0
(109,53),1,71
(109,94),1,14
(109,132),1,39
(109,155),1,37
(109,172),1,3
(109,199),1,86
(110,7),1,16
(110,15),1,3
(110,30),1,43
(110,56),1,7
(110,94),1,87
(110,107),1,50
(110,132),1,86
(110,155),1,78
(110,166),1,70
(110,172),1,84
(110,199),1,12
(111,7),1,87
(111,15),1,47
(111,17),1,55
(111,21),1,48
(111,23),1,69
(111,26),1,16
(111,29),1,21
(111,30),1,36
(111,33),1,50
(111,39),1,2
(111,44),1,48
(111,48),1,20
(111,49),1,53
(111,52),1,43
(111,54),1,40
(111,56),1,28
(111,61),1,48
(111,65),1,22
(111,67),1,64
(111,72),1,51
(111,73),1,31
(111,78),1,5
(111,81),1,36
(111,82),1,73
(111,85),1,50
(111,89),1,21
(111,93),1,36
(111,95),1,38
(111,96),1,2
(111,97),1,64
(111,98),1,64
(111,103),1,45
(111,104),1,6
(111,106),1,41
(111,107),1,65
(111,110),1,26
(111,112),1,46
(111,115),1,31
(111,126),1,57
(111,132),1,77
(111,137),1,28
(111,140),1,37
(111,141),1,34
(111,146),1,45
(111,149),1,10
(111,155),1,30
(111,157),1,65
(111,162),1,43
(111,167),1,85
(111,172),1,46
(111,173),1,36
(111,174),1,59
(111,179),1,12
(111,197),1,55
(111,199),1,65
(112,7),1,3
(112,13),1,79
(112,15),1,74
(112,30),1,65
(112,94),1,32
(112,132),1,18
(112,166),1,54
(112,199),1,79
(113,4),1,26
(113,7),1,71
(113,13),1,57
(113,15),1,13
(113,17),1,81
(113,20),1,21
(113,23),1,20
(113,26),1,25
(113,28),1,48
(113,29),1,76
(113,30),1,33
(113,33),1,46
(113,39),1,79
(113,44),1,30
(113,48),1,65
(113,49),1,18
(113,52),1,35
(113,53),1,88
(113,54),1,49
(113,61),1,56
(113,67),1,11
(113,70),1,87
(113,73),1,72
(113,79),1,7
(113,80),1,42
(113,81),1,15
(113,82),1,56
(113,85),1,12
(113,93),1,44
(113,96),1,83
(113,97),1,76
(113,98),1,19
(113,99),1,69
(113,103),1,84
(113,104),1,56
(113,106),1,31
(113,108),1,34
(113,110),1,46
(113,112),1,23
(113,123),1,23
(113,126),1,46
(113,128),1,52
(113,132),1,25
(113,137),1,23
(113,139),1,19
(113,140),1,78
(113,141),1,5
(113,146),1,80
(113,149),1,52
(113,157),1,33
(113,162),1,0
(113,166),1,74
(113,167),1,60
(113,172),1,31
(113,173),1,88
(113,174),1,54
(113,179),1,62
(113,190),1,24
(113,197),1,49
(113,199),1,80
(114,7),1,8
(114,15),1,83
(114,30),1,18
(114,45),1,17
(114,53),1,61
(114,119),1,49
(114,132),1,29
(114,155),1,22
(114,172),1,46
(114,199),1,12
(115,7),1,55
(115,13),1,31
(115,15),1,82
(115,30),1,61
(115,53),1,86
(115,56),1,32
(115,132),1,18
(115,155),1,72
(115,172),1,67
(115,199),1,9
(116,15),1,11
(116,30),1,0
(116,45),1,42
(116,114),1,1
(116,119),1,3
(116,132),1,52
(116,155),1,55
(116,172),1,45
(116,199),1,65
(117,7),1,62
(117,15),1,48
(117,17),1,67
(117,20),1,69
(117,23),1,31
(117,26),1,51
(117,28),1,6
(117,29),1,14
(117,30),1,80
(117,33),1,15
(117,36),1,72
(117,44),1,7
(117,48),1,8
(117,49),1,15
(117,52),1,85
(117,54),1,53
(117,56),1,39
(117,58),1,60
(117,61),1,47
(117,67),1,48
(117,70),1,50
(117,73),1,71
(117,79),1,2
(117,80),1,10
(117,81),1,57
(117,82),1,53
(117,85),1,39
(117,93),1,24
(117,94),1,4
(117,95),1,10
(117,96),1,25
(117,97),1,78
(117,98),1,41
(117,103),1,7
(117,104),1,35
(117,106),1,11
(117,110),1,11
(117,112),1,67
(117,126),1,11
(117,132),1,54
(117,137),1,17
(117,140),1,62
(117,141),1,32
(117,142),1,79
(117,146),1,6
(117,149),1,48
(117,155),1,66
(117,157),1,68
(117,162),1,6
(117,163),1,28
(117,167),1,42
(117,173),1,37
(117,174),1,65
(117,189),1,1
(117,190),1,37
(117,195),1,15
(117,197),1,7
(117,199),1,35
(118,48),1,34
(118,58),1,1
(118,61),1,78
(118,96),1,36
(118,98),1,3
(118,167),1,14
(118,189),1,63
(119,4),1,54
(119,7),1,42
(119,15),1,31
(119,17),1,85
(119,23),1,34
(119,26),1,38
(119,29),1,55
(119,30),1,58
(119,33),1,65
(119,36),1,33
(119,39),1,52
(119,44),1,7
(119,45),1,42
(119,48),1,76
(119,49),1,34
(119,52),1,24
(119,54),1,57
(119,56),1,30
(119,61),1,62
(119,67),1,78
(119,73),1,25
(119,81),1,85
(119,82),1,26
(119,85),1,61
(119,89),1,85
(119,93),1,68
(119,94),1,66
(119,96),1,5
(119,97),1,7
(119,98),1,14
(119,103),1,7
(119,104),1,10
(119,106),1,15
(119,110),1,17
(119,112),1,16
(119,114),1,56
(119,125),1,23
(119,126),1,27
(119,132),1,63
(119,137),1,84
(119,140),1,1
(119,141),1,82
(119,146),1,59
(119,149),1,9
(119,155),1,30
(119,157),1,11
(119,162),1,29
(119,163),1,78
(119,167),1,20
(119,168),1,34
(119,172),1,1
(119,173),1,44
(119,174),1,28
(119,179),1,46
(119,182),1,64
(119,195),1,54
(119,197),1,54
(119,199),1,13
(120,7),1,63
(120,13),1,69
(120,15),1,2
(120,17),1,16
(120,21),1,5
(120,23),1,85
(120,26),1,16
(120,29),1,79
(120,30),1,48
(120,33),1,50
(120,44),1,24
(120,48),1,68
(120,49),1,86
(120,52),1,10
(120,54),1,70
(120,61),1,17
(120,67),1,84
(120,73),1,35
(120,80),1,86
(120,81),1,84
(120,82),1,8
(120,85),1,55
(120,93),1,65
(120,95),1,45
(120,96),1,73
(120,97),1,55
(120,98),1,59
(120,100),1,42
(120,103),1,51
(120,104),1,23
(120,106),1,69
(120,110),1,66
(120,112),1,8
(120,115),1,48
(120,123),1,60
(120,126),1,56
(120,132),1,0
(120,137),1,64
(120,140),1,21
(120,141),1,60
(120,146),1,62
(120,149),1,46
(120,155),1,78
(120,157),1,39
(120,162),1,40
(120,167),1,27
(120,168),1,18
(120,172),1,43
(120,173),1,13
(120,174),1,77
(120,179),1,86
(120,190),1,49
(120,195),1,43
(120,197),1,13
(120,199),1,77
(121,7),1,75
(121,13),1,32
(121,15),1,19
(121,17),1,46
(121,23),1,37
(121,24),1,56
(121,26),1,37
(121,29),1,6
(121,30),1,26
(121,33),1,15
(121,44),1,83
(121,48),1,80
(121,49),1,88
(121,52),1,14
(121,54),1,18
(121,56),1,37
(121,58),1,9
(121,61),1,9
(121,65),1,85
(121,67),1,6
(121,73),1,89
(121,79),1,1
(121,81),1,81
(121,82),1,66
(121,83),1,67
(121,85),1,68
(121,93),1,39
(121,96),1,87
(121,97),1,35
(121,98),1,51
(121,103),1,55
(121,104),1,58
(121,106),1,64
(121,107),1,32
(121,110),1,57
(121,112),1,50
(121,123),1,14
(121,126),1,68
(121,128),1,37
(121,132),1,15
(121,140),1,16
(121,141),1,13
(121,146),1,63
(121,149),1,14
(121,155),1,68
(121,157),1,49
(121,162),1,65
(121,167),1,84
(121,168),1,24
(121,172),1,62
(121,173),1,73
(121,174),1,34
(121,185),1,67
(121,190),1,67
(121,195),1,63
(121,197),1,64
(121,199),1,26
(122,4),1,21
(122,7),1,84
(122,15),1,13
(122,17),1,52
(122,20),1,59
(122,23),1,30
(122,24),1,51
(122,26),1,63
(122,29),1,51
(122,30),1,43
(122,33),1,81
(122,39),1,14
(122,44),1,28
(122,48),1,2
(122,49),1,29
(122,52),1,63
(122,53),1,5
(122,54),1,14
(122,56),1,12
(122,61),1,83
(122,67),1,12
(122,73),1,30
(122,80),1,42
(122,81),1,89
(122,82),1,41
(122,85),1,88
(122,89),1,81
(122,93),1,37
(122,94),1,83
(122,96),1,35
(122,97),1,64
(122,98),1,49
(122,104),1,64
(122,106),1,32
(122,110),1,8
(122,112),1,9
(122,123),1,86
(122,125),1,51
(122,126),1,33
(122,132),1,84
(122,140),1,0
(122,141),1,80
(122,146),1,52
(122,149),1,77
(122,155),1,58
(122,157),1,87
(122,162),1,77
(122,167),1,82
(122,173),1,55
(122,174),1,21
(122,185),1,28
(122,197),1,16
(122,199),1,74
(123,7),1,7
(123,15),1,76
(123,30),1,74
(123,56),1,43
(123,132),1,41
(123,155),1,83
(123,172),1,60
(123,199),1,81
(124,15),1,82
(124,30),1,9
(124,35),1,73
(124,45),1,39
(124,56),1,14
(124,132),1,17
(124,155),1,57
(124,172),1,70
(124,199),1,4
(125,39),1,25
(125,48),1,56
(125,53),1,11
(125,58),1,23
(125,61),1,12
(125,96),1,29
(125,98),1,35
(125,137),1,40
(125,167),1,50
(127,7),1,66
(127,13),1,46
(127,15),1,2
(127,30),1,15
(127,56),1,37
(127,94),1,64
(127,107),1,84
(127,114),1,67
(127,132),1,28
(127,155),1,31
(127,199),1,88
(128,7),1,86
(128,15),1,34
(128,30),1,75
(128,94),1,78
(128,132),1,10
(128,155),1,80
(128,172),1,5
(128,199),1,86
(129,2),1,53
(129,7),1,0
(129,12),1,25
(129,13),1,80
(129,15),1,88
(129,17),1,75
(129,21),1,8
(129,22),1,45
(129,23),1,18
(129,24),1,3
(129,26),1,45
(129,29),1,36
(129,30),1,10
(129,33),1,74
(129,36),1,58
(129,39),1,39
(129,44),1,71
(129,48),1,22
(129,49),1,30
(129,52),1,74
(129,54),1,37
(129,61),1,65
(129,73),1,79
(129,81),1,66
(129,82),1,66
(129,85),1,4
(129,93),1,55
(129,94),1,85
(129,96),1,77
(129,97),1,56
(129,98),1,44
(129,104),1,86
(129,106),1,5
(129,110),1,43
(129,112),1,24
(129,126),1,67
(129,127),1,37
(129,128),1,49
(129,132),1,72
(129,137),1,2
(129,140),1,4
(129,141),1,67
(129,146),1,77
(129,149),1,57
(129,155),1,77
(129,157),1,63
(129,162),1,63
(129,167),1,42
(129,172),1,1
(129,173),1,88
(129,174),1,83
(129,178),1,2
(129,195),1,9
(129,197),1,74
(129,199),1,26
(130,4),1,61
(130,7),1,22
(130,8),1,69
(130,12),1,7
(130,15),1,73
(130,17),1,60
(130,21),1,52
(130,23),1,81
(130,26),1,63
(130,29),1,72
(130,30),1,42
(130,33),1,45
(130,44),1,7
(130,48),1,13
(130,49),1,36
(130,52),1,74
(130,53),1,59
(130,54),1,32
(130,61),1,11
(130,67),1,48
(130,73),1,51
(130,81),1,23
(130,82),1,62
(130,85),1,55
(130,93),1,57
(130,94),1,13
(130,96),1,51
(130,97),1,1
(130,98),1,28
(130,99),1,35
(130,103),1,61
(130,104),1,37
(130,106),1,82
(130,110),1,31
(130,112),1,51
(130,114),1,28
(130,126),1,5
(130,132),1,21
(130,137),1,78
(130,139),1,89
(130,140),1,78
(130,141),1,63
(130,146),1,21
(130,149),1,8
(130,157),1,70
(130,162),1,71
(130,167),1,44
(130,172),1,68
(130,173),1,61
(130,174),1,19
(130,185),1,75
(130,197),1,69
(130,199),1,11
(131,7),1,10
(131,15),1,10
(131,30),1,32
(131,45),1,67
(131,56),1,62
(131,111),1,30
(131,132),1,2
(131,155),1,50
(131,172),1,37
(131,199),1,70
(132,39),1,25
(132,48),1,62
(132,58),1,20
(132,61),1,3
(132,96),1,7
(132,98),1,83
(132,167),1,56
(133,5),1,62
(133,15),1,22
(133,30),1,7
(133,45),1,65
(133,56),1,22
(133,94),1,81
(133,132),1,47
(133,155),1,26
(133,199),1,0
(134,5),1,81
(134,7),1,30
(134,13),1,69
(134,15),1,70
(134,30),1,21
(134,56),1,29
(134,94),1,81
(134,132),1,50
(134,155),1,26
(134,166),1,62
(134,199),1,36
(135,7),1,56
(135,15),1,29
(135,30),1,23
(135,53),1,4
(135,132),1,74
(135,155),1,85
(135,199),1,25
(136,7),1,76
(136,13),1,17
(136,15),1,28
(136,17),1,89
(136,21),1,87
(136,23),1,34
(136,26),1,28
(136,29),1,22
(136,30),1,71
(136,33),1,28
(136,39),1,24
(136,44),1,6
(136,45),1,50
(136,48),1,28
(136,49),1,25
(136,52),1,52
(136,54),1,29
(136,56),1,33
(136,61),1,16
(136,67),1,48
(136,73),1,17
(136,77),1,55
(136,81),1,56
(136,82),1,51
(136,85),1,81
(136,93),1,14
(136,94),1,69
(136,96),1,53
(136,97),1,81
(136,98),1,57
(136,103),1,22
(136,104),1,1
(136,106),1,84
(136,110),1,51
(136,112),1,84
(136,115),1,37
(136,123),1,46
(136,126),1,10
(136,132),1,55
(136,137),1,75
(136,140),1,18
(136,141),1,1
(136,146),1,47
(136,149),1,67
(136,157),1,8
(136,162),1,80
(136,167),1,28
(136,168),1,87
(136,172),1,10
(136,173),1,6
(136,174),1,21
(136,190),1,37
(136,197),1,3
(136,199),1,59
(137,7),1,42
(137,15),1,5
(137,30),1,1
(137,56),1,54
(137,94),1,72
(137,132),1,46
(137,155),1,25
(137,199),1,11
(138,5),1,22
(138,7),1,36
(138,15),1,25
(138,30),1,64
(138,56),1,24
(138,132),1,10
(138,148),1,85
(138,155),1,42
(138,172),1,87
(138,188),1,46
(138,199),1,88
(139,39),1,1
(139,48),1,30
(139,61),1,88
(139,96),1,21
(139,98),1,51
(139,125),1,71
(139,137),1,68
(139,167),1,49
(140,7),1,52
(140,13),1,52
(140,15),1,47
(140,30),1,69
(140,56),1,40
(140,94),1,73
(140,132),1,53
(140,155),1,49
(140,156),1,10
(140,199),1,72
(141,7),1,10
(141,15),1,81
(141,30),1,40
(141,43),1,14
(141,45),1,29
(141,56),1,12
(141,94),1,42
(141,132),1,24
(141,155),1,64
(141,172),1,75
(141,199),1,31
(142,4),1,59
(142,15),1,59
(142,17),1,66
(142,23),1,3
(142,26),1,88
(142,29),1,77
(142,30),1,14
(142,33),1,52
(142,36),1,64
(142,39),1,15
(142,44),1,44
(142,45),1,70
(142,48),1,71
(142,49),1,76
(142,52),1,48
(142,54),1,31
(142,56),1,70
(142,61),1,86
(142,67),1,60
(142,73),1,68
(142,80),1,53
(142,81),1,10
(142,82),1,50
(142,85),1,36
(142,89),1,69
(142,93),1,7
(142,94),1,3
(142,96),1,34
(142,97),1,84
(142,98),1,19
(142,103),1,52
(142,104),1,24
(142,106),1,2
(142,110),1,44
(142,112),1,82
(142,115),1,27
(142,119),1,34
(142,123),1,35
(142,126),1,35
(142,127),1,49
(142,128),1,43
(142,132),1,12
(142,137),1,35
(142,140),1,10
(142,141),1,72
(142,146),1,9
(142,149),1,14
(142,157),1,32
(142,162),1,25
(142,167),1,57
(142,168),1,84
(142,172),1,77
(142,174),1,18
(142,179),1,40
(142,190),1,56
(142,195),1,57
(142,197),1,16
(142,199),1,50
(143,15),1,47
(143,30),1,58
(143,56),1,69
(143,66),1,21
(143,107),1,9
(143,132),1,17
(143,155),1,30
(143,166),1,35
(143,172),1,8
(143,199),1,67
(144,7),1,48
(144,15),1,83
(144,30),1,78
(144,45),1,8
(144,53),1,40
(144,114),1,25
(144,119),1,79
(144,132),1,68
(144,155),1,80
(144,156),1,22
(144,172),1,39
(144,199),1,4
(145,5),1,2
(145,7),1,78
(145,15),1,1
(145,30),1,14
(145,53),1,62
(145,56),1,14
(145,132),1,50
(145,155),1,13
(145,172),1,42
(145,199),1,62
(146,15),1,20
(146,30),1,16
(146,45),1,24
(146,56),1,25
(146,132),1,77
(146,172),1,1
(146,199),1,4
(147,7),1,47
(147,11),1,11
(147,15),1,9
(147,17),1,8
(147,21),1,64
(147,23),1,12
(147,24),1,76
(147,26),1,0
(147,29),1,84
(147,30),1,16
(147,33),1,34
(147,36),1,29
(147,44),1,47
(147,48),1,6
(147,49),1,67
(147,52),1,70
(147,54),1,63
(147,61),1,37
(147,67),1,65
(147,73),1,4
(147,79),1,82
(147,81),1,81
(147,82),1,0
(147,85),1,78
(147,89),1,5
(147,93),1,80
(147,96),1,84
(147,97),1,86
(147,98),1,85
(147,104),1,12
(147,106),1,12
(147,110),1,53
(147,112),1,23
(147,115),1,65
(147,123),1,74
(147,125),1,38
(147,126),1,51
(147,132),1,65
(147,139),1,69
(147,140),1,33
(147,141),1,48
(147,146),1,26
(147,149),1,19
(147,155),1,5
(147,157),1,20
(147,162),1,67
(147,167),1,78
(147,168),1,69
(147,172),1,78
(147,174),1,2
(147,179),1,84
(147,185),1,36
(147,189),1,77
(147,190),1,88
(147,195),1,48
(147,197),1,14
(147,199),1,40
(148,13),1,76
(148,15),1,8
(148,30),1,80
(148,56),1,62
(148,92),1,77
(148,114),1,40
(148,132),1,25
(148,147),1,26
(148,155),1,26
(148,172),1,80
(148,199),1,28
(149,7),1,8
(149,13),1,0
(149,15),1,71
(149,30),1,51
(149,35),1,88
(149,56),1,13
(149,94),1,85
(149,114),1,12
(149,131),1,83
(149,132),1,67
(149,143),1,59
(149,155),1,38
(149,166),1,64
(149,172),1,82
(149,199),1,81
(150,15),1,61
(150,30),1,64
(150,132),1,78
(150,148),1,14
(150,172),1,33
(150,199),1,37
(151,7),1,0
(151,10),1,47
(151,15),1,80
(151,17),1,47
(151,20),1,10
(151,21),1,50
(151,23),1,0
(151,26),1,59
(151,29),1,74
(151,30),1,74
(151,33),1,6
(151,39),1,31
(151,44),1,87
(151,48),1,50
(151,49),1,30
(151,52),1,84
(151,54),1,65
(151,56),1,25
(151,61),1,2
(151,64),1,63
(151,67),1,23
(151,70),1,16
(151,72),1,0
(151,73),1,49
(151,80),1,63
(151,81),1,0
(151,82),1,10
(151,85),1,54
(151,89),1,6
(151,93),1,46
(151,96),1,6
(151,97),1,29
(151,98),1,1
(151,104),1,74
(151,106),1,1
(151,110),1,14
(151,112),1,51
(151,123),1,80
(151,126),1,21
(151,127),1,57
(151,132),1,61
(151,137),1,89
(151,140),1,79
(151,141),1,3
(151,146),1,31
(151,149),1,13
(151,155),1,59
(151,157),1,40
(151,162),1,39
(151,166),1,46
(151,167),1,78
(151,172),1,20
(151,173),1,80
(151,174),1,81
(151,185),1,50
(151,190),1,22
(151,197),1,62
(151,199),1,11
(152,15),1,70
(152,17),1,20
(152,23),1,46
(152,26),1,89
(152,29),1,42
(152,30),1,63
(152,33),1,56
(152,38),1,34
(152,39),1,41
(152,44),1,26
(152,45),1,41
(152,48),1,5
(152,49),1,31
(152,52),1,81
(152,54),1,69
(152,56),1,12
(152,61),1,32
(152,67),1,48
(152,72),1,20
(152,73),1,67
(152,79),1,79
(152,80),1,61
(152,81),1,3
(152,82),1,87
(152,83),1,27
(152,85),1,44
(152,89),1,72
(152,93),1,45
(152,94),1,36
(152,96),1,72
(152,97),1,48
(152,98),1,80
(152,104),1,78
(152,106),1,9
(152,110),1,70
(152,112),1,10
(152,125),1,89
(152,126),1,53
(152,127),1,35
(152,132),1,21
(152,137),1,57
(152,139),1,54
(152,140),1,63
(152,141),1,35
(152,146),1,18
(152,149),1,22
(152,155),1,16
(152,157),1,89
(152,162),1,30
(152,167),1,49
(152,174),1,43
(152,179),1,50
(152,185),1,86
(152,190),1,31
(152,197),1,62
(152,199),1,64
(153,5),1,69
(153,15),1,64
(153,17),1,78
(153,23),1,65
(153,24),1,62
(153,26),1,83
(153,28),1,46
(153,29),1,43
(153,30),1,6
(153,33),1,29
(153,39),1,83
(153,44),1,35
(153,48),1,6
(153,49),1,71
(153,52),1,87
(153,54),1,10
(153,61),1,10
(153,67),1,45
(153,73),1,88
(153,80),1,89
(153,81),1,39
(153,82),1,22
(153,85),1,71
(153,93),1,31
(153,95),1,13
(153,96),1,52
(153,97),1,14
(153,98),1,68
(153,100),1,41
(153,103),1,55
(153,104),1,65
(153,106),1,16
(153,110),1,40
(153,112),1,57
(153,126),1,13
(153,132),1,88
(153,137),1,44
(153,140),1,63
(153,141),1,57
(153,146),1,36
(153,149),1,9
(153,155),1,7
(153,157),1,15
(153,162),1,17
(153,167),1,82
(153,173),1,78
(153,174),1,69
(153,179),1,41
(153,197),1,55
(153,199),1,62
(154,7),1,53
(154,8),1,17
(154,15),1,80
(154,17),1,83
(154,20),1,13
(154,23),1,70
(154,24),1,45
(154,26),1,46
(154,29),1,36
(154,30),1,48
(154,33),1,5
(154,39),1,73
(154,44),1,61
(154,45),1,20
(154,48),1,15
(154,49),1,18
(154,52),1,44
(154,54),1,21
(154,56),1,23
(154,61),1,56
(154,67),1,13
(154,73),1,86
(154,80),1,20
(154,81),1,13
(154,82),1,11
(154,85),1,61
(154,92),1,58
(154,93),1,54
(154,96),1,78
(154,97),1,3
(154,98),1,18
(154,100),1,40
(154,103),1,72
(154,104),1,80
(154,106),1,89
(154,110),1,53
(154,112),1,46
(154,123),1,48
(154,126),1,75
(154,132),1,2
(154,140),1,15
(154,141),1,29
(154,146),1,29
(154,149),1,78
(154,155),1,70
(154,157),1,29
(154,158),1,75
(154,162),1,84
(154,166),1,7
(154,167),1,84
(154,172),1,18
(154,173),1,42
(154,174),1,56
(154,179),1,43
(154,185),1,74
(154,195),1,12
(154,197),1,60
(154,199),1,37
(155,7),1,74
(155,15),1,60
(155,30),1,8
(155,56),1,75
(155,94),1,4
(155,132),1,89
(155,199),1,69
(156,7),1,17
(156,15),1,29
(156,30),1,15
(156,56),1,89
(156,94),1,41
(156,132),1,35
(156,155),1,84
(156,199),1,25
(157,7),1,54
(157,15),1,14
(157,30),1,49
(157,94),1,20
(157,119),1,30
(157,132),1,75
(157,172),1,82
(157,199),1,38
(158,7),1,61
(158,10),1,52
(158,12),1,69
(158,15),1,36
(158,17),1,49
(158,23),1,8
(158,26),1,24
(158,29),1,80
(158,30),1,27
(158,44),1,32
(158,48),1,62
(158,49),1,48
(158,52),1,8
(158,54),1,60
(158,56),1,39
(158,58),1,88
(158,61),1,56
(158,65),1,53
(158,67),1,26
(158,73),1,89
(158,79),1,76
(158,81),1,87
(158,82),1,70
(158,85),1,12
(158,89),1,38
(158,93),1,79
(158,96),1,70
(158,97),1,15
(158,98),1,5
(158,103),1,85
(158,104),1,54
(158,106),1,59
(158,110),1,86
(158,112),1,56
(158,114),1,48
(158,115),1,58
(158,119),1,56
(158,123),1,14
(158,126),1,12
(158,132),1,63
(158,137),1,76
(158,140),1,55
(158,141),1,31
(158,146),1,86
(158,149),1,40
(158,155),1,32
(158,157),1,60
(158,161),1,83
(158,162),1,18
(158,167),1,21
(158,168),1,35
(158,172),1,30
(158,173),1,19
(158,174),1,19
(158,185),1,21
(158,195),1,13
(158,197),1,48
(158,198),1,21
(158,199),1,28
(159,7),1,89
(159,15),1,40
(159,17),1,28
(159,23),1,12
(159,24),1,32
(159,26),1,47
(159,29),1,80
(159,30),1,77
(159,39),1,83
(159,44),1,59
(159,45),1,87
(159,48),1,3
(159,49),1,34
(159,52),1,22
(159,53),1,45
(159,54),1,77
(159,56),1,5
(159,58),1,87
(159,61),1,21
(159,67),1,53
(159,73),1,5
(159,78),1,59
(159,81),1,12
(159,82),1,64
(159,83),1,28
(159,85),1,83
(159,93),1,76
(159,94),1,10
(159,96),1,47
(159,97),1,9
(159,98),1,55
(159,103),1,84
(159,104),1,38
(159,106),1,37
(159,110),1,50
(159,112),1,40
(159,115),1,8
(159,123),1,12
(159,125),1,46
(159,126),1,1
(159,132),1,13
(159,140),1,56
(159,141),1,81
(159,146),1,44
(159,149),1,51
(159,155),1,56
(159,157),1,29
(159,162),1,59
(159,167),1,72
(159,172),1,80
(159,174),1,66
(159,179),1,72
(159,197),1,34
(159,199),1,37
(160,7),1,4
(160,11),1,9
(160,15),1,52
(160,17),1,89
(160,23),1,45
(160,26),1,3
(160,29),1,31
(160,30),1,50
(160,33),1,20
(160,39),1,43
(160,44),1,60
(160,48),1,54
(160,49),1,33
(160,52),1,40
(160,53),1,83
(160,54),1,66
(160,61),1,39
(160,67),1,48
(160,73),1,50
(160,81),1,64
(160,82),1,32
(160,85),1,15
(160,89),1,38
(160,93),1,54
(160,96),1,7
(160,97),1,47
(160,98),1,45
(160,104),1,85
(160,106),1,37
(160,107),1,8
(160,110),1,74
(160,112),1,40
(160,123),1,54
(160,126),1,12
(160,132),1,81
(160,137),1,54
(160,140),1,65
(160,141),1,80
(160,146),1,54
(160,149),1,19
(160,155),1,12
(160,157),1,29
(160,162),1,9
(160,166),1,0
(160,167),1,15
(160,172),1,16
(160,173),1,17
(160,174),1,74
(160,179),1,27
(160,197),1,73
(160,199),1,61
(161,15),1,78
(161,30),1,28
(161,43),1,60
(161,53),1,43
(161,56),1,29
(161,132),1,45
(161,155),1,15
(161,172),1,47
(161,199),1,7
(162,5),1,66
(162,15),1,52
(162,30),1,15
(162,45),1,47
(162,132),1,37
(162,155),1,78
(162,199),1,7
(163,48),1,8
(163,53),1,9
(163,61),1,59
(163,96),1,78
(163,98),1,9
(163,167),1,49
(164,15),1,67
(164,17),1,22
(164,23),1,82
(164,24),1,16
(164,26),1,22
(164,29),1,14
(164,30),1,46
(164,33),1,10
(164,39),1,0
(164,44),1,28
(164,48),1,86
(164,49),1,50
(164,52),1,70
(164,54),1,72
(164,56),1,0
(164,61),1,23
(164,67),1,53
(164,73),1,60
(164,79),1,46
(164,81),1,33
(164,82),1,55
(164,85),1,80
(164,89),1,57
(164,93),1,54
(164,94),1,45
(164,95),1,43
(164,96),1,51
(164,97),1,9
(164,98),1,0
(164,103),1,6
(164,104),1,27
(164,106),1,23
(164,110),1,28
(164,112),1,65
(164,123),1,61
(164,126),1,52
(164,132),1,52
(164,137),1,53
(164,139),1,5
(164,140),1,14
(164,141),1,22
(164,146),1,61
(164,149),1,49
(164,155),1,4
(164,157),1,17
(164,162),1,9
(164,167),1,49
(164,168),1,7
(164,172),1,56
(164,173),1,73
(164,174),1,34
(164,175),1,88
(164,179),1,53
(164,185),1,76
(164,189),1,11
(164,197),1,72
(164,199),1,51
(165,7),1,71
(165,15),1,32
(165,30),1,47
(165,45),1,62
(165,56),1,72
(165,132),1,29
(165,155),1,25
(165,199),1,49
(166,7),1,8
(166,15),1,16
(166,30),1,60
(166,45),1,54
(166,56),1,72
(166,94),1,10
(166,132),1,10
(166,155),1,23
(166,199),1,34
(167,7),1,33
(167,13),1,35
(167,15),1,9
(167,30),1,68
(167,45),1,58
(167,56),1,1
(167,119),1,8
(167,132),1,18
(167,155),1,88
(167,166),1,11
(167,172),1,46
(167,199),1,81
(168,7),1,9
(168,15),1,39
(168,30),1,45
(168,53),1,29
(168,56),1,61
(168,94),1,21
(168,132),1,54
(168,155),1,14
(168,199),1,69
(169,39),1,31
(169,48),1,87
(169,61),1,49
(169,80),1,33
(169,96),1,66
(169,98),1,8
(169,125),1,24
(169,189),1,21
(170,48),1,84
(170,61),1,22
(170,96),1,80
(170,98),1,35
(170,125),1,24
(170,137),1,23
(170,167),1,49
(170,189),1,59
(171,7),1,83
(171,13),1,10
(171,15),1,71
(171,30),1,2
(171,56),1,45
(171,66),1,70
(171,78),1,51
(171,94),1,84
(171,132),1,75
(171,155),1,52
(171,172),1,66
(171,199),1,63
(173,15),1,83
(173,30),1,1
(173,56),1,35
(173,66),1,83
(173,94),1,20
(173,107),1,65
(173,132),1,9
(173,155),1,31
(173,199),1,68
(174,7),1,5
(174,15),1,83
(174,30),1,85
(174,56),1,84
(174,94),1,40
(174,119),1,65
(174,132),1,77
(174,155),1,17
(174,166),1,19
(174,172),1,74
(174,199),1,5
(175,15),1,0
(175,30),1,27
(175,56),1,34
(175,132),1,77
(175,172),1,39
(175,199),1,47
(176,15),1,20
(176,30),1,86
(176,45),1,11
(176,94),1,15
(176,119),1,11
(176,132),1,25
(176,199),1,60
(177,2),1,38
(177,8),1,73
(177,13),1,24
(177,15),1,21
(177,17),1,28
(177,23),1,46
(177,26),1,35
(177,29),1,82
(177,30),1,34
(177,33),1,41
(177,39),1,83
(177,44),1,73
(177,45),1,71
(177,48),1,20
(177,49),1,7
(177,52),1,8
(177,54),1,48
(177,56),1,45
(177,58),1,25
(177,61),1,26
(177,67),1,43
(177,73),1,76
(177,79),1,59
(177,80),1,2
(177,81),1,65
(177,82),1,55
(177,85),1,78
(177,89),1,1
(177,93),1,38
(177,94),1,76
(177,96),1,19
(177,97),1,31
(177,98),1,45
(177,100),1,69
(177,104),1,77
(177,106),1,76
(177,110),1,19
(177,112),1,20
(177,123),1,8
(177,126),1,16
(177,132),1,37
(177,133),1,74
(177,139),1,66
(177,140),1,19
(177,141),1,28
(177,146),1,22
(177,149),1,79
(177,155),1,63
(177,157),1,79
(177,162),1,4
(177,167),1,65
(177,168),1,43
(177,172),1,46
(177,173),1,36
(177,174),1,34
(177,179),1,45
(177,190),1,46
(177,197),1,55
(177,199),1,14
(178,7),1,36
(178,15),1,59
(178,30),1,72
(178,56),1,40
(178,94),1,14
(178,107),1,26
(178,132),1,44
(178,171),1,72
(178,199),1,21
(179,15),1,67
(179,30),1,41
(179,56),1,25
(179,107),1,10
(179,132),1,46
(179,155),1,51
(179,199),1,2
(180,7),1,58
(180,15),1,0
(180,30),1,2
(180,45),1,15
(180,56),1,34
(180,94),1,57
(180,132),1,40
(180,155),1,42
(180,172),1,44
(180,199),1,27
(181,7),1,35
(181,15),1,5
(181,30),1,44
(181,56),1,49
(181,94),1,61
(181,132),1,61
(181,155),1,34
(181,199),1,50
(182,11),1,63
(182,15),1,78
(182,17),1,71
(182,23),1,42
(182,24),1,68
(182,26),1,48
(182,29),1,6
(182,30),1,32
(182,36),1,32
(182,44),1,38
(182,48),1,70
(182,49),1,66
(182,52),1,39
(182,54),1,77
(182,56),1,44
(182,61),1,85
(182,64),1,20
(182,67),1,18
(182,73),1,13
(182,79),1,65
(182,80),1,0
(182,81),1,78
(182,82),1,44
(182,85),1,43
(182,93),1,44
(182,96),1,47
(182,97),1,16
(182,98),1,50
(182,104),1,5
(182,106),1,40
(182,110),1,77
(182,112),1,44
(182,115),1,12
(182,123),1,69
(182,126),1,39
(182,132),1,84
(182,139),1,36
(182,140),1,72
(182,141),1,71
(182,146),1,4
(182,149),1,22
(182,155),1,18
(182,157),1,15
(182,162),1,53
(182,167),1,37
(182,168),1,64
(182,172),1,39
(182,173),1,55
(182,174),1,31
(182,181),1,4
(182,185),1,15
(182,195),1,67
(182,197),1,82
(182,199),1,86
(183,48),1,3
(183,61),1,70
(183,96),1,50
(183,98),1,54
(183,137),1,46
(183,167),1,14
(184,7),1,63
(184,15),1,5
(184,17),1,76
(184,23),1,42
(184,24),1,56
(184,26),1,24
(184,29),1,2
(184,30),1,73
(184,33),1,38
(184,44),1,50
(184,45),1,87
(184,48),1,86
(184,49),1,87
(184,52),1,30
(184,54),1,51
(184,56),1,12
(184,58),1,70
(184,61),1,61
(184,72),1,64
(184,73),1,18
(184,79),1,9
(184,80),1,89
(184,81),1,45
(184,82),1,69
(184,85),1,2
(184,89),1,19
(184,93),1,22
(184,94),1,40
(184,96),1,62
(184,97),1,74
(184,98),1,49
(184,104),1,75
(184,106),1,72
(184,110),1,28
(184,112),1,63
(184,115),1,31
(184,123),1,2
(184,126),1,54
(184,128),1,26
(184,132),1,13
(184,140),1,10
(184,141),1,37
(184,146),1,61
(184,149),1,13
(184,155),1,43
(184,157),1,72
(184,162),1,8
(184,166),1,0
(184,167),1,29
(184,168),1,85
(184,172),1,4
(184,174),1,47
(184,179),1,1
(184,185),1,81
(184,197),1,54
(184,199),1,58
(185,7),1,70
(185,15),1,43
(185,30),1,14
(185,53),1,28
(185,94),1,7
(185,132),1,53
(185,155),1,73
(185,172),1,62
(185,199),1,52
(186,7),1,38
(186,15),1,22
(186,30),1,69
(186,56),1,85
(186,94),1,87
(186,132),1,76
(186,155),1,79
(186,199),1,22
(187,15),1,3
(187,30),1,8
(187,53),1,59
(187,56),1,34
(187,94),1,79
(187,132),1,80
(187,155),1,67
(187,172),1,16
(187,199),1,14
(188,7),1,62
(188,15),1,76
(188,30),1,37
(188,56),1,84
(188,94),1,5
(188,132),1,11
(188,155),1,86
(188,172),1,46
(188,199),1,2
(189,39),1,57
(189,48),1,88
(189,61),1,64
(189,96),1,17
(189,98),1,87
(189,167),1,77
(190,5),1,52
(190,7),1,22
(190,15),1,45
(190,30),1,73
(190,94),1,16
(190,132),1,31
(190,155),1,46
(190,199),1,19
(191,15),1,15
(191,30),1,35
(191,45),1,41
(191,53),1,72
(191,56),1,48
(191,111),1,58
(191,129),1,16
(191,132),1,21
(191,155),1,3
(191,166),1,44
(191,199),1,53
(192,7),1,69
(192,12),1,19
(192,15),1,48
(192,17),1,1
(192,20),1,52
(192,21),1,82
(192,23),1,58
(192,24),1,40
(192,26),1,80
(192,29),1,59
(192,30),1,25
(192,35),1,39
(192,39),1,10
(192,44),1,49
(192,45),1,15
(192,48),1,32
(192,49),1,2
(192,52),1,84
(192,54),1,83
(192,56),1,26
(192,61),1,6
(192,67),1,15
(192,73),1,24
(192,81),1,41
(192,82),1,55
(192,83),1,85
(192,85),1,22
(192,93),1,66
(192,94),1,10
(192,95),1,7
(192,96),1,66
(192,97),1,25
(192,98),1,31
(192,103),1,70
(192,104),1,22
(192,106),1,52
(192,110),1,68
(192,112),1,63
(192,125),1,18
(192,126),1,66
(192,132),1,71
(192,140),1,66
(192,141),1,31
(192,146),1,47
(192,149),1,0
(192,157),1,49
(192,162),1,63
(192,167),1,21
(192,168),1,14
(192,173),1,45
(192,174),1,80
(192,179),1,45
(192,190),1,65
(192,195),1,62
(192,197),1,73
(192,199),1,7
(193,7),1,21
(193,8),1,69
(193,13),1,76
(193,15),1,0
(193,17),1,11
(193,20),1,42
(193,23),1,16
(193,26),1,38
(193,29),1,39
(193,30),1,26
(193,33),1,53
(193,36),1,57
(193,44),1,53
(193,45),1,32
(193,48),1,14
(193,49),1,11
(193,52),1,15
(193,53),1,55
(193,54),1,28
(193,56),1,31
(193,61),1,54
(193,67),1,45
(193,73),1,29
(193,79),1,80
(193,81),1,71
(193,82),1,75
(193,85),1,4
(193,93),1,16
(193,96),1,74
(193,97),1,5
(193,98),1,10
(193,103),1,46
(193,104),1,50
(193,106),1,3
(193,107),1,19
(193,110),1,34
(193,112),1,89
(193,121),1,57
(193,123),1,42
(193,126),1,15
(193,132),1,70
(193,137),1,21
(193,139),1,44
(193,140),1,31
(193,141),1,27
(193,146),1,87
(193,149),1,80
(193,155),1,70
(193,157),1,51
(193,162),1,56
(193,167),1,37
(193,172),1,26
(193,174),1,25
(193,179),1,68
(193,185),1,14
(193,188),1,26
(193,197),1,51
(193,199),1,80
(194,48),1,65
(194,61),1,14
(194,80),1,12
(194,96),1,42
(194,98),1,87
(194,131),1,68
(194,167),1,16
(195,7),1,86
(195,15),1,67
(195,30),1,54
(195,45),1,55
(195,56),1,8
(195,111),1,47
(195,132),1,43
(195,155),1,81
(195,199),1,87
(196,5),1,8
(196,7),1,82
(196,15),1,70
(196,30),1,57
(196,53),1,0
(196,56),1,52
(196,94),1,76
(196,114),1,30
(196,119),1,70
(196,132),1,52
(196,155),1,76
(196,172),1,80
(196,199),1,81
(197,48),1,81
(197,53),1,0
(197,61),1,2
(197,96),1,66
(197,98),1,12
(197,167),1,18
(197,189),1,7
(198,7),1,78
(198,15),1,20
(198,30),1,21
(198,56),1,58
(198,94),1,31
(198,132),1,82
(198,155),1,87
(198,172),1,67
(198,188),1,11
(198,199),1,4
(199,39),1,27
(199,48),1,46
(199,53),1,11
(199,58),1,3
(199,61),1,49
(199,80),1,60
(199,96),1,76
(199,98),1,51
(199,137),1,35
(199,167),1,79
(199,189),1,71
