Nr_Pairs = 190
Nr_NDD = 10
Nr_Arcs = 3664
0,0,2,0,0
1,0,2,0,0
2,0,1,1,0
3,0,0,3,2
4,0,0,2,2
5,0,3,0,0
6,0,1,0,2
7,0,1,0,2
8,0,1,0,0
9,0,1,0,1
10,0,1,1,2
11,0,2,0,1
12,0,2,0,1
13,0,0,1,2
14,0,1,0,0
15,0,1,1,2
16,0,1,0,0
17,0,0,1,2
18,0,1,0,0
19,0,1,0,0
20,0,2,0,2
21,0,1,0,0
22,0,1,1,2
23,0,0,0,2
24,0,0,0,2
25,0,0,1,2
26,0,1,1,2
27,0,0,0,2
28,0,1,1,2
29,0,0,0,2
30,0,0,0,1
31,0,2,1,1
32,0,2,3,2
33,0,1,0,2
34,0,2,0,0
35,0,0,0,2
36,0,0,0,2
37,0,1,1,2
38,0,0,0,1
39,0,2,0,0
40,0,1,0,1
41,0,1,0,2
42,0,1,0,2
43,0,2,0,0
44,0,1,0,2
45,0,1,0,2
46,0,1,0,2
47,0,2,3,2
48,0,1,2,2
49,0,2,0,1
50,0,0,0,1
51,0,2,0,2
52,0,1,0,2
53,0,0,0,2
54,0,1,0,1
55,0,0,0,0
56,0,1,1,2
57,0,1,1,2
58,0,0,2,2
59,0,0,2,2
60,0,2,0,1
61,0,0,1,2
62,0,0,0,1
63,0,1,0,0
64,0,1,1,2
65,0,1,0,2
66,0,1,2,0
67,0,0,0,2
68,0,2,1,2
69,0,1,1,1
70,0,1,2,0
71,0,1,0,0
72,0,1,0,2
73,0,2,1,2
74,0,1,0,0
75,0,2,1,2
76,0,2,2,2
77,0,2,0,2
78,0,0,1,2
79,0,0,1,2
80,0,1,0,0
81,0,1,0,1
82,0,0,0,2
83,0,1,2,0
84,0,1,1,2
85,0,0,0,2
86,0,0,1,2
87,0,1,0,2
88,0,1,0,0
89,0,1,1,2
90,0,1,0,0
91,0,1,1,2
92,0,0,0,2
93,0,1,1,2
94,0,0,0,2
95,0,1,0,2
96,0,0,2,1
97,0,0,0,2
98,0,0,2,2
99,0,1,0,2
100,0,1,0,1
101,0,2,2,0
102,0,2,0,1
103,0,1,0,2
104,0,1,0,1
105,0,1,0,2
106,0,0,2,2
107,0,1,1,2
108,0,2,1,0
109,0,1,1,2
110,0,1,1,2
111,0,2,0,1
112,0,1,1,2
113,0,2,0,2
114,0,1,1,2
115,0,1,0,0
116,0,1,0,0
117,0,0,0,2
118,0,1,0,2
119,0,0,0,2
120,0,1,1,2
121,0,0,0,1
122,0,1,1,2
123,0,1,1,2
124,0,0,0,2
125,0,1,0,0
126,0,0,0,1
127,0,1,0,1
128,0,1,0,0
129,0,2,1,2
130,0,1,0,2
131,0,1,1,1
132,0,1,0,0
133,0,1,0,0
134,0,0,0,2
135,0,1,0,0
136,0,1,0,2
137,0,0,0,2
138,0,1,0,0
139,0,1,0,2
140,0,2,2,2
141,0,0,0,2
142,0,0,0,2
143,0,1,0,0
144,0,1,2,0
145,0,1,0,2
146,0,2,0,2
147,0,2,0,2
148,0,1,0,0
149,0,1,0,1
150,0,0,1,2
151,0,1,0,2
152,0,1,0,1
153,0,1,0,2
154,0,1,0,2
155,0,1,1,2
156,0,1,0,2
157,0,1,0,0
158,0,2,0,2
159,0,1,2,0
160,0,0,0,2
161,0,0,0,2
162,0,2,0,2
163,0,1,0,2
164,0,0,1,2
165,0,1,0,2
166,0,1,1,2
167,0,0,0,2
168,0,2,1,2
169,0,0,1,2
170,0,0,0,0
171,0,0,0,2
172,0,1,0,2
173,0,0,1,2
174,0,1,0,0
175,0,0,0,2
176,0,2,2,2
177,0,1,0,0
178,0,3,0,1
179,0,1,0,0
180,0,0,1,2
181,0,0,1,2
182,0,2,0,0
183,0,1,0,2
184,0,1,0,2
185,0,0,2,1
186,0,0,2,2
187,0,1,0,1
188,0,0,1,2
189,0,0,1,2
190,1,1,0,0
191,1,0,0,0
192,1,0,0,0
193,1,0,0,0
194,1,0,0,0
195,1,1,0,0
196,1,1,0,0
197,1,0,0,0
198,1,0,0,0
199,1,1,1,2
(0,66),1,1
(0,70),1,1
(0,144),1,1
(0,159),1,1
(0,185),1,1
(1,66),1,1
(1,70),1,1
(1,83),1,1
(1,101),1,1
(1,144),1,1
(1,159),1,1
(2,17),1,1
(2,108),1,1
(3,0),1,1
(3,1),1,1
(3,2),1,1
(3,5),1,1
(3,8),1,1
(3,11),1,1
(3,18),1,1
(3,19),1,1
(3,21),1,1
(3,34),1,1
(3,35),1,1
(3,39),1,1
(3,43),1,1
(3,50),1,1
(3,54),1,1
(3,60),1,1
(3,62),1,1
(3,63),1,1
(3,66),1,1
(3,70),1,1
(3,71),1,1
(3,74),1,1
(3,80),1,1
(3,83),1,1
(3,88),1,1
(3,90),1,1
(3,100),1,1
(3,102),1,1
(3,104),1,1
(3,108),1,1
(3,115),1,1
(3,116),1,1
(3,125),1,1
(3,126),1,1
(3,128),1,1
(3,132),1,1
(3,133),1,1
(3,134),1,1
(3,135),1,1
(3,138),1,1
(3,143),1,1
(3,144),1,1
(3,153),1,1
(3,157),1,1
(3,159),1,1
(3,170),1,1
(3,174),1,1
(3,177),1,1
(3,182),1,1
(3,185),1,1
(4,0),1,1
(4,1),1,1
(4,2),1,1
(4,5),1,1
(4,8),1,1
(4,14),1,1
(4,16),1,1
(4,18),1,1
(4,19),1,1
(4,21),1,1
(4,27),1,1
(4,31),1,1
(4,34),1,1
(4,38),1,1
(4,43),1,1
(4,45),1,1
(4,49),1,1
(4,50),1,1
(4,54),1,1
(4,55),1,1
(4,60),1,1
(4,63),1,1
(4,66),1,1
(4,70),1,1
(4,71),1,1
(4,74),1,1
(4,76),1,1
(4,80),1,1
(4,81),1,1
(4,90),1,1
(4,108),1,1
(4,115),1,1
(4,116),1,1
(4,121),1,1
(4,125),1,1
(4,126),1,1
(4,128),1,1
(4,131),1,1
(4,132),1,1
(4,133),1,1
(4,135),1,1
(4,138),1,1
(4,143),1,1
(4,144),1,1
(4,149),1,1
(4,157),1,1
(4,159),1,1
(4,170),1,1
(4,174),1,1
(4,182),1,1
(6,56),1,1
(6,69),1,1
(6,108),1,1
(7,2),1,1
(7,108),1,1
(7,131),1,1
(7,168),1,1
(8,2),1,1
(8,108),1,1
(9,2),1,1
(9,108),1,1
(10,2),1,1
(10,89),1,1
(10,108),1,1
(10,110),1,1
(11,66),1,1
(11,70),1,1
(11,76),1,1
(11,101),1,1
(11,140),1,1
(11,144),1,1
(11,159),1,1
(12,66),1,1
(12,70),1,1
(12,96),1,1
(12,144),1,1
(12,159),1,1
(13,0),1,1
(13,1),1,1
(13,5),1,1
(13,8),1,1
(13,11),1,1
(13,14),1,1
(13,16),1,1
(13,18),1,1
(13,19),1,1
(13,21),1,1
(13,34),1,1
(13,43),1,1
(13,63),1,1
(13,66),1,1
(13,69),1,1
(13,70),1,1
(13,71),1,1
(13,74),1,1
(13,76),1,1
(13,80),1,1
(13,83),1,1
(13,88),1,1
(13,90),1,1
(13,96),1,1
(13,106),1,1
(13,108),1,1
(13,115),1,1
(13,116),1,1
(13,121),1,1
(13,125),1,1
(13,128),1,1
(13,132),1,1
(13,133),1,1
(13,135),1,1
(13,138),1,1
(13,143),1,1
(13,144),1,1
(13,148),1,1
(13,159),1,1
(13,174),1,1
(13,178),1,1
(13,179),1,1
(13,182),1,1
(14,2),1,1
(14,15),1,1
(14,17),1,1
(14,108),1,1
(15,69),1,1
(15,108),1,1
(16,2),1,1
(16,31),1,1
(16,108),1,1
(16,131),1,1
(17,0),1,1
(17,1),1,1
(17,5),1,1
(17,8),1,1
(17,14),1,1
(17,15),1,1
(17,16),1,1
(17,18),1,1
(17,19),1,1
(17,21),1,1
(17,28),1,1
(17,31),1,1
(17,34),1,1
(17,35),1,1
(17,43),1,1
(17,55),1,1
(17,60),1,1
(17,62),1,1
(17,63),1,1
(17,66),1,1
(17,68),1,1
(17,70),1,1
(17,71),1,1
(17,74),1,1
(17,76),1,1
(17,80),1,1
(17,81),1,1
(17,83),1,1
(17,88),1,1
(17,90),1,1
(17,101),1,1
(17,102),1,1
(17,104),1,1
(17,108),1,1
(17,115),1,1
(17,116),1,1
(17,121),1,1
(17,125),1,1
(17,128),1,1
(17,132),1,1
(17,133),1,1
(17,135),1,1
(17,138),1,1
(17,143),1,1
(17,144),1,1
(17,145),1,1
(17,157),1,1
(17,159),1,1
(17,172),1,1
(17,174),1,1
(17,179),1,1
(17,182),1,1
(17,185),1,1
(18,2),1,1
(18,56),1,1
(18,108),1,1
(18,131),1,1
(19,2),1,1
(19,28),1,1
(19,75),1,1
(19,108),1,1
(20,66),1,1
(20,70),1,1
(20,83),1,1
(20,101),1,1
(20,144),1,1
(20,159),1,1
(21,26),1,1
(21,108),1,1
(22,2),1,1
(22,15),1,1
(22,37),1,1
(22,108),1,1
(22,131),1,1
(23,0),1,1
(23,1),1,1
(23,5),1,1
(23,8),1,1
(23,14),1,1
(23,18),1,1
(23,19),1,1
(23,21),1,1
(23,31),1,1
(23,34),1,1
(23,39),1,1
(23,40),1,1
(23,43),1,1
(23,44),1,1
(23,45),1,1
(23,62),1,1
(23,63),1,1
(23,66),1,1
(23,69),1,1
(23,70),1,1
(23,71),1,1
(23,74),1,1
(23,75),1,1
(23,80),1,1
(23,83),1,1
(23,90),1,1
(23,96),1,1
(23,104),1,1
(23,108),1,1
(23,115),1,1
(23,116),1,1
(23,125),1,1
(23,128),1,1
(23,132),1,1
(23,133),1,1
(23,135),1,1
(23,138),1,1
(23,143),1,1
(23,149),1,1
(23,151),1,1
(23,152),1,1
(23,159),1,1
(23,170),1,1
(23,174),1,1
(23,177),1,1
(23,179),1,1
(23,182),1,1
(24,0),1,1
(24,1),1,1
(24,5),1,1
(24,8),1,1
(24,12),1,1
(24,14),1,1
(24,16),1,1
(24,18),1,1
(24,19),1,1
(24,21),1,1
(24,31),1,1
(24,34),1,1
(24,43),1,1
(24,45),1,1
(24,60),1,1
(24,63),1,1
(24,66),1,1
(24,69),1,1
(24,71),1,1
(24,74),1,1
(24,80),1,1
(24,83),1,1
(24,88),1,1
(24,90),1,1
(24,99),1,1
(24,108),1,1
(24,115),1,1
(24,116),1,1
(24,128),1,1
(24,131),1,1
(24,132),1,1
(24,133),1,1
(24,135),1,1
(24,138),1,1
(24,143),1,1
(24,144),1,1
(24,147),1,1
(24,149),1,1
(24,159),1,1
(24,170),1,1
(24,174),1,1
(24,177),1,1
(24,179),1,1
(24,182),1,1
(24,189),1,1
(25,0),1,1
(25,1),1,1
(25,5),1,1
(25,8),1,1
(25,14),1,1
(25,15),1,1
(25,18),1,1
(25,19),1,1
(25,21),1,1
(25,34),1,1
(25,39),1,1
(25,41),1,1
(25,43),1,1
(25,50),1,1
(25,55),1,1
(25,60),1,1
(25,63),1,1
(25,66),1,1
(25,70),1,1
(25,71),1,1
(25,74),1,1
(25,80),1,1
(25,81),1,1
(25,90),1,1
(25,103),1,1
(25,108),1,1
(25,111),1,1
(25,115),1,1
(25,116),1,1
(25,118),1,1
(25,126),1,1
(25,128),1,1
(25,132),1,1
(25,133),1,1
(25,135),1,1
(25,138),1,1
(25,143),1,1
(25,153),1,1
(25,157),1,1
(25,159),1,1
(25,170),1,1
(25,174),1,1
(25,177),1,1
(25,179),1,1
(25,182),1,1
(26,2),1,1
(26,75),1,1
(26,108),1,1
(26,110),1,1
(27,0),1,1
(27,1),1,1
(27,5),1,1
(27,7),1,1
(27,8),1,1
(27,9),1,1
(27,14),1,1
(27,16),1,1
(27,18),1,1
(27,19),1,1
(27,21),1,1
(27,30),1,1
(27,34),1,1
(27,39),1,1
(27,40),1,1
(27,43),1,1
(27,55),1,1
(27,63),1,1
(27,66),1,1
(27,70),1,1
(27,71),1,1
(27,74),1,1
(27,75),1,1
(27,80),1,1
(27,83),1,1
(27,88),1,1
(27,89),1,1
(27,90),1,1
(27,96),1,1
(27,108),1,1
(27,115),1,1
(27,116),1,1
(27,121),1,1
(27,125),1,1
(27,128),1,1
(27,131),1,1
(27,132),1,1
(27,133),1,1
(27,135),1,1
(27,137),1,1
(27,138),1,1
(27,143),1,1
(27,144),1,1
(27,159),1,1
(27,162),1,1
(27,170),1,1
(27,174),1,1
(27,177),1,1
(27,179),1,1
(27,182),1,1
(28,108),1,1
(29,0),1,1
(29,1),1,1
(29,2),1,1
(29,5),1,1
(29,8),1,1
(29,15),1,1
(29,16),1,1
(29,18),1,1
(29,19),1,1
(29,21),1,1
(29,34),1,1
(29,43),1,1
(29,63),1,1
(29,66),1,1
(29,71),1,1
(29,74),1,1
(29,80),1,1
(29,83),1,1
(29,88),1,1
(29,90),1,1
(29,96),1,1
(29,100),1,1
(29,108),1,1
(29,115),1,1
(29,116),1,1
(29,125),1,1
(29,127),1,1
(29,128),1,1
(29,132),1,1
(29,133),1,1
(29,135),1,1
(29,143),1,1
(29,144),1,1
(29,148),1,1
(29,157),1,1
(29,159),1,1
(29,174),1,1
(29,177),1,1
(29,178),1,1
(29,179),1,1
(29,182),1,1
(29,187),1,1
(30,0),1,1
(30,1),1,1
(30,2),1,1
(30,5),1,1
(30,8),1,1
(30,11),1,1
(30,14),1,1
(30,18),1,1
(30,19),1,1
(30,21),1,1
(30,28),1,1
(30,34),1,1
(30,43),1,1
(30,49),1,1
(30,50),1,1
(30,52),1,1
(30,63),1,1
(30,66),1,1
(30,70),1,1
(30,71),1,1
(30,74),1,1
(30,80),1,1
(30,88),1,1
(30,90),1,1
(30,96),1,1
(30,101),1,1
(30,102),1,1
(30,108),1,1
(30,115),1,1
(30,116),1,1
(30,121),1,1
(30,128),1,1
(30,132),1,1
(30,133),1,1
(30,135),1,1
(30,138),1,1
(30,143),1,1
(30,144),1,1
(30,148),1,1
(30,157),1,1
(30,159),1,1
(30,168),1,1
(30,174),1,1
(30,177),1,1
(30,182),1,1
(30,187),1,1
(31,66),1,1
(31,70),1,1
(31,159),1,1
(31,185),1,1
(32,66),1,1
(32,70),1,1
(32,83),1,1
(32,96),1,1
(32,101),1,1
(32,106),1,1
(32,144),1,1
(32,159),1,1
(33,2),1,1
(33,15),1,1
(33,75),1,1
(33,108),1,1
(33,131),1,1
(34,48),1,1
(34,66),1,1
(34,70),1,1
(34,83),1,1
(34,96),1,1
(34,101),1,1
(34,106),1,1
(34,144),1,1
(34,159),1,1
(35,0),1,1
(35,1),1,1
(35,2),1,1
(35,5),1,1
(35,8),1,1
(35,12),1,1
(35,14),1,1
(35,16),1,1
(35,18),1,1
(35,19),1,1
(35,21),1,1
(35,33),1,1
(35,34),1,1
(35,38),1,1
(35,40),1,1
(35,43),1,1
(35,63),1,1
(35,66),1,1
(35,70),1,1
(35,71),1,1
(35,74),1,1
(35,80),1,1
(35,83),1,1
(35,86),1,1
(35,88),1,1
(35,90),1,1
(35,93),1,1
(35,96),1,1
(35,101),1,1
(35,103),1,1
(35,108),1,1
(35,115),1,1
(35,116),1,1
(35,128),1,1
(35,132),1,1
(35,133),1,1
(35,135),1,1
(35,138),1,1
(35,143),1,1
(35,144),1,1
(35,147),1,1
(35,148),1,1
(35,149),1,1
(35,157),1,1
(35,159),1,1
(35,174),1,1
(35,177),1,1
(35,178),1,1
(35,179),1,1
(35,182),1,1
(35,187),1,1
(36,0),1,1
(36,1),1,1
(36,2),1,1
(36,5),1,1
(36,8),1,1
(36,14),1,1
(36,16),1,1
(36,18),1,1
(36,19),1,1
(36,21),1,1
(36,34),1,1
(36,39),1,1
(36,43),1,1
(36,48),1,1
(36,49),1,1
(36,63),1,1
(36,66),1,1
(36,69),1,1
(36,70),1,1
(36,71),1,1
(36,74),1,1
(36,80),1,1
(36,83),1,1
(36,88),1,1
(36,90),1,1
(36,101),1,1
(36,108),1,1
(36,115),1,1
(36,116),1,1
(36,127),1,1
(36,128),1,1
(36,132),1,1
(36,133),1,1
(36,135),1,1
(36,138),1,1
(36,143),1,1
(36,144),1,1
(36,157),1,1
(36,159),1,1
(36,170),1,1
(36,174),1,1
(36,177),1,1
(36,182),1,1
(37,2),1,1
(37,69),1,1
(37,108),1,1
(37,131),1,1
(37,168),1,1
(38,0),1,1
(38,1),1,1
(38,2),1,1
(38,5),1,1
(38,8),1,1
(38,14),1,1
(38,15),1,1
(38,18),1,1
(38,19),1,1
(38,21),1,1
(38,33),1,1
(38,34),1,1
(38,39),1,1
(38,43),1,1
(38,54),1,1
(38,62),1,1
(38,63),1,1
(38,66),1,1
(38,70),1,1
(38,71),1,1
(38,74),1,1
(38,80),1,1
(38,81),1,1
(38,83),1,1
(38,88),1,1
(38,90),1,1
(38,99),1,1
(38,100),1,1
(38,101),1,1
(38,108),1,1
(38,115),1,1
(38,116),1,1
(38,121),1,1
(38,127),1,1
(38,128),1,1
(38,132),1,1
(38,133),1,1
(38,135),1,1
(38,138),1,1
(38,143),1,1
(38,145),1,1
(38,159),1,1
(38,170),1,1
(38,172),1,1
(38,174),1,1
(38,177),1,1
(38,179),1,1
(38,182),1,1
(38,185),1,1
(38,187),1,1
(39,66),1,1
(39,70),1,1
(39,83),1,1
(39,101),1,1
(39,144),1,1
(39,159),1,1
(39,185),1,1
(39,186),1,1
(40,31),1,1
(40,69),1,1
(40,108),1,1
(41,2),1,1
(41,108),1,1
(41,169),1,1
(42,15),1,1
(42,108),1,1
(42,188),1,1
(43,66),1,1
(43,70),1,1
(43,96),1,1
(43,101),1,1
(43,144),1,1
(43,159),1,1
(44,2),1,1
(44,15),1,1
(44,108),1,1
(44,131),1,1
(45,2),1,1
(45,108),1,1
(45,131),1,1
(45,169),1,1
(46,108),1,1
(46,131),1,1
(47,66),1,1
(47,70),1,1
(47,83),1,1
(47,144),1,1
(47,159),1,1
(48,69),1,1
(48,108),1,1
(48,131),1,1
(48,188),1,1
(49,59),1,1
(49,66),1,1
(49,70),1,1
(49,83),1,1
(49,96),1,1
(49,101),1,1
(49,144),1,1
(49,159),1,1
(49,185),1,1
(50,0),1,1
(50,1),1,1
(50,5),1,1
(50,8),1,1
(50,11),1,1
(50,14),1,1
(50,16),1,1
(50,18),1,1
(50,19),1,1
(50,21),1,1
(50,24),1,1
(50,30),1,1
(50,34),1,1
(50,40),1,1
(50,43),1,1
(50,49),1,1
(50,55),1,1
(50,62),1,1
(50,63),1,1
(50,66),1,1
(50,70),1,1
(50,71),1,1
(50,74),1,1
(50,75),1,1
(50,80),1,1
(50,81),1,1
(50,83),1,1
(50,88),1,1
(50,90),1,1
(50,96),1,1
(50,101),1,1
(50,108),1,1
(50,115),1,1
(50,116),1,1
(50,118),1,1
(50,121),1,1
(50,125),1,1
(50,128),1,1
(50,131),1,1
(50,132),1,1
(50,133),1,1
(50,135),1,1
(50,138),1,1
(50,143),1,1
(50,144),1,1
(50,148),1,1
(50,152),1,1
(50,159),1,1
(50,161),1,1
(50,162),1,1
(50,170),1,1
(50,174),1,1
(50,176),1,1
(50,177),1,1
(50,179),1,1
(50,182),1,1
(50,187),1,1
(51,66),1,1
(51,70),1,1
(51,83),1,1
(51,101),1,1
(51,144),1,1
(51,159),1,1
(51,185),1,1
(52,68),1,1
(52,108),1,1
(52,110),1,1
(52,131),1,1
(52,188),1,1
(53,0),1,1
(53,1),1,1
(53,2),1,1
(53,5),1,1
(53,8),1,1
(53,11),1,1
(53,14),1,1
(53,18),1,1
(53,19),1,1
(53,21),1,1
(53,34),1,1
(53,43),1,1
(53,50),1,1
(53,57),1,1
(53,63),1,1
(53,66),1,1
(53,70),1,1
(53,71),1,1
(53,74),1,1
(53,76),1,1
(53,80),1,1
(53,83),1,1
(53,90),1,1
(53,100),1,1
(53,101),1,1
(53,108),1,1
(53,115),1,1
(53,116),1,1
(53,121),1,1
(53,125),1,1
(53,128),1,1
(53,132),1,1
(53,133),1,1
(53,135),1,1
(53,138),1,1
(53,143),1,1
(53,144),1,1
(53,149),1,1
(53,153),1,1
(53,157),1,1
(53,159),1,1
(53,168),1,1
(53,169),1,1
(53,170),1,1
(53,174),1,1
(53,177),1,1
(53,179),1,1
(53,182),1,1
(53,185),1,1
(54,2),1,1
(54,108),1,1
(54,131),1,1
(55,0),1,1
(55,1),1,1
(55,5),1,1
(55,8),1,1
(55,14),1,1
(55,18),1,1
(55,19),1,1
(55,21),1,1
(55,34),1,1
(55,38),1,1
(55,39),1,1
(55,43),1,1
(55,50),1,1
(55,56),1,1
(55,59),1,1
(55,60),1,1
(55,63),1,1
(55,66),1,1
(55,70),1,1
(55,71),1,1
(55,74),1,1
(55,76),1,1
(55,80),1,1
(55,81),1,1
(55,83),1,1
(55,88),1,1
(55,90),1,1
(55,101),1,1
(55,104),1,1
(55,108),1,1
(55,111),1,1
(55,115),1,1
(55,116),1,1
(55,117),1,1
(55,128),1,1
(55,131),1,1
(55,132),1,1
(55,133),1,1
(55,135),1,1
(55,138),1,1
(55,143),1,1
(55,144),1,1
(55,145),1,1
(55,149),1,1
(55,157),1,1
(55,159),1,1
(55,170),1,1
(55,174),1,1
(55,177),1,1
(55,179),1,1
(55,182),1,1
(55,188),1,1
(56,2),1,1
(56,89),1,1
(56,108),1,1
(56,131),1,1
(57,2),1,1
(57,15),1,1
(57,108),1,1
(58,0),1,1
(58,1),1,1
(58,5),1,1
(58,8),1,1
(58,14),1,1
(58,16),1,1
(58,18),1,1
(58,19),1,1
(58,21),1,1
(58,30),1,1
(58,34),1,1
(58,39),1,1
(58,43),1,1
(58,49),1,1
(58,63),1,1
(58,66),1,1
(58,70),1,1
(58,71),1,1
(58,74),1,1
(58,80),1,1
(58,81),1,1
(58,83),1,1
(58,90),1,1
(58,93),1,1
(58,96),1,1
(58,101),1,1
(58,108),1,1
(58,115),1,1
(58,116),1,1
(58,121),1,1
(58,127),1,1
(58,128),1,1
(58,132),1,1
(58,133),1,1
(58,135),1,1
(58,138),1,1
(58,143),1,1
(58,144),1,1
(58,157),1,1
(58,159),1,1
(58,168),1,1
(58,170),1,1
(58,174),1,1
(58,176),1,1
(58,177),1,1
(58,179),1,1
(58,182),1,1
(58,185),1,1
(59,0),1,1
(59,1),1,1
(59,5),1,1
(59,8),1,1
(59,14),1,1
(59,18),1,1
(59,19),1,1
(59,21),1,1
(59,31),1,1
(59,34),1,1
(59,39),1,1
(59,43),1,1
(59,49),1,1
(59,56),1,1
(59,60),1,1
(59,63),1,1
(59,66),1,1
(59,70),1,1
(59,71),1,1
(59,74),1,1
(59,80),1,1
(59,81),1,1
(59,83),1,1
(59,88),1,1
(59,90),1,1
(59,101),1,1
(59,104),1,1
(59,108),1,1
(59,110),1,1
(59,115),1,1
(59,116),1,1
(59,125),1,1
(59,127),1,1
(59,128),1,1
(59,132),1,1
(59,133),1,1
(59,135),1,1
(59,138),1,1
(59,143),1,1
(59,144),1,1
(59,152),1,1
(59,153),1,1
(59,159),1,1
(59,170),1,1
(59,174),1,1
(59,177),1,1
(59,179),1,1
(59,182),1,1
(60,59),1,1
(60,66),1,1
(60,70),1,1
(60,83),1,1
(60,144),1,1
(60,159),1,1
(61,0),1,1
(61,1),1,1
(61,5),1,1
(61,8),1,1
(61,16),1,1
(61,18),1,1
(61,19),1,1
(61,21),1,1
(61,34),1,1
(61,43),1,1
(61,62),1,1
(61,63),1,1
(61,66),1,1
(61,70),1,1
(61,71),1,1
(61,74),1,1
(61,80),1,1
(61,83),1,1
(61,88),1,1
(61,90),1,1
(61,100),1,1
(61,105),1,1
(61,108),1,1
(61,110),1,1
(61,115),1,1
(61,116),1,1
(61,118),1,1
(61,121),1,1
(61,127),1,1
(61,128),1,1
(61,132),1,1
(61,133),1,1
(61,135),1,1
(61,138),1,1
(61,143),1,1
(61,144),1,1
(61,147),1,1
(61,148),1,1
(61,151),1,1
(61,152),1,1
(61,155),1,1
(61,157),1,1
(61,159),1,1
(61,174),1,1
(61,175),1,1
(61,177),1,1
(61,178),1,1
(61,179),1,1
(61,182),1,1
(62,0),1,1
(62,1),1,1
(62,5),1,1
(62,8),1,1
(62,18),1,1
(62,19),1,1
(62,21),1,1
(62,30),1,1
(62,34),1,1
(62,35),1,1
(62,39),1,1
(62,43),1,1
(62,50),1,1
(62,52),1,1
(62,54),1,1
(62,55),1,1
(62,63),1,1
(62,66),1,1
(62,70),1,1
(62,71),1,1
(62,74),1,1
(62,80),1,1
(62,81),1,1
(62,90),1,1
(62,100),1,1
(62,104),1,1
(62,108),1,1
(62,115),1,1
(62,116),1,1
(62,121),1,1
(62,127),1,1
(62,128),1,1
(62,132),1,1
(62,133),1,1
(62,135),1,1
(62,138),1,1
(62,143),1,1
(62,144),1,1
(62,148),1,1
(62,152),1,1
(62,159),1,1
(62,170),1,1
(62,174),1,1
(62,177),1,1
(62,178),1,1
(62,182),1,1
(63,2),1,1
(63,108),1,1
(64,108),1,1
(65,2),1,1
(65,75),1,1
(65,108),1,1
(66,31),1,1
(66,108),1,1
(66,131),1,1
(67,0),1,1
(67,1),1,1
(67,5),1,1
(67,8),1,1
(67,14),1,1
(67,16),1,1
(67,18),1,1
(67,19),1,1
(67,21),1,1
(67,24),1,1
(67,26),1,1
(67,34),1,1
(67,35),1,1
(67,43),1,1
(67,54),1,1
(67,55),1,1
(67,63),1,1
(67,66),1,1
(67,70),1,1
(67,71),1,1
(67,74),1,1
(67,80),1,1
(67,81),1,1
(67,89),1,1
(67,90),1,1
(67,96),1,1
(67,100),1,1
(67,105),1,1
(67,108),1,1
(67,115),1,1
(67,116),1,1
(67,121),1,1
(67,127),1,1
(67,128),1,1
(67,132),1,1
(67,133),1,1
(67,135),1,1
(67,138),1,1
(67,143),1,1
(67,144),1,1
(67,145),1,1
(67,148),1,1
(67,153),1,1
(67,158),1,1
(67,159),1,1
(67,161),1,1
(67,168),1,1
(67,174),1,1
(67,177),1,1
(67,179),1,1
(67,182),1,1
(67,185),1,1
(68,66),1,1
(68,70),1,1
(68,144),1,1
(68,159),1,1
(69,2),1,1
(69,28),1,1
(69,108),1,1
(69,188),1,1
(70,2),1,1
(70,69),1,1
(70,93),1,1
(70,108),1,1
(70,110),1,1
(71,2),1,1
(71,89),1,1
(71,108),1,1
(71,131),1,1
(71,168),1,1
(72,15),1,1
(72,69),1,1
(72,108),1,1
(73,66),1,1
(73,70),1,1
(73,83),1,1
(73,96),1,1
(73,144),1,1
(73,159),1,1
(73,185),1,1
(74,2),1,1
(74,68),1,1
(74,86),1,1
(74,108),1,1
(74,131),1,1
(74,168),1,1
(75,66),1,1
(75,70),1,1
(75,96),1,1
(75,101),1,1
(75,144),1,1
(75,159),1,1
(76,66),1,1
(76,101),1,1
(76,144),1,1
(76,159),1,1
(77,66),1,1
(77,70),1,1
(77,83),1,1
(77,144),1,1
(77,159),1,1
(77,185),1,1
(78,0),1,1
(78,1),1,1
(78,2),1,1
(78,5),1,1
(78,8),1,1
(78,16),1,1
(78,18),1,1
(78,19),1,1
(78,21),1,1
(78,30),1,1
(78,34),1,1
(78,43),1,1
(78,55),1,1
(78,63),1,1
(78,66),1,1
(78,70),1,1
(78,71),1,1
(78,74),1,1
(78,80),1,1
(78,81),1,1
(78,83),1,1
(78,88),1,1
(78,90),1,1
(78,100),1,1
(78,101),1,1
(78,104),1,1
(78,105),1,1
(78,108),1,1
(78,115),1,1
(78,116),1,1
(78,121),1,1
(78,128),1,1
(78,132),1,1
(78,133),1,1
(78,134),1,1
(78,135),1,1
(78,138),1,1
(78,143),1,1
(78,144),1,1
(78,147),1,1
(78,157),1,1
(78,159),1,1
(78,174),1,1
(78,178),1,1
(78,179),1,1
(78,182),1,1
(79,0),1,1
(79,1),1,1
(79,2),1,1
(79,5),1,1
(79,8),1,1
(79,14),1,1
(79,15),1,1
(79,18),1,1
(79,19),1,1
(79,21),1,1
(79,31),1,1
(79,34),1,1
(79,40),1,1
(79,41),1,1
(79,43),1,1
(79,50),1,1
(79,54),1,1
(79,55),1,1
(79,56),1,1
(79,60),1,1
(79,62),1,1
(79,63),1,1
(79,66),1,1
(79,69),1,1
(79,70),1,1
(79,71),1,1
(79,74),1,1
(79,80),1,1
(79,81),1,1
(79,83),1,1
(79,90),1,1
(79,96),1,1
(79,100),1,1
(79,101),1,1
(79,104),1,1
(79,106),1,1
(79,108),1,1
(79,115),1,1
(79,116),1,1
(79,121),1,1
(79,127),1,1
(79,128),1,1
(79,132),1,1
(79,133),1,1
(79,135),1,1
(79,138),1,1
(79,143),1,1
(79,144),1,1
(79,151),1,1
(79,152),1,1
(79,153),1,1
(79,157),1,1
(79,159),1,1
(79,170),1,1
(79,174),1,1
(79,178),1,1
(79,179),1,1
(79,182),1,1
(80,15),1,1
(80,108),1,1
(80,131),1,1
(81,2),1,1
(81,68),1,1
(81,108),1,1
(82,0),1,1
(82,1),1,1
(82,2),1,1
(82,5),1,1
(82,8),1,1
(82,14),1,1
(82,16),1,1
(82,18),1,1
(82,19),1,1
(82,21),1,1
(82,30),1,1
(82,31),1,1
(82,34),1,1
(82,39),1,1
(82,43),1,1
(82,49),1,1
(82,63),1,1
(82,66),1,1
(82,70),1,1
(82,71),1,1
(82,74),1,1
(82,80),1,1
(82,83),1,1
(82,86),1,1
(82,88),1,1
(82,90),1,1
(82,96),1,1
(82,100),1,1
(82,108),1,1
(82,115),1,1
(82,116),1,1
(82,118),1,1
(82,126),1,1
(82,127),1,1
(82,128),1,1
(82,132),1,1
(82,133),1,1
(82,135),1,1
(82,143),1,1
(82,144),1,1
(82,148),1,1
(82,159),1,1
(82,170),1,1
(82,174),1,1
(82,177),1,1
(82,179),1,1
(82,182),1,1
(82,185),1,1
(83,108),1,1
(83,169),1,1
(84,15),1,1
(84,69),1,1
(84,108),1,1
(85,0),1,1
(85,1),1,1
(85,5),1,1
(85,8),1,1
(85,12),1,1
(85,18),1,1
(85,19),1,1
(85,21),1,1
(85,28),1,1
(85,34),1,1
(85,39),1,1
(85,43),1,1
(85,49),1,1
(85,56),1,1
(85,62),1,1
(85,63),1,1
(85,66),1,1
(85,70),1,1
(85,71),1,1
(85,74),1,1
(85,75),1,1
(85,80),1,1
(85,81),1,1
(85,83),1,1
(85,90),1,1
(85,100),1,1
(85,108),1,1
(85,111),1,1
(85,115),1,1
(85,116),1,1
(85,125),1,1
(85,128),1,1
(85,132),1,1
(85,133),1,1
(85,135),1,1
(85,138),1,1
(85,143),1,1
(85,144),1,1
(85,152),1,1
(85,159),1,1
(85,162),1,1
(85,172),1,1
(85,174),1,1
(85,177),1,1
(85,182),1,1
(86,0),1,1
(86,1),1,1
(86,2),1,1
(86,5),1,1
(86,8),1,1
(86,14),1,1
(86,16),1,1
(86,18),1,1
(86,19),1,1
(86,21),1,1
(86,34),1,1
(86,40),1,1
(86,43),1,1
(86,50),1,1
(86,54),1,1
(86,56),1,1
(86,60),1,1
(86,62),1,1
(86,63),1,1
(86,66),1,1
(86,69),1,1
(86,70),1,1
(86,71),1,1
(86,74),1,1
(86,76),1,1
(86,80),1,1
(86,88),1,1
(86,90),1,1
(86,96),1,1
(86,104),1,1
(86,108),1,1
(86,115),1,1
(86,116),1,1
(86,118),1,1
(86,121),1,1
(86,125),1,1
(86,127),1,1
(86,128),1,1
(86,131),1,1
(86,132),1,1
(86,133),1,1
(86,135),1,1
(86,138),1,1
(86,143),1,1
(86,144),1,1
(86,152),1,1
(86,157),1,1
(86,159),1,1
(86,162),1,1
(86,174),1,1
(86,179),1,1
(86,182),1,1
(87,2),1,1
(87,15),1,1
(87,31),1,1
(87,108),1,1
(87,131),1,1
(87,155),1,1
(87,188),1,1
(88,2),1,1
(88,26),1,1
(88,56),1,1
(88,108),1,1
(88,131),1,1
(88,169),1,1
(89,2),1,1
(89,86),1,1
(89,108),1,1
(89,168),1,1
(90,2),1,1
(90,15),1,1
(90,31),1,1
(90,108),1,1
(90,188),1,1
(91,2),1,1
(91,108),1,1
(91,110),1,1
(92,0),1,1
(92,1),1,1
(92,5),1,1
(92,8),1,1
(92,9),1,1
(92,12),1,1
(92,14),1,1
(92,18),1,1
(92,19),1,1
(92,21),1,1
(92,24),1,1
(92,34),1,1
(92,39),1,1
(92,43),1,1
(92,49),1,1
(92,50),1,1
(92,55),1,1
(92,63),1,1
(92,66),1,1
(92,70),1,1
(92,71),1,1
(92,74),1,1
(92,75),1,1
(92,80),1,1
(92,81),1,1
(92,83),1,1
(92,88),1,1
(92,90),1,1
(92,96),1,1
(92,99),1,1
(92,104),1,1
(92,108),1,1
(92,110),1,1
(92,115),1,1
(92,116),1,1
(92,126),1,1
(92,127),1,1
(92,128),1,1
(92,132),1,1
(92,133),1,1
(92,135),1,1
(92,138),1,1
(92,143),1,1
(92,144),1,1
(92,152),1,1
(92,154),1,1
(92,157),1,1
(92,158),1,1
(92,159),1,1
(92,174),1,1
(92,177),1,1
(92,179),1,1
(92,182),1,1
(93,2),1,1
(93,108),1,1
(93,168),1,1
(94,0),1,1
(94,1),1,1
(94,2),1,1
(94,5),1,1
(94,8),1,1
(94,16),1,1
(94,18),1,1
(94,19),1,1
(94,21),1,1
(94,34),1,1
(94,39),1,1
(94,43),1,1
(94,49),1,1
(94,50),1,1
(94,55),1,1
(94,60),1,1
(94,63),1,1
(94,66),1,1
(94,70),1,1
(94,71),1,1
(94,74),1,1
(94,80),1,1
(94,83),1,1
(94,88),1,1
(94,90),1,1
(94,108),1,1
(94,111),1,1
(94,115),1,1
(94,116),1,1
(94,118),1,1
(94,121),1,1
(94,127),1,1
(94,128),1,1
(94,132),1,1
(94,133),1,1
(94,135),1,1
(94,138),1,1
(94,143),1,1
(94,144),1,1
(94,148),1,1
(94,159),1,1
(94,174),1,1
(94,177),1,1
(94,179),1,1
(94,182),1,1
(94,183),1,1
(95,68),1,1
(95,75),1,1
(95,108),1,1
(96,0),1,1
(96,1),1,1
(96,2),1,1
(96,5),1,1
(96,8),1,1
(96,16),1,1
(96,18),1,1
(96,19),1,1
(96,21),1,1
(96,34),1,1
(96,39),1,1
(96,43),1,1
(96,49),1,1
(96,55),1,1
(96,60),1,1
(96,63),1,1
(96,66),1,1
(96,68),1,1
(96,70),1,1
(96,71),1,1
(96,74),1,1
(96,75),1,1
(96,80),1,1
(96,83),1,1
(96,87),1,1
(96,90),1,1
(96,101),1,1
(96,104),1,1
(96,105),1,1
(96,108),1,1
(96,115),1,1
(96,116),1,1
(96,121),1,1
(96,127),1,1
(96,128),1,1
(96,131),1,1
(96,132),1,1
(96,133),1,1
(96,135),1,1
(96,138),1,1
(96,143),1,1
(96,144),1,1
(96,145),1,1
(96,147),1,1
(96,148),1,1
(96,157),1,1
(96,159),1,1
(96,169),1,1
(96,170),1,1
(96,174),1,1
(96,177),1,1
(96,178),1,1
(96,179),1,1
(96,182),1,1
(96,189),1,1
(97,0),1,1
(97,1),1,1
(97,2),1,1
(97,5),1,1
(97,8),1,1
(97,14),1,1
(97,16),1,1
(97,18),1,1
(97,19),1,1
(97,21),1,1
(97,34),1,1
(97,39),1,1
(97,43),1,1
(97,50),1,1
(97,54),1,1
(97,63),1,1
(97,66),1,1
(97,70),1,1
(97,71),1,1
(97,74),1,1
(97,80),1,1
(97,81),1,1
(97,83),1,1
(97,88),1,1
(97,90),1,1
(97,96),1,1
(97,101),1,1
(97,108),1,1
(97,115),1,1
(97,116),1,1
(97,125),1,1
(97,127),1,1
(97,128),1,1
(97,131),1,1
(97,132),1,1
(97,133),1,1
(97,135),1,1
(97,138),1,1
(97,143),1,1
(97,144),1,1
(97,148),1,1
(97,153),1,1
(97,157),1,1
(97,159),1,1
(97,170),1,1
(97,174),1,1
(97,182),1,1
(98,0),1,1
(98,1),1,1
(98,5),1,1
(98,8),1,1
(98,11),1,1
(98,14),1,1
(98,16),1,1
(98,18),1,1
(98,19),1,1
(98,21),1,1
(98,34),1,1
(98,35),1,1
(98,43),1,1
(98,49),1,1
(98,62),1,1
(98,63),1,1
(98,66),1,1
(98,70),1,1
(98,71),1,1
(98,74),1,1
(98,80),1,1
(98,83),1,1
(98,88),1,1
(98,90),1,1
(98,100),1,1
(98,101),1,1
(98,102),1,1
(98,108),1,1
(98,115),1,1
(98,116),1,1
(98,125),1,1
(98,128),1,1
(98,132),1,1
(98,133),1,1
(98,135),1,1
(98,138),1,1
(98,143),1,1
(98,144),1,1
(98,148),1,1
(98,151),1,1
(98,157),1,1
(98,159),1,1
(98,170),1,1
(98,174),1,1
(98,179),1,1
(98,182),1,1
(98,185),1,1
(99,2),1,1
(99,57),1,1
(99,68),1,1
(99,108),1,1
(100,37),1,1
(100,89),1,1
(100,108),1,1
(100,131),1,1
(100,168),1,1
(101,4),1,1
(101,66),1,1
(101,70),1,1
(101,83),1,1
(101,144),1,1
(101,159),1,1
(102,66),1,1
(102,70),1,1
(102,83),1,1
(102,96),1,1
(102,144),1,1
(102,159),1,1
(102,185),1,1
(103,2),1,1
(103,75),1,1
(103,108),1,1
(104,2),1,1
(104,108),1,1
(104,169),1,1
(105,2),1,1
(105,31),1,1
(105,69),1,1
(105,108),1,1
(105,131),1,1
(106,0),1,1
(106,1),1,1
(106,2),1,1
(106,5),1,1
(106,8),1,1
(106,11),1,1
(106,14),1,1
(106,18),1,1
(106,19),1,1
(106,21),1,1
(106,31),1,1
(106,34),1,1
(106,39),1,1
(106,43),1,1
(106,49),1,1
(106,50),1,1
(106,56),1,1
(106,63),1,1
(106,66),1,1
(106,70),1,1
(106,71),1,1
(106,74),1,1
(106,80),1,1
(106,88),1,1
(106,90),1,1
(106,96),1,1
(106,108),1,1
(106,115),1,1
(106,116),1,1
(106,118),1,1
(106,121),1,1
(106,125),1,1
(106,128),1,1
(106,132),1,1
(106,133),1,1
(106,135),1,1
(106,138),1,1
(106,143),1,1
(106,144),1,1
(106,153),1,1
(106,157),1,1
(106,159),1,1
(106,169),1,1
(106,172),1,1
(106,174),1,1
(106,177),1,1
(106,178),1,1
(106,179),1,1
(106,182),1,1
(106,185),1,1
(107,2),1,1
(107,69),1,1
(107,86),1,1
(107,89),1,1
(107,108),1,1
(107,169),1,1
(108,66),1,1
(108,70),1,1
(108,83),1,1
(108,96),1,1
(108,106),1,1
(108,144),1,1
(108,159),1,1
(109,2),1,1
(109,56),1,1
(109,108),1,1
(109,131),1,1
(110,69),1,1
(110,108),1,1
(111,66),1,1
(111,70),1,1
(111,83),1,1
(111,106),1,1
(111,144),1,1
(111,159),1,1
(111,185),1,1
(112,2),1,1
(112,56),1,1
(112,108),1,1
(113,66),1,1
(113,70),1,1
(113,83),1,1
(113,101),1,1
(113,144),1,1
(113,159),1,1
(114,69),1,1
(114,108),1,1
(114,131),1,1
(115,68),1,1
(115,86),1,1
(115,108),1,1
(115,189),1,1
(116,31),1,1
(116,69),1,1
(116,108),1,1
(116,169),1,1
(117,0),1,1
(117,1),1,1
(117,5),1,1
(117,8),1,1
(117,16),1,1
(117,18),1,1
(117,19),1,1
(117,21),1,1
(117,34),1,1
(117,39),1,1
(117,43),1,1
(117,54),1,1
(117,55),1,1
(117,60),1,1
(117,63),1,1
(117,66),1,1
(117,70),1,1
(117,71),1,1
(117,74),1,1
(117,80),1,1
(117,88),1,1
(117,90),1,1
(117,96),1,1
(117,101),1,1
(117,102),1,1
(117,108),1,1
(117,115),1,1
(117,116),1,1
(117,125),1,1
(117,127),1,1
(117,128),1,1
(117,132),1,1
(117,133),1,1
(117,135),1,1
(117,138),1,1
(117,143),1,1
(117,144),1,1
(117,153),1,1
(117,157),1,1
(117,159),1,1
(117,174),1,1
(117,177),1,1
(117,179),1,1
(117,182),1,1
(118,108),1,1
(118,129),1,1
(118,169),1,1
(119,0),1,1
(119,1),1,1
(119,5),1,1
(119,8),1,1
(119,12),1,1
(119,14),1,1
(119,16),1,1
(119,18),1,1
(119,19),1,1
(119,21),1,1
(119,34),1,1
(119,39),1,1
(119,43),1,1
(119,63),1,1
(119,66),1,1
(119,70),1,1
(119,71),1,1
(119,74),1,1
(119,80),1,1
(119,90),1,1
(119,95),1,1
(119,101),1,1
(119,108),1,1
(119,111),1,1
(119,115),1,1
(119,116),1,1
(119,126),1,1
(119,127),1,1
(119,128),1,1
(119,129),1,1
(119,132),1,1
(119,133),1,1
(119,135),1,1
(119,138),1,1
(119,140),1,1
(119,143),1,1
(119,144),1,1
(119,157),1,1
(119,159),1,1
(119,169),1,1
(119,174),1,1
(119,177),1,1
(119,179),1,1
(119,182),1,1
(119,185),1,1
(120,31),1,1
(120,32),1,1
(120,108),1,1
(121,0),1,1
(121,1),1,1
(121,2),1,1
(121,5),1,1
(121,8),1,1
(121,12),1,1
(121,14),1,1
(121,18),1,1
(121,19),1,1
(121,21),1,1
(121,34),1,1
(121,40),1,1
(121,43),1,1
(121,54),1,1
(121,59),1,1
(121,63),1,1
(121,66),1,1
(121,70),1,1
(121,71),1,1
(121,74),1,1
(121,76),1,1
(121,80),1,1
(121,81),1,1
(121,83),1,1
(121,88),1,1
(121,90),1,1
(121,108),1,1
(121,111),1,1
(121,115),1,1
(121,116),1,1
(121,125),1,1
(121,128),1,1
(121,132),1,1
(121,133),1,1
(121,135),1,1
(121,138),1,1
(121,143),1,1
(121,144),1,1
(121,148),1,1
(121,149),1,1
(121,157),1,1
(121,159),1,1
(121,174),1,1
(121,177),1,1
(121,179),1,1
(121,182),1,1
(122,15),1,1
(122,28),1,1
(122,69),1,1
(122,108),1,1
(123,2),1,1
(123,31),1,1
(123,56),1,1
(123,108),1,1
(124,0),1,1
(124,1),1,1
(124,2),1,1
(124,5),1,1
(124,7),1,1
(124,8),1,1
(124,11),1,1
(124,12),1,1
(124,14),1,1
(124,18),1,1
(124,19),1,1
(124,21),1,1
(124,34),1,1
(124,35),1,1
(124,39),1,1
(124,43),1,1
(124,60),1,1
(124,63),1,1
(124,66),1,1
(124,71),1,1
(124,74),1,1
(124,75),1,1
(124,80),1,1
(124,83),1,1
(124,90),1,1
(124,101),1,1
(124,108),1,1
(124,115),1,1
(124,116),1,1
(124,121),1,1
(124,125),1,1
(124,127),1,1
(124,128),1,1
(124,130),1,1
(124,132),1,1
(124,133),1,1
(124,135),1,1
(124,143),1,1
(124,144),1,1
(124,157),1,1
(124,159),1,1
(124,162),1,1
(124,170),1,1
(124,174),1,1
(124,177),1,1
(124,178),1,1
(124,179),1,1
(124,182),1,1
(124,187),1,1
(125,2),1,1
(125,108),1,1
(126,0),1,1
(126,1),1,1
(126,2),1,1
(126,5),1,1
(126,8),1,1
(126,14),1,1
(126,18),1,1
(126,19),1,1
(126,21),1,1
(126,30),1,1
(126,34),1,1
(126,39),1,1
(126,40),1,1
(126,43),1,1
(126,48),1,1
(126,49),1,1
(126,63),1,1
(126,66),1,1
(126,70),1,1
(126,71),1,1
(126,74),1,1
(126,80),1,1
(126,81),1,1
(126,83),1,1
(126,88),1,1
(126,90),1,1
(126,93),1,1
(126,96),1,1
(126,101),1,1
(126,102),1,1
(126,108),1,1
(126,115),1,1
(126,116),1,1
(126,125),1,1
(126,128),1,1
(126,132),1,1
(126,133),1,1
(126,135),1,1
(126,138),1,1
(126,143),1,1
(126,144),1,1
(126,148),1,1
(126,157),1,1
(126,159),1,1
(126,170),1,1
(126,174),1,1
(126,182),1,1
(126,185),1,1
(126,187),1,1
(127,2),1,1
(127,108),1,1
(128,2),1,1
(128,15),1,1
(128,31),1,1
(128,68),1,1
(128,108),1,1
(128,169),1,1
(129,66),1,1
(129,70),1,1
(129,83),1,1
(129,144),1,1
(129,159),1,1
(129,176),1,1
(129,185),1,1
(130,2),1,1
(130,108),1,1
(130,110),1,1
(130,131),1,1
(130,168),1,1
(131,2),1,1
(131,108),1,1
(131,168),1,1
(132,2),1,1
(132,26),1,1
(132,108),1,1
(133,108),1,1
(134,0),1,1
(134,1),1,1
(134,2),1,1
(134,5),1,1
(134,8),1,1
(134,12),1,1
(134,14),1,1
(134,16),1,1
(134,18),1,1
(134,19),1,1
(134,21),1,1
(134,28),1,1
(134,31),1,1
(134,34),1,1
(134,39),1,1
(134,40),1,1
(134,43),1,1
(134,63),1,1
(134,66),1,1
(134,70),1,1
(134,71),1,1
(134,74),1,1
(134,80),1,1
(134,83),1,1
(134,88),1,1
(134,90),1,1
(134,100),1,1
(134,101),1,1
(134,108),1,1
(134,115),1,1
(134,116),1,1
(134,121),1,1
(134,125),1,1
(134,128),1,1
(134,132),1,1
(134,133),1,1
(134,135),1,1
(134,137),1,1
(134,138),1,1
(134,143),1,1
(134,144),1,1
(134,148),1,1
(134,149),1,1
(134,157),1,1
(134,159),1,1
(134,170),1,1
(134,174),1,1
(134,179),1,1
(134,182),1,1
(134,189),1,1
(135,2),1,1
(135,108),1,1
(135,168),1,1
(136,2),1,1
(136,31),1,1
(136,37),1,1
(136,73),1,1
(136,86),1,1
(136,108),1,1
(137,0),1,1
(137,1),1,1
(137,2),1,1
(137,5),1,1
(137,8),1,1
(137,12),1,1
(137,14),1,1
(137,18),1,1
(137,19),1,1
(137,21),1,1
(137,31),1,1
(137,34),1,1
(137,39),1,1
(137,40),1,1
(137,43),1,1
(137,54),1,1
(137,56),1,1
(137,63),1,1
(137,66),1,1
(137,70),1,1
(137,71),1,1
(137,74),1,1
(137,75),1,1
(137,80),1,1
(137,83),1,1
(137,88),1,1
(137,90),1,1
(137,100),1,1
(137,101),1,1
(137,102),1,1
(137,104),1,1
(137,108),1,1
(137,115),1,1
(137,116),1,1
(137,125),1,1
(137,127),1,1
(137,128),1,1
(137,132),1,1
(137,133),1,1
(137,135),1,1
(137,136),1,1
(137,138),1,1
(137,143),1,1
(137,144),1,1
(137,147),1,1
(137,148),1,1
(137,157),1,1
(137,159),1,1
(137,161),1,1
(137,169),1,1
(137,173),1,1
(137,174),1,1
(137,177),1,1
(137,179),1,1
(137,182),1,1
(138,108),1,1
(139,2),1,1
(139,68),1,1
(139,75),1,1
(139,108),1,1
(139,168),1,1
(140,66),1,1
(140,70),1,1
(140,83),1,1
(140,144),1,1
(140,159),1,1
(140,185),1,1
(141,0),1,1
(141,1),1,1
(141,2),1,1
(141,4),1,1
(141,5),1,1
(141,8),1,1
(141,12),1,1
(141,14),1,1
(141,16),1,1
(141,18),1,1
(141,19),1,1
(141,21),1,1
(141,24),1,1
(141,34),1,1
(141,43),1,1
(141,56),1,1
(141,63),1,1
(141,66),1,1
(141,70),1,1
(141,71),1,1
(141,74),1,1
(141,80),1,1
(141,81),1,1
(141,83),1,1
(141,88),1,1
(141,90),1,1
(141,108),1,1
(141,115),1,1
(141,116),1,1
(141,124),1,1
(141,125),1,1
(141,127),1,1
(141,128),1,1
(141,132),1,1
(141,133),1,1
(141,135),1,1
(141,138),1,1
(141,143),1,1
(141,144),1,1
(141,148),1,1
(141,157),1,1
(141,159),1,1
(141,174),1,1
(141,177),1,1
(141,179),1,1
(141,182),1,1
(141,189),1,1
(142,0),1,1
(142,1),1,1
(142,5),1,1
(142,8),1,1
(142,11),1,1
(142,14),1,1
(142,18),1,1
(142,19),1,1
(142,21),1,1
(142,34),1,1
(142,40),1,1
(142,43),1,1
(142,44),1,1
(142,45),1,1
(142,50),1,1
(142,54),1,1
(142,60),1,1
(142,63),1,1
(142,66),1,1
(142,68),1,1
(142,70),1,1
(142,71),1,1
(142,74),1,1
(142,80),1,1
(142,83),1,1
(142,90),1,1
(142,101),1,1
(142,108),1,1
(142,111),1,1
(142,115),1,1
(142,116),1,1
(142,125),1,1
(142,128),1,1
(142,132),1,1
(142,133),1,1
(142,135),1,1
(142,138),1,1
(142,143),1,1
(142,144),1,1
(142,145),1,1
(142,148),1,1
(142,152),1,1
(142,157),1,1
(142,159),1,1
(142,170),1,1
(142,174),1,1
(142,182),1,1
(143,89),1,1
(143,108),1,1
(143,168),1,1
(143,188),1,1
(144,2),1,1
(144,15),1,1
(144,69),1,1
(144,108),1,1
(145,2),1,1
(145,31),1,1
(145,108),1,1
(146,48),1,1
(146,66),1,1
(146,70),1,1
(146,96),1,1
(146,101),1,1
(146,144),1,1
(146,159),1,1
(146,176),1,1
(147,48),1,1
(147,66),1,1
(147,70),1,1
(147,83),1,1
(147,96),1,1
(147,144),1,1
(147,159),1,1
(148,2),1,1
(148,108),1,1
(148,131),1,1
(149,69),1,1
(149,75),1,1
(149,108),1,1
(149,131),1,1
(150,0),1,1
(150,1),1,1
(150,2),1,1
(150,5),1,1
(150,8),1,1
(150,11),1,1
(150,14),1,1
(150,16),1,1
(150,18),1,1
(150,19),1,1
(150,21),1,1
(150,34),1,1
(150,38),1,1
(150,40),1,1
(150,43),1,1
(150,50),1,1
(150,55),1,1
(150,60),1,1
(150,63),1,1
(150,66),1,1
(150,70),1,1
(150,71),1,1
(150,74),1,1
(150,80),1,1
(150,83),1,1
(150,88),1,1
(150,90),1,1
(150,96),1,1
(150,101),1,1
(150,104),1,1
(150,108),1,1
(150,115),1,1
(150,116),1,1
(150,118),1,1
(150,121),1,1
(150,125),1,1
(150,127),1,1
(150,128),1,1
(150,131),1,1
(150,132),1,1
(150,133),1,1
(150,135),1,1
(150,138),1,1
(150,143),1,1
(150,144),1,1
(150,145),1,1
(150,148),1,1
(150,157),1,1
(150,159),1,1
(150,170),1,1
(150,174),1,1
(150,179),1,1
(150,182),1,1
(150,188),1,1
(151,31),1,1
(151,108),1,1
(152,2),1,1
(152,75),1,1
(152,108),1,1
(152,168),1,1
(153,2),1,1
(153,31),1,1
(153,56),1,1
(153,108),1,1
(153,169),1,1
(154,2),1,1
(154,108),1,1
(155,108),1,1
(155,110),1,1
(156,17),1,1
(156,108),1,1
(156,131),1,1
(157,2),1,1
(157,15),1,1
(157,31),1,1
(157,56),1,1
(157,69),1,1
(157,86),1,1
(157,108),1,1
(157,110),1,1
(157,131),1,1
(157,188),1,1
(158,59),1,1
(158,66),1,1
(158,96),1,1
(158,101),1,1
(158,144),1,1
(158,159),1,1
(158,185),1,1
(159,75),1,1
(159,108),1,1
(159,110),1,1
(160,0),1,1
(160,1),1,1
(160,2),1,1
(160,5),1,1
(160,8),1,1
(160,16),1,1
(160,18),1,1
(160,19),1,1
(160,21),1,1
(160,33),1,1
(160,34),1,1
(160,39),1,1
(160,43),1,1
(160,50),1,1
(160,63),1,1
(160,66),1,1
(160,70),1,1
(160,71),1,1
(160,74),1,1
(160,80),1,1
(160,90),1,1
(160,101),1,1
(160,102),1,1
(160,108),1,1
(160,115),1,1
(160,116),1,1
(160,121),1,1
(160,126),1,1
(160,127),1,1
(160,128),1,1
(160,132),1,1
(160,133),1,1
(160,135),1,1
(160,138),1,1
(160,143),1,1
(160,144),1,1
(160,148),1,1
(160,157),1,1
(160,159),1,1
(160,162),1,1
(160,174),1,1
(160,177),1,1
(160,179),1,1
(160,182),1,1
(160,185),1,1
(160,187),1,1
(161,0),1,1
(161,1),1,1
(161,2),1,1
(161,5),1,1
(161,7),1,1
(161,8),1,1
(161,12),1,1
(161,14),1,1
(161,16),1,1
(161,18),1,1
(161,19),1,1
(161,21),1,1
(161,28),1,1
(161,34),1,1
(161,39),1,1
(161,40),1,1
(161,43),1,1
(161,49),1,1
(161,55),1,1
(161,63),1,1
(161,66),1,1
(161,70),1,1
(161,71),1,1
(161,74),1,1
(161,76),1,1
(161,80),1,1
(161,81),1,1
(161,89),1,1
(161,90),1,1
(161,100),1,1
(161,108),1,1
(161,115),1,1
(161,116),1,1
(161,121),1,1
(161,128),1,1
(161,132),1,1
(161,133),1,1
(161,135),1,1
(161,138),1,1
(161,143),1,1
(161,144),1,1
(161,152),1,1
(161,157),1,1
(161,158),1,1
(161,159),1,1
(161,168),1,1
(161,174),1,1
(161,177),1,1
(161,179),1,1
(161,182),1,1
(161,187),1,1
(162,66),1,1
(162,76),1,1
(162,83),1,1
(162,101),1,1
(162,144),1,1
(162,159),1,1
(162,185),1,1
(162,186),1,1
(163,2),1,1
(163,108),1,1
(163,168),1,1
(164,0),1,1
(164,1),1,1
(164,5),1,1
(164,7),1,1
(164,8),1,1
(164,14),1,1
(164,15),1,1
(164,16),1,1
(164,18),1,1
(164,19),1,1
(164,21),1,1
(164,34),1,1
(164,43),1,1
(164,49),1,1
(164,62),1,1
(164,63),1,1
(164,66),1,1
(164,69),1,1
(164,70),1,1
(164,71),1,1
(164,74),1,1
(164,79),1,1
(164,80),1,1
(164,83),1,1
(164,90),1,1
(164,100),1,1
(164,108),1,1
(164,111),1,1
(164,115),1,1
(164,116),1,1
(164,121),1,1
(164,125),1,1
(164,128),1,1
(164,132),1,1
(164,133),1,1
(164,135),1,1
(164,138),1,1
(164,143),1,1
(164,144),1,1
(164,145),1,1
(164,148),1,1
(164,157),1,1
(164,159),1,1
(164,174),1,1
(164,176),1,1
(164,177),1,1
(164,179),1,1
(164,182),1,1
(164,185),1,1
(165,2),1,1
(165,108),1,1
(165,114),1,1
(166,2),1,1
(166,31),1,1
(166,57),1,1
(166,79),1,1
(166,108),1,1
(166,110),1,1
(166,114),1,1
(167,0),1,1
(167,1),1,1
(167,2),1,1
(167,4),1,1
(167,5),1,1
(167,8),1,1
(167,11),1,1
(167,14),1,1
(167,16),1,1
(167,18),1,1
(167,19),1,1
(167,21),1,1
(167,31),1,1
(167,34),1,1
(167,39),1,1
(167,40),1,1
(167,43),1,1
(167,50),1,1
(167,54),1,1
(167,55),1,1
(167,56),1,1
(167,62),1,1
(167,63),1,1
(167,66),1,1
(167,69),1,1
(167,70),1,1
(167,71),1,1
(167,74),1,1
(167,80),1,1
(167,81),1,1
(167,83),1,1
(167,90),1,1
(167,101),1,1
(167,102),1,1
(167,108),1,1
(167,115),1,1
(167,116),1,1
(167,127),1,1
(167,128),1,1
(167,132),1,1
(167,133),1,1
(167,135),1,1
(167,138),1,1
(167,143),1,1
(167,144),1,1
(167,152),1,1
(167,159),1,1
(167,170),1,1
(167,174),1,1
(167,178),1,1
(167,179),1,1
(167,182),1,1
(168,66),1,1
(168,70),1,1
(168,83),1,1
(168,101),1,1
(168,144),1,1
(168,159),1,1
(169,0),1,1
(169,1),1,1
(169,5),1,1
(169,8),1,1
(169,9),1,1
(169,14),1,1
(169,16),1,1
(169,18),1,1
(169,19),1,1
(169,21),1,1
(169,30),1,1
(169,31),1,1
(169,34),1,1
(169,35),1,1
(169,38),1,1
(169,39),1,1
(169,43),1,1
(169,54),1,1
(169,63),1,1
(169,66),1,1
(169,70),1,1
(169,71),1,1
(169,74),1,1
(169,80),1,1
(169,81),1,1
(169,83),1,1
(169,88),1,1
(169,90),1,1
(169,96),1,1
(169,100),1,1
(169,108),1,1
(169,115),1,1
(169,116),1,1
(169,121),1,1
(169,128),1,1
(169,132),1,1
(169,133),1,1
(169,135),1,1
(169,137),1,1
(169,138),1,1
(169,143),1,1
(169,144),1,1
(169,152),1,1
(169,157),1,1
(169,159),1,1
(169,170),1,1
(169,174),1,1
(169,177),1,1
(169,182),1,1
(169,185),1,1
(170,0),1,1
(170,1),1,1
(170,2),1,1
(170,5),1,1
(170,8),1,1
(170,16),1,1
(170,17),1,1
(170,18),1,1
(170,19),1,1
(170,21),1,1
(170,30),1,1
(170,34),1,1
(170,39),1,1
(170,43),1,1
(170,50),1,1
(170,55),1,1
(170,63),1,1
(170,66),1,1
(170,70),1,1
(170,71),1,1
(170,74),1,1
(170,76),1,1
(170,80),1,1
(170,81),1,1
(170,83),1,1
(170,90),1,1
(170,100),1,1
(170,101),1,1
(170,108),1,1
(170,110),1,1
(170,115),1,1
(170,116),1,1
(170,125),1,1
(170,127),1,1
(170,128),1,1
(170,132),1,1
(170,133),1,1
(170,135),1,1
(170,138),1,1
(170,143),1,1
(170,144),1,1
(170,159),1,1
(170,161),1,1
(170,171),1,1
(170,174),1,1
(170,178),1,1
(170,179),1,1
(170,182),1,1
(170,185),1,1
(171,0),1,1
(171,1),1,1
(171,2),1,1
(171,4),1,1
(171,5),1,1
(171,8),1,1
(171,18),1,1
(171,19),1,1
(171,21),1,1
(171,34),1,1
(171,43),1,1
(171,49),1,1
(171,54),1,1
(171,60),1,1
(171,63),1,1
(171,66),1,1
(171,70),1,1
(171,71),1,1
(171,74),1,1
(171,80),1,1
(171,81),1,1
(171,83),1,1
(171,88),1,1
(171,90),1,1
(171,99),1,1
(171,108),1,1
(171,115),1,1
(171,116),1,1
(171,117),1,1
(171,128),1,1
(171,132),1,1
(171,133),1,1
(171,135),1,1
(171,138),1,1
(171,143),1,1
(171,144),1,1
(171,148),1,1
(171,149),1,1
(171,152),1,1
(171,159),1,1
(171,170),1,1
(171,174),1,1
(171,177),1,1
(171,178),1,1
(171,179),1,1
(171,182),1,1
(172,108),1,1
(173,0),1,1
(173,1),1,1
(173,2),1,1
(173,4),1,1
(173,5),1,1
(173,8),1,1
(173,14),1,1
(173,18),1,1
(173,19),1,1
(173,21),1,1
(173,34),1,1
(173,39),1,1
(173,43),1,1
(173,49),1,1
(173,50),1,1
(173,55),1,1
(173,56),1,1
(173,60),1,1
(173,62),1,1
(173,63),1,1
(173,66),1,1
(173,69),1,1
(173,70),1,1
(173,71),1,1
(173,74),1,1
(173,80),1,1
(173,81),1,1
(173,83),1,1
(173,88),1,1
(173,90),1,1
(173,96),1,1
(173,100),1,1
(173,104),1,1
(173,106),1,1
(173,108),1,1
(173,115),1,1
(173,116),1,1
(173,126),1,1
(173,127),1,1
(173,128),1,1
(173,132),1,1
(173,133),1,1
(173,135),1,1
(173,138),1,1
(173,143),1,1
(173,144),1,1
(173,148),1,1
(173,157),1,1
(173,159),1,1
(173,174),1,1
(173,177),1,1
(173,179),1,1
(173,182),1,1
(173,185),1,1
(174,108),1,1
(174,131),1,1
(175,0),1,1
(175,1),1,1
(175,5),1,1
(175,8),1,1
(175,14),1,1
(175,16),1,1
(175,18),1,1
(175,19),1,1
(175,21),1,1
(175,30),1,1
(175,34),1,1
(175,38),1,1
(175,39),1,1
(175,43),1,1
(175,49),1,1
(175,57),1,1
(175,63),1,1
(175,66),1,1
(175,69),1,1
(175,70),1,1
(175,71),1,1
(175,74),1,1
(175,80),1,1
(175,83),1,1
(175,90),1,1
(175,104),1,1
(175,108),1,1
(175,115),1,1
(175,116),1,1
(175,121),1,1
(175,125),1,1
(175,128),1,1
(175,132),1,1
(175,133),1,1
(175,135),1,1
(175,138),1,1
(175,143),1,1
(175,144),1,1
(175,148),1,1
(175,159),1,1
(175,161),1,1
(175,168),1,1
(175,170),1,1
(175,174),1,1
(175,177),1,1
(175,182),1,1
(176,66),1,1
(176,70),1,1
(176,83),1,1
(176,144),1,1
(176,159),1,1
(176,185),1,1
(177,31),1,1
(177,108),1,1
(177,168),1,1
(179,2),1,1
(179,108),1,1
(180,0),1,1
(180,1),1,1
(180,2),1,1
(180,5),1,1
(180,8),1,1
(180,9),1,1
(180,14),1,1
(180,16),1,1
(180,18),1,1
(180,19),1,1
(180,21),1,1
(180,31),1,1
(180,34),1,1
(180,38),1,1
(180,39),1,1
(180,43),1,1
(180,45),1,1
(180,47),1,1
(180,49),1,1
(180,50),1,1
(180,62),1,1
(180,63),1,1
(180,66),1,1
(180,70),1,1
(180,71),1,1
(180,74),1,1
(180,80),1,1
(180,81),1,1
(180,83),1,1
(180,88),1,1
(180,90),1,1
(180,101),1,1
(180,102),1,1
(180,105),1,1
(180,108),1,1
(180,115),1,1
(180,116),1,1
(180,126),1,1
(180,128),1,1
(180,132),1,1
(180,133),1,1
(180,135),1,1
(180,138),1,1
(180,143),1,1
(180,144),1,1
(180,148),1,1
(180,157),1,1
(180,159),1,1
(180,170),1,1
(180,174),1,1
(180,177),1,1
(180,179),1,1
(180,182),1,1
(180,185),1,1
(181,0),1,1
(181,1),1,1
(181,2),1,1
(181,5),1,1
(181,8),1,1
(181,12),1,1
(181,14),1,1
(181,18),1,1
(181,19),1,1
(181,21),1,1
(181,30),1,1
(181,34),1,1
(181,38),1,1
(181,40),1,1
(181,43),1,1
(181,44),1,1
(181,48),1,1
(181,50),1,1
(181,54),1,1
(181,55),1,1
(181,62),1,1
(181,63),1,1
(181,66),1,1
(181,70),1,1
(181,71),1,1
(181,74),1,1
(181,80),1,1
(181,81),1,1
(181,83),1,1
(181,88),1,1
(181,90),1,1
(181,104),1,1
(181,108),1,1
(181,115),1,1
(181,116),1,1
(181,125),1,1
(181,127),1,1
(181,128),1,1
(181,131),1,1
(181,132),1,1
(181,133),1,1
(181,135),1,1
(181,136),1,1
(181,143),1,1
(181,144),1,1
(181,148),1,1
(181,151),1,1
(181,157),1,1
(181,159),1,1
(181,162),1,1
(181,170),1,1
(181,174),1,1
(181,178),1,1
(181,179),1,1
(181,182),1,1
(181,185),1,1
(182,4),1,1
(182,66),1,1
(182,83),1,1
(182,101),1,1
(182,144),1,1
(182,159),1,1
(183,15),1,1
(183,108),1,1
(183,131),1,1
(184,2),1,1
(184,108),1,1
(184,110),1,1
(185,0),1,1
(185,1),1,1
(185,4),1,1
(185,5),1,1
(185,8),1,1
(185,9),1,1
(185,14),1,1
(185,16),1,1
(185,18),1,1
(185,19),1,1
(185,21),1,1
(185,34),1,1
(185,39),1,1
(185,40),1,1
(185,43),1,1
(185,50),1,1
(185,63),1,1
(185,66),1,1
(185,69),1,1
(185,70),1,1
(185,71),1,1
(185,74),1,1
(185,80),1,1
(185,81),1,1
(185,83),1,1
(185,88),1,1
(185,90),1,1
(185,108),1,1
(185,115),1,1
(185,116),1,1
(185,125),1,1
(185,128),1,1
(185,131),1,1
(185,132),1,1
(185,133),1,1
(185,135),1,1
(185,138),1,1
(185,143),1,1
(185,144),1,1
(185,147),1,1
(185,148),1,1
(185,157),1,1
(185,159),1,1
(185,168),1,1
(185,170),1,1
(185,174),1,1
(185,177),1,1
(185,182),1,1
(186,0),1,1
(186,1),1,1
(186,2),1,1
(186,5),1,1
(186,8),1,1
(186,14),1,1
(186,18),1,1
(186,19),1,1
(186,21),1,1
(186,34),1,1
(186,38),1,1
(186,43),1,1
(186,50),1,1
(186,60),1,1
(186,63),1,1
(186,66),1,1
(186,70),1,1
(186,71),1,1
(186,74),1,1
(186,75),1,1
(186,80),1,1
(186,83),1,1
(186,88),1,1
(186,90),1,1
(186,105),1,1
(186,108),1,1
(186,111),1,1
(186,115),1,1
(186,116),1,1
(186,117),1,1
(186,121),1,1
(186,125),1,1
(186,127),1,1
(186,128),1,1
(186,131),1,1
(186,132),1,1
(186,133),1,1
(186,135),1,1
(186,138),1,1
(186,143),1,1
(186,148),1,1
(186,159),1,1
(186,169),1,1
(186,174),1,1
(186,176),1,1
(186,177),1,1
(186,178),1,1
(186,179),1,1
(186,182),1,1
(186,185),1,1
(187,2),1,1
(187,68),1,1
(187,108),1,1
(187,188),1,1
(188,0),1,1
(188,1),1,1
(188,5),1,1
(188,7),1,1
(188,8),1,1
(188,11),1,1
(188,14),1,1
(188,18),1,1
(188,19),1,1
(188,21),1,1
(188,31),1,1
(188,34),1,1
(188,35),1,1
(188,43),1,1
(188,44),1,1
(188,56),1,1
(188,63),1,1
(188,66),1,1
(188,70),1,1
(188,71),1,1
(188,74),1,1
(188,80),1,1
(188,81),1,1
(188,83),1,1
(188,88),1,1
(188,90),1,1
(188,96),1,1
(188,101),1,1
(188,108),1,1
(188,111),1,1
(188,115),1,1
(188,116),1,1
(188,125),1,1
(188,128),1,1
(188,132),1,1
(188,133),1,1
(188,135),1,1
(188,138),1,1
(188,140),1,1
(188,143),1,1
(188,144),1,1
(188,148),1,1
(188,152),1,1
(188,157),1,1
(188,159),1,1
(188,174),1,1
(188,177),1,1
(188,182),1,1
(189,0),1,1
(189,1),1,1
(189,2),1,1
(189,5),1,1
(189,8),1,1
(189,11),1,1
(189,12),1,1
(189,14),1,1
(189,16),1,1
(189,18),1,1
(189,19),1,1
(189,21),1,1
(189,34),1,1
(189,38),1,1
(189,40),1,1
(189,43),1,1
(189,50),1,1
(189,55),1,1
(189,63),1,1
(189,66),1,1
(189,71),1,1
(189,74),1,1
(189,80),1,1
(189,83),1,1
(189,88),1,1
(189,90),1,1
(189,99),1,1
(189,101),1,1
(189,104),1,1
(189,108),1,1
(189,115),1,1
(189,116),1,1
(189,121),1,1
(189,125),1,1
(189,127),1,1
(189,128),1,1
(189,131),1,1
(189,132),1,1
(189,133),1,1
(189,135),1,1
(189,138),1,1
(189,143),1,1
(189,144),1,1
(189,148),1,1
(189,157),1,1
(189,159),1,1
(189,174),1,1
(189,177),1,1
(189,178),1,1
(189,179),1,1
(189,182),1,1
(189,185),1,1
(190,2),1,1
(190,56),1,1
(190,108),1,1
(191,0),1,1
(191,1),1,1
(191,5),1,1
(191,8),1,1
(191,14),1,1
(191,18),1,1
(191,19),1,1
(191,21),1,1
(191,34),1,1
(191,43),1,1
(191,49),1,1
(191,54),1,1
(191,63),1,1
(191,66),1,1
(191,70),1,1
(191,71),1,1
(191,74),1,1
(191,80),1,1
(191,83),1,1
(191,88),1,1
(191,89),1,1
(191,90),1,1
(191,93),1,1
(191,96),1,1
(191,102),1,1
(191,104),1,1
(191,105),1,1
(191,108),1,1
(191,115),1,1
(191,116),1,1
(191,118),1,1
(191,121),1,1
(191,125),1,1
(191,126),1,1
(191,127),1,1
(191,128),1,1
(191,131),1,1
(191,132),1,1
(191,133),1,1
(191,135),1,1
(191,138),1,1
(191,143),1,1
(191,144),1,1
(191,148),1,1
(191,157),1,1
(191,159),1,1
(191,168),1,1
(191,174),1,1
(191,177),1,1
(191,178),1,1
(191,179),1,1
(191,182),1,1
(191,189),1,1
(192,0),1,1
(192,1),1,1
(192,2),1,1
(192,5),1,1
(192,7),1,1
(192,8),1,1
(192,14),1,1
(192,16),1,1
(192,18),1,1
(192,19),1,1
(192,21),1,1
(192,34),1,1
(192,38),1,1
(192,43),1,1
(192,44),1,1
(192,50),1,1
(192,60),1,1
(192,63),1,1
(192,66),1,1
(192,70),1,1
(192,71),1,1
(192,74),1,1
(192,80),1,1
(192,81),1,1
(192,90),1,1
(192,101),1,1
(192,108),1,1
(192,115),1,1
(192,116),1,1
(192,121),1,1
(192,126),1,1
(192,128),1,1
(192,131),1,1
(192,132),1,1
(192,133),1,1
(192,135),1,1
(192,138),1,1
(192,143),1,1
(192,144),1,1
(192,148),1,1
(192,149),1,1
(192,157),1,1
(192,159),1,1
(192,174),1,1
(192,177),1,1
(192,179),1,1
(192,182),1,1
(192,188),1,1
(193,0),1,1
(193,1),1,1
(193,2),1,1
(193,5),1,1
(193,8),1,1
(193,14),1,1
(193,16),1,1
(193,18),1,1
(193,19),1,1
(193,21),1,1
(193,24),1,1
(193,34),1,1
(193,39),1,1
(193,40),1,1
(193,43),1,1
(193,49),1,1
(193,55),1,1
(193,60),1,1
(193,62),1,1
(193,63),1,1
(193,66),1,1
(193,68),1,1
(193,69),1,1
(193,71),1,1
(193,74),1,1
(193,76),1,1
(193,80),1,1
(193,83),1,1
(193,88),1,1
(193,90),1,1
(193,104),1,1
(193,108),1,1
(193,115),1,1
(193,116),1,1
(193,125),1,1
(193,128),1,1
(193,131),1,1
(193,132),1,1
(193,133),1,1
(193,135),1,1
(193,138),1,1
(193,143),1,1
(193,144),1,1
(193,148),1,1
(193,152),1,1
(193,157),1,1
(193,159),1,1
(193,174),1,1
(193,177),1,1
(193,178),1,1
(193,179),1,1
(193,182),1,1
(193,187),1,1
(194,0),1,1
(194,1),1,1
(194,5),1,1
(194,8),1,1
(194,18),1,1
(194,19),1,1
(194,21),1,1
(194,30),1,1
(194,34),1,1
(194,39),1,1
(194,40),1,1
(194,43),1,1
(194,50),1,1
(194,56),1,1
(194,62),1,1
(194,63),1,1
(194,66),1,1
(194,70),1,1
(194,71),1,1
(194,74),1,1
(194,80),1,1
(194,83),1,1
(194,88),1,1
(194,90),1,1
(194,101),1,1
(194,103),1,1
(194,108),1,1
(194,115),1,1
(194,116),1,1
(194,125),1,1
(194,128),1,1
(194,132),1,1
(194,133),1,1
(194,135),1,1
(194,138),1,1
(194,143),1,1
(194,144),1,1
(194,157),1,1
(194,159),1,1
(194,168),1,1
(194,170),1,1
(194,174),1,1
(194,177),1,1
(194,178),1,1
(194,179),1,1
(194,182),1,1
(195,2),1,1
(195,75),1,1
(195,108),1,1
(196,69),1,1
(196,75),1,1
(196,86),1,1
(196,108),1,1
(196,131),1,1
(196,188),1,1
(197,0),1,1
(197,1),1,1
(197,2),1,1
(197,5),1,1
(197,8),1,1
(197,9),1,1
(197,14),1,1
(197,16),1,1
(197,18),1,1
(197,19),1,1
(197,21),1,1
(197,34),1,1
(197,39),1,1
(197,43),1,1
(197,62),1,1
(197,63),1,1
(197,66),1,1
(197,69),1,1
(197,70),1,1
(197,71),1,1
(197,74),1,1
(197,80),1,1
(197,83),1,1
(197,89),1,1
(197,90),1,1
(197,101),1,1
(197,103),1,1
(197,108),1,1
(197,115),1,1
(197,116),1,1
(197,118),1,1
(197,125),1,1
(197,128),1,1
(197,131),1,1
(197,132),1,1
(197,133),1,1
(197,135),1,1
(197,138),1,1
(197,143),1,1
(197,144),1,1
(197,148),1,1
(197,159),1,1
(197,174),1,1
(197,177),1,1
(197,179),1,1
(197,182),1,1
(197,189),1,1
(198,0),1,1
(198,1),1,1
(198,5),1,1
(198,7),1,1
(198,8),1,1
(198,9),1,1
(198,14),1,1
(198,18),1,1
(198,19),1,1
(198,21),1,1
(198,34),1,1
(198,39),1,1
(198,43),1,1
(198,54),1,1
(198,55),1,1
(198,63),1,1
(198,66),1,1
(198,71),1,1
(198,74),1,1
(198,80),1,1
(198,83),1,1
(198,90),1,1
(198,102),1,1
(198,108),1,1
(198,111),1,1
(198,115),1,1
(198,116),1,1
(198,121),1,1
(198,128),1,1
(198,132),1,1
(198,133),1,1
(198,135),1,1
(198,138),1,1
(198,143),1,1
(198,144),1,1
(198,145),1,1
(198,148),1,1
(198,153),1,1
(198,157),1,1
(198,159),1,1
(198,170),1,1
(198,172),1,1
(198,174),1,1
(198,177),1,1
(198,182),1,1
(199,108),1,1
(199,110),1,1
