Nr_Pairs = 48
Nr_NDD = 2
Nr_Arcs = 289
0,0,2,0,2
1,0,0,0,2
2,0,0,0,2
3,0,1,0,0
4,0,0,2,2
5,0,1,0,0
6,0,3,0,0
7,0,0,1,1
8,0,3,1,0
9,0,0,0,2
10,0,2,2,2
11,0,1,0,0
12,0,1,1,2
13,0,0,1,2
14,0,1,0,0
15,0,1,0,2
16,0,0,0,2
17,0,1,1,2
18,0,1,0,2
19,0,1,0,2
20,0,0,0,2
21,0,0,0,2
22,0,0,0,2
23,0,1,2,2
24,0,1,0,2
25,0,1,0,2
26,0,1,2,2
27,0,1,0,2
28,0,1,0,0
29,0,1,1,2
30,0,1,2,0
31,0,0,0,2
32,0,1,0,0
33,0,1,0,0
34,0,1,0,1
35,0,1,0,0
36,0,1,1,2
37,0,1,0,1
38,0,0,0,2
39,0,2,3,2
40,0,1,2,0
41,0,0,0,2
42,0,0,1,1
43,0,1,0,0
44,0,0,0,2
45,0,1,0,1
46,0,1,0,0
47,0,1,0,2
48,1,1,0,0
49,1,1,0,2
(0,23),1,80
(0,30),1,4
(0,40),1,29
(1,3),1,83
(1,5),1,12
(1,6),1,54
(1,8),1,51
(1,11),1,43
(1,14),1,53
(1,28),1,37
(1,30),1,21
(1,32),1,57
(1,35),1,84
(1,40),1,13
(1,46),1,54
(2,3),1,51
(2,5),1,62
(2,6),1,24
(2,7),1,63
(2,8),1,46
(2,11),1,30
(2,14),1,36
(2,28),1,39
(2,30),1,55
(2,32),1,37
(2,33),1,64
(2,34),1,85
(2,35),1,44
(2,43),1,65
(2,45),1,64
(2,46),1,72
(3,8),1,28
(4,3),1,23
(4,5),1,69
(4,6),1,80
(4,7),1,81
(4,8),1,78
(4,11),1,8
(4,14),1,10
(4,28),1,16
(4,30),1,52
(4,32),1,73
(4,35),1,72
(4,40),1,44
(4,46),1,88
(5,8),1,46
(7,3),1,82
(7,5),1,70
(7,8),1,46
(7,11),1,32
(7,14),1,18
(7,28),1,65
(7,30),1,56
(7,32),1,37
(7,33),1,51
(7,35),1,46
(7,37),1,72
(7,40),1,86
(7,46),1,9
(9,3),1,13
(9,5),1,16
(9,6),1,1
(9,8),1,6
(9,11),1,38
(9,19),1,19
(9,23),1,57
(9,28),1,46
(9,30),1,18
(9,32),1,19
(9,34),1,17
(9,35),1,5
(9,40),1,77
(9,42),1,81
(9,43),1,7
(9,46),1,24
(10,30),1,26
(10,40),1,62
(11,7),1,78
(11,8),1,7
(12,8),1,36
(13,3),1,45
(13,5),1,50
(13,7),1,1
(13,8),1,9
(13,11),1,57
(13,14),1,14
(13,26),1,12
(13,28),1,58
(13,30),1,85
(13,32),1,79
(13,33),1,31
(13,34),1,83
(13,35),1,1
(13,37),1,20
(13,40),1,31
(13,45),1,57
(13,46),1,19
(14,8),1,89
(14,42),1,4
(15,8),1,81
(16,3),1,1
(16,5),1,82
(16,6),1,66
(16,7),1,88
(16,8),1,68
(16,11),1,85
(16,18),1,54
(16,28),1,55
(16,30),1,10
(16,32),1,65
(16,34),1,87
(16,35),1,37
(16,37),1,51
(16,43),1,6
(16,46),1,9
(17,7),1,23
(17,8),1,14
(17,42),1,63
(18,8),1,30
(18,42),1,16
(19,8),1,15
(19,42),1,61
(20,3),1,57
(20,5),1,20
(20,6),1,77
(20,8),1,88
(20,11),1,77
(20,14),1,35
(20,28),1,6
(20,30),1,60
(20,32),1,19
(20,33),1,73
(20,35),1,71
(20,40),1,10
(20,42),1,47
(20,46),1,30
(21,3),1,18
(21,5),1,7
(21,6),1,21
(21,7),1,85
(21,8),1,82
(21,28),1,23
(21,30),1,37
(21,32),1,77
(21,33),1,7
(21,34),1,40
(21,35),1,12
(21,37),1,49
(21,42),1,62
(21,43),1,29
(21,46),1,85
(22,3),1,62
(22,5),1,75
(22,6),1,81
(22,8),1,13
(22,11),1,41
(22,28),1,75
(22,30),1,29
(22,32),1,31
(22,33),1,65
(22,34),1,70
(22,35),1,32
(22,40),1,46
(22,42),1,75
(22,43),1,14
(22,46),1,21
(23,8),1,27
(24,8),1,43
(25,8),1,2
(25,29),1,26
(25,36),1,56
(26,8),1,16
(26,42),1,61
(27,8),1,59
(27,42),1,20
(28,8),1,15
(29,8),1,82
(30,8),1,25
(31,0),1,18
(31,3),1,8
(31,5),1,7
(31,6),1,4
(31,8),1,86
(31,11),1,56
(31,14),1,5
(31,27),1,10
(31,28),1,34
(31,30),1,50
(31,32),1,47
(31,33),1,11
(31,35),1,19
(31,37),1,62
(31,40),1,78
(31,46),1,1
(32,8),1,12
(33,8),1,79
(33,42),1,0
(34,8),1,12
(34,42),1,74
(35,8),1,21
(36,7),1,82
(36,8),1,81
(36,42),1,33
(37,8),1,72
(37,42),1,67
(38,3),1,89
(38,5),1,88
(38,6),1,13
(38,8),1,74
(38,28),1,85
(38,30),1,57
(38,32),1,52
(38,33),1,19
(38,34),1,40
(38,35),1,5
(38,37),1,67
(38,40),1,52
(38,42),1,78
(38,43),1,5
(38,45),1,53
(38,46),1,88
(39,30),1,4
(39,40),1,22
(40,8),1,67
(40,42),1,89
(41,3),1,2
(41,5),1,71
(41,6),1,41
(41,8),1,41
(41,11),1,31
(41,14),1,13
(41,28),1,89
(41,30),1,29
(41,32),1,52
(41,33),1,59
(41,34),1,73
(41,35),1,69
(41,40),1,44
(41,42),1,77
(41,43),1,83
(41,45),1,72
(41,46),1,2
(42,3),1,44
(42,5),1,32
(42,6),1,26
(42,8),1,85
(42,11),1,53
(42,14),1,87
(42,15),1,38
(42,18),1,13
(42,28),1,83
(42,30),1,16
(42,32),1,63
(42,33),1,35
(42,34),1,87
(42,35),1,76
(42,37),1,4
(42,38),1,53
(42,40),1,89
(42,43),1,66
(42,46),1,38
(43,8),1,22
(43,42),1,64
(44,3),1,69
(44,5),1,67
(44,6),1,65
(44,8),1,30
(44,11),1,76
(44,14),1,82
(44,26),1,0
(44,28),1,66
(44,30),1,26
(44,32),1,71
(44,33),1,24
(44,35),1,14
(44,40),1,12
(44,43),1,78
(44,46),1,89
(45,7),1,56
(45,8),1,13
(45,42),1,60
(46,7),1,41
(46,8),1,70
(47,7),1,16
(47,8),1,86
(48,7),1,15
(48,8),1,20
(49,7),1,4
(49,8),1,56
