Nr_Pairs = 200
Nr_NDD = 0
Nr_Arcs = 3116
0,0,1,1,2
1,0,0,0,2
2,0,1,1,2
3,0,1,1,0
4,0,2,0,0
5,0,1,0,2
6,0,0,2,2
7,0,0,2,2
8,0,0,0,2
9,0,1,1,2
10,0,1,1,2
11,0,0,0,1
12,0,0,1,2
13,0,1,1,2
14,0,0,1,2
15,0,1,0,1
16,0,1,0,0
17,0,1,0,0
18,0,1,0,0
19,0,0,0,2
20,0,1,0,0
21,0,1,0,0
22,0,1,0,0
23,0,1,1,2
24,0,0,1,2
25,0,1,0,0
26,0,0,1,2
27,0,1,0,0
28,0,1,0,0
29,0,2,0,0
30,0,0,0,2
31,0,0,0,2
32,0,0,0,1
33,0,0,0,2
34,0,0,0,2
35,0,1,0,0
36,0,0,0,2
37,0,0,0,2
38,0,1,3,2
39,0,1,3,2
40,0,2,0,0
41,0,0,0,1
42,0,2,0,0
43,0,1,0,0
44,0,0,1,2
45,0,1,0,2
46,0,0,2,2
47,0,1,0,0
48,0,1,3,2
49,0,0,0,2
50,0,0,0,1
51,0,0,0,2
52,0,2,2,2
53,0,0,0,2
54,0,1,0,2
55,0,0,0,2
56,0,1,1,1
57,0,1,1,2
58,0,2,0,1
59,0,1,1,2
60,0,1,0,2
61,0,1,1,1
62,0,0,0,2
63,0,0,0,2
64,0,0,0,2
65,0,0,1,2
66,0,2,0,2
67,0,2,0,2
68,0,1,0,2
69,0,0,0,2
70,0,1,0,1
71,0,2,2,2
72,0,1,0,2
73,0,0,0,2
74,0,0,0,2
75,0,2,0,2
76,0,0,1,2
77,0,1,1,2
78,0,1,0,2
79,0,1,0,0
80,0,2,1,2
81,0,1,0,2
82,0,0,0,2
83,0,0,0,2
84,0,0,1,2
85,0,2,2,2
86,0,1,0,2
87,0,1,0,2
88,0,0,0,2
89,0,1,1,2
90,0,1,0,2
91,0,2,0,1
92,0,1,2,1
93,0,2,0,0
94,0,1,0,2
95,0,1,0,0
96,0,1,0,0
97,0,1,0,2
98,0,1,0,2
99,0,2,0,2
100,0,0,0,2
101,0,1,1,2
102,0,1,3,1
103,0,1,0,2
104,0,1,0,2
105,0,2,2,2
106,0,0,2,2
107,0,2,3,2
108,0,1,0,2
109,0,2,2,2
110,0,1,1,2
111,0,3,2,2
112,0,1,0,2
113,0,1,0,0
114,0,2,3,2
115,0,0,0,2
116,0,0,0,2
117,0,1,0,2
118,0,1,0,2
119,0,2,0,2
120,0,2,0,2
121,0,2,1,2
122,0,1,0,1
123,0,0,0,2
124,0,2,2,2
125,0,1,0,0
126,0,0,1,2
127,0,2,3,2
128,0,0,0,1
129,0,1,1,2
130,0,1,0,2
131,0,1,0,0
132,0,1,0,0
133,0,1,0,0
134,0,1,0,0
135,0,2,2,2
136,0,1,1,2
137,0,0,1,2
138,0,0,0,2
139,0,1,0,0
140,0,2,2,2
141,0,0,1,2
142,0,1,1,2
143,0,0,0,2
144,0,0,0,2
145,0,0,0,2
146,0,1,0,0
147,0,2,0,2
148,0,1,1,2
149,0,1,0,2
150,0,1,0,2
151,0,0,1,2
152,0,2,2,2
153,0,2,0,0
154,0,1,1,2
155,0,0,2,2
156,0,1,0,1
157,0,0,0,2
158,0,2,2,2
159,0,1,2,2
160,0,0,0,2
161,0,1,1,2
162,0,1,0,2
163,0,0,0,2
164,0,0,0,2
165,0,1,1,2
166,0,0,0,2
167,0,2,0,2
168,0,0,0,2
169,0,0,1,2
170,0,2,0,0
171,0,1,0,0
172,0,2,0,1
173,0,2,0,0
174,0,2,0,1
175,0,2,1,1
176,0,0,0,2
177,0,1,1,2
178,0,0,0,2
179,0,0,0,2
180,0,1,1,2
181,0,0,1,2
182,0,1,1,2
183,0,1,0,0
184,0,1,0,0
185,0,0,1,2
186,0,3,0,2
187,0,0,0,2
188,0,0,0,1
189,0,1,0,2
190,0,1,1,2
191,0,1,0,0
192,0,1,1,2
193,0,0,0,2
194,0,1,1,2
195,0,2,2,2
196,0,3,2,2
197,0,0,0,2
198,0,2,0,0
199,0,1,0,2
(0,3),1,70
(0,12),1,58
(0,129),1,21
(0,161),1,9
(0,175),1,4
(1,4),1,1
(1,15),1,27
(1,17),1,80
(1,18),1,53
(1,19),1,26
(1,20),1,46
(1,21),1,28
(1,22),1,54
(1,25),1,33
(1,27),1,50
(1,28),1,10
(1,29),1,27
(1,35),1,4
(1,40),1,44
(1,42),1,41
(1,43),1,61
(1,47),1,20
(1,48),1,56
(1,93),1,86
(1,95),1,64
(1,96),1,57
(1,99),1,53
(1,113),1,37
(1,122),1,43
(1,125),1,67
(1,128),1,52
(1,131),1,44
(1,132),1,0
(1,133),1,32
(1,139),1,30
(1,142),1,12
(1,146),1,83
(1,153),1,37
(1,156),1,35
(1,170),1,13
(1,171),1,26
(1,172),1,45
(1,173),1,55
(1,174),1,34
(1,183),1,5
(1,184),1,25
(1,191),1,88
(1,198),1,27
(2,3),1,81
(2,56),1,72
(3,48),1,55
(3,148),1,52
(3,175),1,41
(5,3),1,62
(5,56),1,23
(5,59),1,42
(5,154),1,52
(5,175),1,8
(6,3),1,11
(6,4),1,16
(6,5),1,6
(6,16),1,32
(6,17),1,27
(6,18),1,18
(6,19),1,9
(6,21),1,5
(6,22),1,79
(6,27),1,61
(6,28),1,51
(6,29),1,64
(6,32),1,12
(6,35),1,34
(6,40),1,55
(6,41),1,11
(6,42),1,53
(6,43),1,22
(6,47),1,61
(6,56),1,22
(6,72),1,18
(6,91),1,88
(6,92),1,38
(6,93),1,18
(6,96),1,69
(6,102),1,35
(6,112),1,40
(6,113),1,87
(6,125),1,80
(6,131),1,53
(6,133),1,74
(6,134),1,52
(6,146),1,81
(6,153),1,82
(6,155),1,89
(6,158),1,47
(6,170),1,7
(6,171),1,44
(6,173),1,17
(6,175),1,83
(6,183),1,68
(6,184),1,13
(6,188),1,59
(6,191),1,69
(6,192),1,42
(6,198),1,85
(7,3),1,21
(7,15),1,33
(7,16),1,35
(7,17),1,85
(7,18),1,80
(7,20),1,65
(7,21),1,46
(7,22),1,52
(7,25),1,73
(7,27),1,77
(7,28),1,10
(7,29),1,89
(7,35),1,14
(7,40),1,0
(7,42),1,8
(7,43),1,17
(7,47),1,22
(7,61),1,46
(7,72),1,72
(7,76),1,70
(7,79),1,49
(7,87),1,82
(7,93),1,50
(7,95),1,31
(7,96),1,8
(7,111),1,51
(7,113),1,2
(7,125),1,48
(7,131),1,41
(7,132),1,20
(7,133),1,52
(7,134),1,70
(7,139),1,53
(7,146),1,88
(7,153),1,28
(7,170),1,59
(7,171),1,80
(7,173),1,4
(7,183),1,32
(7,184),1,63
(7,189),1,21
(7,191),1,51
(7,198),1,87
(8,3),1,85
(8,4),1,57
(8,15),1,59
(8,17),1,60
(8,18),1,62
(8,20),1,2
(8,21),1,38
(8,22),1,65
(8,25),1,58
(8,27),1,83
(8,29),1,77
(8,35),1,68
(8,40),1,8
(8,41),1,9
(8,42),1,37
(8,43),1,41
(8,52),1,77
(8,70),1,60
(8,79),1,2
(8,93),1,71
(8,95),1,74
(8,96),1,22
(8,112),1,74
(8,113),1,46
(8,125),1,70
(8,131),1,30
(8,132),1,55
(8,133),1,54
(8,134),1,36
(8,139),1,29
(8,146),1,35
(8,153),1,9
(8,154),1,7
(8,156),1,71
(8,161),1,25
(8,170),1,3
(8,171),1,1
(8,173),1,30
(8,183),1,19
(8,184),1,87
(8,188),1,32
(8,191),1,48
(8,198),1,51
(9,3),1,72
(9,84),1,19
(9,175),1,14
(10,3),1,3
(10,80),1,30
(11,4),1,47
(11,6),1,85
(11,16),1,65
(11,17),1,66
(11,18),1,22
(11,21),1,72
(11,22),1,78
(11,27),1,7
(11,28),1,9
(11,29),1,73
(11,35),1,41
(11,40),1,14
(11,42),1,56
(11,43),1,51
(11,47),1,15
(11,58),1,60
(11,93),1,67
(11,95),1,21
(11,96),1,71
(11,104),1,16
(11,108),1,52
(11,113),1,87
(11,125),1,64
(11,128),1,86
(11,131),1,82
(11,132),1,61
(11,133),1,22
(11,139),1,23
(11,146),1,44
(11,153),1,2
(11,170),1,70
(11,171),1,31
(11,172),1,49
(11,173),1,57
(11,174),1,57
(11,175),1,71
(11,183),1,89
(11,191),1,79
(11,198),1,49
(12,3),1,19
(12,15),1,2
(12,16),1,35
(12,17),1,29
(12,18),1,40
(12,20),1,11
(12,21),1,44
(12,22),1,13
(12,25),1,37
(12,27),1,36
(12,28),1,89
(12,29),1,13
(12,32),1,67
(12,35),1,23
(12,36),1,32
(12,40),1,51
(12,41),1,64
(12,42),1,51
(12,43),1,33
(12,55),1,51
(12,60),1,12
(12,89),1,48
(12,93),1,33
(12,95),1,33
(12,96),1,76
(12,108),1,46
(12,113),1,75
(12,125),1,56
(12,131),1,80
(12,132),1,37
(12,133),1,25
(12,139),1,19
(12,146),1,4
(12,153),1,34
(12,166),1,37
(12,170),1,16
(12,171),1,78
(12,173),1,61
(12,175),1,21
(12,184),1,65
(12,191),1,34
(12,198),1,6
(13,3),1,86
(13,175),1,40
(14,3),1,9
(14,4),1,76
(14,8),1,50
(14,16),1,77
(14,17),1,72
(14,18),1,80
(14,20),1,82
(14,21),1,13
(14,22),1,53
(14,25),1,13
(14,27),1,41
(14,28),1,1
(14,29),1,1
(14,35),1,54
(14,40),1,17
(14,42),1,50
(14,43),1,0
(14,47),1,51
(14,48),1,42
(14,54),1,8
(14,91),1,56
(14,93),1,82
(14,95),1,32
(14,96),1,6
(14,102),1,30
(14,113),1,47
(14,121),1,19
(14,122),1,45
(14,125),1,51
(14,128),1,1
(14,131),1,37
(14,132),1,8
(14,133),1,0
(14,134),1,47
(14,139),1,12
(14,146),1,25
(14,153),1,64
(14,170),1,33
(14,171),1,47
(14,173),1,17
(14,175),1,59
(14,183),1,89
(14,191),1,70
(14,198),1,46
(16,3),1,32
(16,89),1,18
(16,192),1,52
(17,12),1,67
(17,61),1,60
(17,148),1,40
(17,161),1,52
(17,175),1,28
(18,3),1,48
(18,102),1,76
(19,4),1,84
(19,15),1,18
(19,16),1,36
(19,17),1,32
(19,18),1,4
(19,21),1,35
(19,22),1,42
(19,27),1,85
(19,28),1,66
(19,29),1,68
(19,35),1,24
(19,40),1,67
(19,42),1,75
(19,43),1,18
(19,47),1,35
(19,50),1,17
(19,58),1,35
(19,59),1,63
(19,72),1,21
(19,93),1,65
(19,96),1,28
(19,102),1,22
(19,108),1,82
(19,113),1,79
(19,117),1,46
(19,125),1,25
(19,131),1,38
(19,132),1,36
(19,133),1,39
(19,134),1,11
(19,139),1,16
(19,140),1,82
(19,146),1,71
(19,153),1,11
(19,170),1,58
(19,171),1,52
(19,173),1,27
(19,174),1,73
(19,183),1,19
(19,188),1,71
(19,191),1,36
(19,198),1,71
(20,84),1,19
(21,44),1,51
(21,56),1,44
(21,102),1,83
(22,0),1,0
(22,3),1,36
(22,56),1,88
(22,80),1,70
(23,175),1,27
(24,4),1,67
(24,5),1,64
(24,11),1,81
(24,16),1,54
(24,17),1,13
(24,18),1,31
(24,20),1,66
(24,21),1,69
(24,22),1,6
(24,25),1,36
(24,27),1,33
(24,28),1,13
(24,29),1,88
(24,35),1,23
(24,36),1,68
(24,40),1,57
(24,42),1,48
(24,43),1,78
(24,47),1,61
(24,58),1,24
(24,70),1,21
(24,79),1,74
(24,93),1,21
(24,96),1,51
(24,113),1,87
(24,125),1,65
(24,131),1,55
(24,132),1,69
(24,133),1,55
(24,139),1,34
(24,140),1,6
(24,146),1,1
(24,153),1,10
(24,170),1,38
(24,171),1,44
(24,173),1,29
(24,174),1,13
(24,183),1,39
(24,191),1,54
(24,198),1,25
(25,0),1,30
(25,3),1,79
(25,12),1,45
(25,26),1,87
(25,84),1,22
(26,3),1,49
(26,4),1,26
(26,16),1,41
(26,17),1,73
(26,18),1,83
(26,20),1,56
(26,21),1,17
(26,22),1,63
(26,25),1,32
(26,27),1,52
(26,28),1,69
(26,29),1,68
(26,35),1,15
(26,36),1,36
(26,40),1,35
(26,42),1,16
(26,43),1,40
(26,44),1,11
(26,47),1,75
(26,50),1,86
(26,56),1,55
(26,58),1,39
(26,79),1,84
(26,93),1,2
(26,95),1,73
(26,96),1,60
(26,108),1,87
(26,113),1,68
(26,125),1,18
(26,131),1,45
(26,133),1,11
(26,134),1,85
(26,146),1,87
(26,153),1,20
(26,156),1,51
(26,170),1,57
(26,171),1,48
(26,173),1,49
(26,175),1,53
(26,183),1,61
(26,184),1,37
(26,188),1,2
(26,191),1,21
(26,198),1,26
(27,89),1,37
(28,175),1,13
(30,3),1,69
(30,4),1,40
(30,6),1,78
(30,15),1,0
(30,16),1,85
(30,17),1,26
(30,18),1,68
(30,20),1,57
(30,21),1,23
(30,22),1,73
(30,29),1,10
(30,35),1,84
(30,40),1,71
(30,42),1,39
(30,43),1,54
(30,50),1,59
(30,79),1,69
(30,87),1,65
(30,91),1,85
(30,93),1,38
(30,95),1,70
(30,96),1,32
(30,113),1,34
(30,125),1,62
(30,131),1,39
(30,133),1,75
(30,136),1,28
(30,139),1,13
(30,146),1,87
(30,153),1,25
(30,170),1,55
(30,171),1,22
(30,173),1,69
(30,183),1,82
(30,184),1,1
(30,191),1,83
(30,198),1,67
(31,3),1,29
(31,16),1,43
(31,17),1,55
(31,18),1,74
(31,20),1,37
(31,21),1,22
(31,22),1,35
(31,25),1,68
(31,26),1,41
(31,28),1,14
(31,29),1,37
(31,35),1,29
(31,40),1,26
(31,42),1,42
(31,43),1,57
(31,58),1,60
(31,79),1,38
(31,80),1,40
(31,91),1,73
(31,92),1,74
(31,93),1,48
(31,96),1,50
(31,113),1,50
(31,121),1,3
(31,125),1,60
(31,131),1,65
(31,133),1,82
(31,146),1,7
(31,147),1,45
(31,153),1,17
(31,170),1,42
(31,171),1,49
(31,172),1,79
(31,173),1,75
(31,175),1,51
(31,188),1,44
(31,191),1,1
(31,198),1,3
(32,0),1,55
(32,16),1,82
(32,17),1,22
(32,18),1,2
(32,20),1,21
(32,21),1,77
(32,22),1,69
(32,27),1,5
(32,28),1,73
(32,29),1,64
(32,35),1,12
(32,40),1,62
(32,41),1,46
(32,42),1,8
(32,43),1,78
(32,58),1,35
(32,91),1,67
(32,93),1,68
(32,96),1,17
(32,108),1,12
(32,111),1,72
(32,112),1,20
(32,113),1,6
(32,125),1,44
(32,131),1,42
(32,132),1,14
(32,133),1,17
(32,146),1,28
(32,153),1,16
(32,170),1,13
(32,171),1,10
(32,172),1,24
(32,173),1,25
(32,174),1,82
(32,183),1,25
(32,184),1,14
(32,191),1,30
(32,198),1,14
(33,3),1,80
(33,4),1,45
(33,11),1,78
(33,16),1,48
(33,17),1,23
(33,18),1,16
(33,19),1,21
(33,20),1,28
(33,21),1,31
(33,22),1,46
(33,25),1,87
(33,27),1,5
(33,28),1,11
(33,29),1,51
(33,32),1,48
(33,35),1,64
(33,40),1,73
(33,42),1,57
(33,43),1,44
(33,47),1,4
(33,50),1,59
(33,56),1,11
(33,58),1,18
(33,74),1,41
(33,79),1,27
(33,91),1,65
(33,92),1,7
(33,93),1,27
(33,96),1,39
(33,113),1,9
(33,125),1,58
(33,131),1,28
(33,132),1,41
(33,133),1,4
(33,146),1,64
(33,153),1,32
(33,156),1,21
(33,170),1,12
(33,171),1,26
(33,173),1,6
(33,175),1,54
(33,183),1,47
(33,184),1,60
(33,191),1,75
(33,198),1,36
(34,3),1,46
(34,4),1,5
(34,15),1,17
(34,16),1,40
(34,17),1,29
(34,18),1,1
(34,20),1,80
(34,21),1,5
(34,22),1,46
(34,27),1,49
(34,28),1,24
(34,29),1,61
(34,32),1,75
(34,35),1,17
(34,40),1,6
(34,42),1,68
(34,43),1,10
(34,58),1,51
(34,61),1,40
(34,79),1,61
(34,92),1,63
(34,93),1,28
(34,95),1,19
(34,96),1,53
(34,113),1,83
(34,125),1,58
(34,128),1,34
(34,131),1,37
(34,132),1,20
(34,133),1,55
(34,134),1,67
(34,146),1,41
(34,153),1,48
(34,166),1,49
(34,170),1,11
(34,171),1,56
(34,173),1,27
(34,175),1,31
(34,183),1,35
(34,184),1,71
(34,188),1,78
(34,191),1,33
(34,198),1,24
(35,3),1,62
(35,56),1,76
(35,80),1,5
(36,3),1,65
(36,4),1,82
(36,16),1,83
(36,17),1,11
(36,18),1,64
(36,20),1,24
(36,21),1,68
(36,22),1,55
(36,25),1,67
(36,27),1,45
(36,28),1,85
(36,29),1,84
(36,35),1,29
(36,40),1,52
(36,42),1,56
(36,43),1,24
(36,47),1,2
(36,61),1,49
(36,66),1,24
(36,93),1,75
(36,95),1,85
(36,96),1,84
(36,102),1,34
(36,113),1,46
(36,125),1,15
(36,131),1,45
(36,133),1,42
(36,139),1,19
(36,141),1,25
(36,146),1,73
(36,148),1,57
(36,153),1,56
(36,170),1,61
(36,171),1,2
(36,173),1,67
(36,174),1,78
(36,183),1,65
(36,188),1,83
(36,191),1,19
(36,198),1,51
(37,3),1,54
(37,4),1,0
(37,5),1,87
(37,15),1,79
(37,17),1,35
(37,18),1,42
(37,20),1,31
(37,21),1,79
(37,22),1,2
(37,25),1,69
(37,27),1,46
(37,28),1,83
(37,29),1,12
(37,32),1,42
(37,35),1,29
(37,40),1,38
(37,41),1,53
(37,42),1,36
(37,43),1,56
(37,79),1,2
(37,93),1,69
(37,95),1,19
(37,96),1,50
(37,108),1,15
(37,113),1,57
(37,125),1,6
(37,131),1,21
(37,132),1,70
(37,133),1,56
(37,134),1,44
(37,136),1,48
(37,139),1,74
(37,146),1,47
(37,153),1,34
(37,156),1,8
(37,158),1,54
(37,170),1,86
(37,171),1,56
(37,173),1,11
(37,175),1,28
(37,183),1,18
(37,184),1,53
(37,191),1,26
(37,198),1,33
(38,56),1,17
(38,59),1,12
(38,61),1,76
(39,3),1,57
(39,48),1,15
(39,56),1,6
(39,102),1,48
(39,121),1,11
(41,4),1,46
(41,16),1,61
(41,17),1,8
(41,18),1,26
(41,20),1,20
(41,21),1,12
(41,22),1,79
(41,27),1,85
(41,28),1,80
(41,29),1,0
(41,32),1,16
(41,35),1,14
(41,40),1,36
(41,42),1,44
(41,43),1,46
(41,52),1,29
(41,58),1,69
(41,70),1,35
(41,79),1,78
(41,89),1,40
(41,93),1,84
(41,95),1,69
(41,96),1,61
(41,99),1,56
(41,113),1,63
(41,122),1,5
(41,125),1,57
(41,129),1,34
(41,131),1,24
(41,132),1,14
(41,133),1,57
(41,134),1,83
(41,139),1,41
(41,146),1,10
(41,153),1,86
(41,154),1,42
(41,170),1,7
(41,171),1,11
(41,172),1,1
(41,173),1,58
(41,175),1,46
(41,183),1,15
(41,184),1,83
(41,188),1,20
(41,191),1,35
(41,198),1,48
(42,92),1,8
(42,102),1,21
(43,3),1,57
(43,26),1,69
(43,59),1,79
(43,102),1,12
(44,4),1,43
(44,16),1,13
(44,17),1,33
(44,18),1,44
(44,20),1,89
(44,21),1,80
(44,22),1,17
(44,25),1,71
(44,27),1,62
(44,28),1,36
(44,29),1,37
(44,35),1,19
(44,40),1,32
(44,41),1,44
(44,42),1,1
(44,43),1,15
(44,56),1,64
(44,93),1,58
(44,96),1,74
(44,113),1,59
(44,121),1,19
(44,125),1,9
(44,131),1,67
(44,132),1,14
(44,133),1,2
(44,139),1,64
(44,146),1,45
(44,147),1,8
(44,153),1,66
(44,156),1,40
(44,170),1,6
(44,171),1,76
(44,172),1,44
(44,173),1,26
(44,175),1,4
(44,184),1,3
(44,191),1,76
(44,198),1,50
(45,3),1,50
(45,102),1,48
(45,175),1,5
(46,3),1,48
(46,4),1,19
(46,17),1,22
(46,18),1,11
(46,19),1,27
(46,20),1,40
(46,21),1,18
(46,22),1,5
(46,25),1,44
(46,28),1,24
(46,29),1,27
(46,32),1,16
(46,35),1,85
(46,40),1,7
(46,41),1,77
(46,42),1,54
(46,43),1,23
(46,47),1,64
(46,58),1,66
(46,70),1,86
(46,93),1,89
(46,96),1,61
(46,101),1,16
(46,113),1,84
(46,125),1,9
(46,128),1,71
(46,131),1,19
(46,132),1,84
(46,133),1,48
(46,134),1,33
(46,139),1,65
(46,146),1,82
(46,153),1,37
(46,156),1,57
(46,170),1,72
(46,171),1,18
(46,172),1,81
(46,173),1,31
(46,175),1,59
(46,183),1,37
(46,188),1,16
(46,191),1,27
(46,198),1,20
(47,76),1,41
(48,3),1,66
(48,61),1,67
(49,3),1,78
(49,4),1,63
(49,10),1,67
(49,15),1,81
(49,16),1,59
(49,17),1,53
(49,18),1,28
(49,20),1,39
(49,21),1,59
(49,22),1,4
(49,25),1,2
(49,27),1,29
(49,28),1,80
(49,29),1,88
(49,35),1,10
(49,40),1,12
(49,42),1,64
(49,43),1,49
(49,47),1,44
(49,58),1,19
(49,79),1,56
(49,84),1,50
(49,93),1,64
(49,96),1,88
(49,111),1,74
(49,112),1,36
(49,113),1,89
(49,125),1,16
(49,131),1,59
(49,132),1,21
(49,133),1,3
(49,134),1,44
(49,139),1,78
(49,146),1,69
(49,153),1,81
(49,170),1,34
(49,171),1,1
(49,173),1,16
(49,175),1,16
(49,188),1,76
(49,191),1,55
(49,198),1,3
(50,3),1,66
(50,4),1,7
(50,16),1,19
(50,17),1,80
(50,18),1,40
(50,20),1,1
(50,21),1,2
(50,22),1,28
(50,25),1,68
(50,27),1,72
(50,29),1,25
(50,35),1,14
(50,40),1,88
(50,41),1,20
(50,42),1,2
(50,43),1,35
(50,56),1,60
(50,58),1,76
(50,59),1,39
(50,79),1,32
(50,91),1,22
(50,93),1,87
(50,95),1,25
(50,96),1,44
(50,113),1,77
(50,121),1,6
(50,125),1,78
(50,131),1,33
(50,132),1,82
(50,133),1,71
(50,134),1,27
(50,139),1,88
(50,146),1,88
(50,153),1,75
(50,170),1,67
(50,171),1,43
(50,172),1,9
(50,173),1,13
(50,183),1,21
(50,191),1,78
(50,198),1,8
(51,4),1,49
(51,16),1,68
(51,17),1,80
(51,18),1,36
(51,20),1,0
(51,21),1,22
(51,22),1,7
(51,25),1,68
(51,27),1,37
(51,28),1,37
(51,29),1,6
(51,35),1,86
(51,40),1,22
(51,42),1,43
(51,43),1,17
(51,47),1,75
(51,54),1,62
(51,58),1,59
(51,59),1,41
(51,79),1,32
(51,91),1,39
(51,92),1,59
(51,93),1,56
(51,95),1,15
(51,96),1,74
(51,112),1,86
(51,113),1,13
(51,120),1,63
(51,125),1,64
(51,128),1,58
(51,131),1,79
(51,132),1,65
(51,133),1,68
(51,139),1,28
(51,146),1,44
(51,153),1,88
(51,170),1,22
(51,171),1,73
(51,173),1,43
(51,174),1,70
(51,175),1,43
(51,191),1,85
(51,198),1,48
(53,3),1,31
(53,4),1,35
(53,15),1,72
(53,16),1,14
(53,17),1,39
(53,18),1,14
(53,20),1,45
(53,21),1,58
(53,22),1,1
(53,27),1,70
(53,28),1,6
(53,29),1,19
(53,35),1,6
(53,40),1,83
(53,41),1,63
(53,42),1,74
(53,43),1,48
(53,47),1,25
(53,50),1,2
(53,58),1,7
(53,66),1,64
(53,79),1,9
(53,91),1,73
(53,92),1,12
(53,93),1,87
(53,95),1,20
(53,96),1,0
(53,108),1,75
(53,113),1,86
(53,125),1,42
(53,131),1,89
(53,132),1,53
(53,133),1,60
(53,139),1,58
(53,140),1,11
(53,146),1,37
(53,153),1,26
(53,155),1,58
(53,170),1,5
(53,171),1,27
(53,172),1,66
(53,173),1,5
(53,183),1,41
(53,191),1,67
(53,198),1,81
(54,3),1,37
(54,12),1,62
(54,84),1,78
(55,16),1,75
(55,17),1,20
(55,18),1,49
(55,20),1,39
(55,21),1,51
(55,22),1,38
(55,26),1,23
(55,27),1,24
(55,29),1,58
(55,35),1,61
(55,40),1,76
(55,41),1,35
(55,42),1,37
(55,43),1,22
(55,52),1,62
(55,56),1,9
(55,79),1,76
(55,91),1,81
(55,93),1,10
(55,95),1,61
(55,96),1,53
(55,113),1,66
(55,125),1,47
(55,131),1,23
(55,132),1,2
(55,133),1,89
(55,139),1,59
(55,146),1,63
(55,153),1,85
(55,156),1,26
(55,161),1,65
(55,170),1,41
(55,171),1,13
(55,173),1,72
(55,174),1,85
(55,183),1,44
(55,184),1,46
(55,191),1,58
(55,198),1,40
(56,3),1,43
(56,59),1,14
(56,102),1,58
(56,141),1,5
(57,3),1,82
(57,89),1,13
(57,154),1,74
(58,102),1,43
(59,3),1,28
(59,48),1,9
(59,161),1,10
(60,3),1,36
(60,141),1,65
(61,0),1,60
(61,3),1,26
(61,59),1,39
(61,121),1,36
(61,148),1,21
(62,3),1,0
(62,4),1,13
(62,12),1,43
(62,16),1,50
(62,17),1,0
(62,18),1,2
(62,20),1,2
(62,21),1,37
(62,22),1,19
(62,25),1,56
(62,26),1,8
(62,28),1,21
(62,29),1,54
(62,35),1,85
(62,40),1,18
(62,42),1,43
(62,43),1,29
(62,47),1,85
(62,61),1,49
(62,93),1,75
(62,95),1,4
(62,96),1,50
(62,100),1,28
(62,113),1,6
(62,125),1,24
(62,128),1,41
(62,131),1,62
(62,132),1,46
(62,133),1,61
(62,134),1,20
(62,139),1,68
(62,140),1,14
(62,145),1,27
(62,146),1,65
(62,153),1,38
(62,170),1,22
(62,171),1,51
(62,173),1,50
(62,174),1,16
(62,183),1,4
(62,184),1,62
(62,191),1,87
(62,197),1,59
(62,198),1,79
(63,3),1,30
(63,11),1,60
(63,17),1,60
(63,18),1,44
(63,20),1,23
(63,21),1,41
(63,22),1,68
(63,25),1,28
(63,27),1,71
(63,29),1,53
(63,35),1,14
(63,40),1,5
(63,42),1,49
(63,43),1,89
(63,47),1,76
(63,58),1,16
(63,70),1,4
(63,79),1,66
(63,91),1,68
(63,92),1,24
(63,93),1,25
(63,94),1,83
(63,95),1,81
(63,96),1,60
(63,98),1,47
(63,113),1,60
(63,125),1,67
(63,131),1,89
(63,132),1,63
(63,133),1,16
(63,134),1,60
(63,139),1,87
(63,146),1,34
(63,153),1,78
(63,166),1,60
(63,170),1,62
(63,171),1,9
(63,172),1,45
(63,173),1,35
(63,174),1,71
(63,175),1,8
(63,183),1,7
(63,184),1,7
(63,191),1,19
(63,198),1,59
(64,3),1,77
(64,4),1,3
(64,17),1,29
(64,18),1,2
(64,20),1,29
(64,21),1,35
(64,22),1,45
(64,25),1,5
(64,27),1,52
(64,28),1,71
(64,29),1,19
(64,32),1,1
(64,35),1,63
(64,40),1,39
(64,42),1,40
(64,43),1,17
(64,47),1,78
(64,58),1,56
(64,92),1,2
(64,93),1,73
(64,95),1,62
(64,96),1,68
(64,108),1,84
(64,112),1,86
(64,113),1,71
(64,121),1,38
(64,125),1,19
(64,131),1,23
(64,132),1,35
(64,133),1,9
(64,134),1,33
(64,139),1,60
(64,146),1,31
(64,148),1,87
(64,153),1,19
(64,170),1,54
(64,171),1,12
(64,172),1,82
(64,173),1,45
(64,175),1,44
(64,183),1,77
(64,184),1,86
(64,191),1,45
(64,198),1,63
(65,3),1,35
(65,4),1,75
(65,17),1,68
(65,18),1,21
(65,20),1,45
(65,21),1,65
(65,22),1,40
(65,25),1,49
(65,28),1,59
(65,29),1,3
(65,32),1,82
(65,35),1,36
(65,40),1,38
(65,41),1,37
(65,42),1,24
(65,43),1,28
(65,47),1,35
(65,61),1,26
(65,79),1,60
(65,93),1,88
(65,95),1,56
(65,96),1,27
(65,98),1,82
(65,102),1,50
(65,113),1,38
(65,125),1,87
(65,131),1,82
(65,132),1,26
(65,133),1,71
(65,134),1,50
(65,146),1,69
(65,147),1,0
(65,153),1,35
(65,156),1,78
(65,170),1,8
(65,171),1,57
(65,173),1,66
(65,175),1,38
(65,183),1,51
(65,191),1,78
(65,198),1,3
(69,3),1,75
(69,11),1,39
(69,17),1,25
(69,18),1,26
(69,21),1,25
(69,22),1,18
(69,24),1,64
(69,27),1,77
(69,28),1,8
(69,29),1,66
(69,35),1,13
(69,40),1,17
(69,42),1,64
(69,43),1,61
(69,47),1,86
(69,54),1,41
(69,58),1,80
(69,63),1,8
(69,79),1,2
(69,80),1,43
(69,93),1,38
(69,95),1,28
(69,96),1,43
(69,99),1,40
(69,102),1,14
(69,108),1,3
(69,113),1,46
(69,125),1,22
(69,131),1,15
(69,132),1,10
(69,133),1,15
(69,134),1,70
(69,139),1,21
(69,146),1,0
(69,153),1,88
(69,155),1,16
(69,156),1,79
(69,170),1,76
(69,171),1,28
(69,173),1,12
(69,174),1,59
(69,183),1,50
(69,184),1,48
(69,191),1,74
(69,192),1,81
(69,198),1,50
(70,0),1,50
(70,61),1,6
(70,102),1,53
(70,175),1,87
(72,56),1,83
(73,3),1,61
(73,11),1,26
(73,16),1,29
(73,17),1,48
(73,18),1,73
(73,20),1,4
(73,21),1,60
(73,22),1,41
(73,25),1,43
(73,27),1,43
(73,28),1,89
(73,29),1,24
(73,35),1,79
(73,40),1,1
(73,42),1,51
(73,43),1,27
(73,56),1,7
(73,64),1,76
(73,72),1,54
(73,93),1,45
(73,96),1,0
(73,106),1,44
(73,113),1,46
(73,125),1,16
(73,128),1,30
(73,131),1,29
(73,133),1,6
(73,134),1,15
(73,139),1,88
(73,146),1,20
(73,153),1,0
(73,170),1,29
(73,171),1,10
(73,173),1,71
(73,174),1,15
(73,175),1,47
(73,183),1,86
(73,184),1,24
(73,191),1,7
(73,198),1,50
(74,3),1,62
(74,16),1,32
(74,17),1,45
(74,18),1,54
(74,20),1,6
(74,21),1,33
(74,22),1,73
(74,25),1,82
(74,27),1,84
(74,28),1,29
(74,29),1,3
(74,35),1,17
(74,40),1,36
(74,41),1,6
(74,42),1,32
(74,43),1,82
(74,55),1,83
(74,58),1,11
(74,61),1,75
(74,93),1,35
(74,95),1,70
(74,96),1,2
(74,113),1,55
(74,120),1,23
(74,125),1,1
(74,131),1,88
(74,133),1,56
(74,139),1,15
(74,141),1,2
(74,146),1,83
(74,153),1,88
(74,170),1,71
(74,171),1,82
(74,173),1,41
(74,175),1,23
(74,184),1,66
(74,191),1,12
(74,198),1,10
(75,48),1,60
(75,158),1,21
(76,3),1,64
(76,4),1,63
(76,15),1,6
(76,16),1,80
(76,17),1,1
(76,18),1,63
(76,19),1,78
(76,20),1,85
(76,21),1,45
(76,22),1,20
(76,25),1,53
(76,27),1,55
(76,28),1,15
(76,29),1,34
(76,32),1,73
(76,35),1,38
(76,40),1,44
(76,42),1,86
(76,43),1,56
(76,48),1,24
(76,60),1,14
(76,79),1,70
(76,93),1,71
(76,95),1,20
(76,96),1,21
(76,102),1,0
(76,125),1,69
(76,131),1,86
(76,132),1,54
(76,133),1,55
(76,139),1,86
(76,146),1,36
(76,153),1,40
(76,156),1,51
(76,157),1,58
(76,170),1,75
(76,171),1,0
(76,173),1,7
(76,183),1,67
(76,184),1,60
(76,189),1,37
(76,191),1,59
(76,198),1,18
(77,3),1,19
(78,3),1,29
(78,14),1,81
(78,26),1,17
(78,59),1,51
(78,175),1,6
(79,3),1,17
(79,89),1,58
(79,121),1,50
(80,158),1,75
(81,3),1,27
(81,56),1,10
(82,3),1,13
(82,11),1,55
(82,17),1,8
(82,18),1,82
(82,20),1,44
(82,21),1,46
(82,22),1,8
(82,25),1,23
(82,27),1,71
(82,28),1,72
(82,29),1,11
(82,35),1,3
(82,40),1,67
(82,41),1,24
(82,42),1,86
(82,43),1,4
(82,66),1,89
(82,70),1,87
(82,91),1,33
(82,93),1,5
(82,95),1,85
(82,96),1,43
(82,107),1,61
(82,121),1,34
(82,125),1,8
(82,131),1,46
(82,133),1,38
(82,134),1,70
(82,139),1,26
(82,146),1,26
(82,153),1,35
(82,170),1,39
(82,171),1,38
(82,173),1,42
(82,183),1,10
(82,184),1,16
(82,188),1,37
(82,191),1,18
(82,198),1,66
(83,11),1,18
(83,15),1,15
(83,16),1,82
(83,17),1,89
(83,18),1,68
(83,20),1,25
(83,21),1,23
(83,22),1,14
(83,25),1,54
(83,27),1,79
(83,28),1,87
(83,29),1,7
(83,35),1,37
(83,40),1,13
(83,42),1,24
(83,43),1,68
(83,47),1,34
(83,69),1,75
(83,79),1,9
(83,91),1,37
(83,92),1,53
(83,93),1,58
(83,95),1,7
(83,96),1,19
(83,111),1,80
(83,113),1,73
(83,125),1,38
(83,131),1,13
(83,132),1,17
(83,133),1,39
(83,134),1,59
(83,139),1,71
(83,140),1,19
(83,146),1,27
(83,153),1,61
(83,170),1,61
(83,171),1,7
(83,173),1,57
(83,174),1,24
(83,183),1,85
(83,184),1,67
(83,191),1,33
(83,198),1,10
(84,3),1,65
(84,4),1,72
(84,17),1,58
(84,18),1,60
(84,21),1,48
(84,22),1,15
(84,25),1,10
(84,27),1,60
(84,28),1,78
(84,29),1,22
(84,32),1,76
(84,35),1,10
(84,40),1,49
(84,41),1,59
(84,42),1,23
(84,43),1,69
(84,47),1,7
(84,54),1,5
(84,56),1,9
(84,92),1,22
(84,93),1,9
(84,95),1,33
(84,96),1,64
(84,108),1,60
(84,111),1,8
(84,113),1,3
(84,125),1,10
(84,131),1,23
(84,132),1,73
(84,133),1,47
(84,134),1,69
(84,139),1,3
(84,146),1,81
(84,153),1,79
(84,156),1,35
(84,170),1,40
(84,171),1,61
(84,173),1,25
(84,175),1,62
(84,183),1,25
(84,184),1,30
(84,191),1,24
(84,198),1,4
(86,3),1,83
(86,48),1,80
(87,48),1,14
(87,56),1,51
(87,61),1,43
(87,89),1,42
(88,3),1,29
(88,4),1,38
(88,17),1,23
(88,18),1,24
(88,20),1,84
(88,21),1,70
(88,22),1,8
(88,25),1,37
(88,27),1,78
(88,28),1,69
(88,29),1,56
(88,35),1,39
(88,40),1,38
(88,42),1,58
(88,43),1,30
(88,47),1,84
(88,52),1,6
(88,74),1,5
(88,93),1,23
(88,95),1,87
(88,96),1,5
(88,98),1,75
(88,113),1,65
(88,125),1,60
(88,131),1,9
(88,132),1,57
(88,133),1,88
(88,139),1,21
(88,146),1,55
(88,147),1,20
(88,153),1,67
(88,166),1,75
(88,170),1,53
(88,171),1,73
(88,172),1,75
(88,173),1,61
(88,184),1,36
(88,188),1,45
(88,191),1,64
(88,198),1,55
(89,3),1,23
(90,3),1,89
(90,12),1,64
(91,111),1,31
(92,3),1,68
(92,102),1,69
(92,175),1,45
(94,56),1,38
(94,59),1,41
(94,61),1,2
(95,3),1,61
(95,148),1,89
(96,3),1,51
(96,76),1,24
(97,61),1,80
(97,102),1,3
(97,121),1,51
(97,175),1,51
(98,102),1,84
(98,161),1,69
(99,111),1,71
(99,155),1,74
(100,4),1,70
(100,16),1,36
(100,17),1,38
(100,18),1,45
(100,21),1,86
(100,22),1,45
(100,25),1,66
(100,26),1,51
(100,29),1,78
(100,32),1,88
(100,35),1,64
(100,40),1,12
(100,42),1,38
(100,43),1,70
(100,79),1,0
(100,93),1,25
(100,95),1,40
(100,96),1,16
(100,108),1,7
(100,113),1,57
(100,125),1,42
(100,131),1,53
(100,132),1,68
(100,133),1,64
(100,134),1,36
(100,139),1,44
(100,146),1,25
(100,153),1,37
(100,170),1,46
(100,171),1,68
(100,173),1,55
(100,183),1,33
(100,191),1,1
(100,198),1,24
(101,3),1,3
(101,44),1,1
(101,175),1,14
(102,3),1,84
(103,3),1,25
(103,61),1,61
(103,175),1,59
(104,3),1,38
(104,89),1,24
(105,6),1,81
(105,48),1,73
(105,52),1,75
(106,3),1,40
(106,4),1,30
(106,16),1,82
(106,17),1,28
(106,18),1,33
(106,20),1,69
(106,21),1,89
(106,22),1,69
(106,27),1,9
(106,28),1,52
(106,29),1,79
(106,35),1,87
(106,40),1,68
(106,42),1,14
(106,43),1,6
(106,47),1,32
(106,56),1,60
(106,58),1,36
(106,70),1,78
(106,72),1,4
(106,79),1,14
(106,91),1,73
(106,93),1,36
(106,95),1,49
(106,96),1,31
(106,112),1,12
(106,113),1,24
(106,117),1,62
(106,125),1,54
(106,131),1,86
(106,133),1,75
(106,139),1,66
(106,146),1,8
(106,153),1,43
(106,170),1,25
(106,171),1,2
(106,173),1,68
(106,184),1,3
(106,191),1,43
(106,198),1,13
(107,48),1,52
(108,3),1,6
(110,59),1,30
(110,84),1,27
(110,148),1,3
(112,3),1,44
(112,56),1,67
(113,3),1,72
(113,12),1,6
(113,84),1,45
(113,102),1,56
(113,148),1,17
(113,175),1,9
(115,0),1,28
(115,3),1,62
(115,16),1,60
(115,17),1,53
(115,18),1,83
(115,20),1,53
(115,21),1,25
(115,22),1,2
(115,27),1,60
(115,28),1,38
(115,29),1,68
(115,35),1,68
(115,40),1,69
(115,41),1,85
(115,42),1,44
(115,43),1,64
(115,47),1,52
(115,54),1,36
(115,56),1,73
(115,58),1,65
(115,93),1,89
(115,95),1,37
(115,96),1,67
(115,113),1,32
(115,125),1,38
(115,131),1,72
(115,132),1,14
(115,133),1,22
(115,134),1,55
(115,136),1,5
(115,139),1,4
(115,146),1,21
(115,153),1,69
(115,170),1,49
(115,171),1,51
(115,172),1,59
(115,173),1,83
(115,183),1,78
(115,184),1,12
(115,188),1,20
(115,191),1,87
(115,195),1,34
(115,198),1,4
(116,3),1,86
(116,4),1,60
(116,11),1,42
(116,16),1,64
(116,17),1,23
(116,18),1,36
(116,20),1,63
(116,21),1,78
(116,22),1,74
(116,25),1,37
(116,27),1,41
(116,28),1,17
(116,29),1,46
(116,35),1,75
(116,40),1,25
(116,42),1,83
(116,43),1,57
(116,54),1,32
(116,56),1,45
(116,72),1,34
(116,79),1,87
(116,87),1,47
(116,93),1,21
(116,95),1,73
(116,96),1,24
(116,113),1,67
(116,125),1,78
(116,131),1,1
(116,133),1,37
(116,134),1,22
(116,139),1,88
(116,146),1,86
(116,147),1,27
(116,153),1,60
(116,170),1,89
(116,171),1,2
(116,172),1,80
(116,173),1,73
(116,174),1,19
(116,175),1,33
(116,183),1,66
(116,184),1,36
(116,191),1,58
(116,196),1,68
(116,198),1,88
(117,0),1,87
(117,102),1,75
(117,194),1,81
(118,3),1,84
(118,61),1,1
(118,175),1,9
(119,106),1,47
(119,111),1,60
(120,52),1,84
(120,111),1,0
(120,127),1,22
(120,140),1,89
(121,111),1,56
(121,127),1,5
(121,140),1,56
(122,3),1,88
(122,61),1,75
(122,175),1,38
(123,3),1,88
(123,4),1,44
(123,16),1,30
(123,17),1,18
(123,18),1,32
(123,20),1,8
(123,22),1,22
(123,27),1,12
(123,29),1,64
(123,35),1,10
(123,40),1,79
(123,42),1,83
(123,43),1,57
(123,46),1,5
(123,47),1,39
(123,56),1,17
(123,58),1,39
(123,91),1,58
(123,93),1,75
(123,95),1,57
(123,96),1,4
(123,102),1,3
(123,113),1,41
(123,125),1,60
(123,128),1,78
(123,131),1,11
(123,132),1,54
(123,133),1,60
(123,139),1,60
(123,146),1,45
(123,153),1,49
(123,166),1,43
(123,170),1,14
(123,171),1,40
(123,173),1,32
(123,174),1,85
(123,183),1,24
(123,184),1,64
(123,191),1,78
(123,198),1,24
(124,92),1,73
(125,3),1,25
(125,61),1,62
(125,102),1,8
(125,121),1,21
(125,175),1,19
(126,3),1,49
(126,4),1,83
(126,15),1,55
(126,16),1,82
(126,17),1,88
(126,18),1,86
(126,20),1,48
(126,21),1,45
(126,22),1,2
(126,25),1,22
(126,27),1,42
(126,29),1,89
(126,35),1,37
(126,40),1,10
(126,42),1,60
(126,43),1,45
(126,50),1,42
(126,93),1,83
(126,95),1,57
(126,96),1,2
(126,113),1,73
(126,125),1,6
(126,131),1,34
(126,132),1,70
(126,133),1,20
(126,139),1,43
(126,140),1,77
(126,146),1,73
(126,153),1,42
(126,170),1,56
(126,171),1,47
(126,172),1,36
(126,173),1,55
(126,174),1,81
(126,175),1,6
(126,183),1,5
(126,188),1,49
(126,191),1,36
(126,198),1,12
(128,3),1,65
(128,4),1,42
(128,12),1,22
(128,16),1,46
(128,17),1,38
(128,18),1,31
(128,20),1,1
(128,21),1,44
(128,22),1,4
(128,25),1,74
(128,27),1,54
(128,29),1,0
(128,35),1,60
(128,40),1,57
(128,42),1,50
(128,43),1,87
(128,47),1,44
(128,59),1,9
(128,61),1,87
(128,79),1,29
(128,81),1,80
(128,93),1,62
(128,96),1,35
(128,98),1,9
(128,113),1,11
(128,121),1,80
(128,125),1,14
(128,131),1,66
(128,132),1,13
(128,133),1,57
(128,134),1,4
(128,139),1,30
(128,146),1,62
(128,153),1,62
(128,170),1,5
(128,171),1,30
(128,172),1,70
(128,173),1,32
(128,183),1,0
(128,184),1,5
(128,188),1,2
(128,189),1,30
(128,191),1,87
(128,198),1,88
(129,3),1,54
(129,23),1,11
(129,56),1,88
(129,101),1,58
(129,102),1,84
(129,161),1,32
(130,3),1,28
(130,56),1,44
(131,26),1,68
(131,175),1,21
(132,3),1,1
(132,48),1,22
(132,80),1,13
(132,175),1,46
(133,3),1,3
(133,59),1,16
(133,148),1,74
(133,175),1,59
(135,111),1,24
(136,61),1,20
(136,102),1,33
(136,194),1,56
(137,3),1,23
(137,16),1,53
(137,17),1,65
(137,18),1,86
(137,20),1,26
(137,21),1,20
(137,22),1,13
(137,25),1,83
(137,27),1,82
(137,29),1,64
(137,35),1,73
(137,40),1,13
(137,42),1,29
(137,43),1,64
(137,47),1,84
(137,52),1,36
(137,56),1,32
(137,92),1,21
(137,93),1,64
(137,96),1,56
(137,102),1,35
(137,113),1,23
(137,121),1,51
(137,125),1,74
(137,131),1,0
(137,132),1,66
(137,133),1,68
(137,139),1,89
(137,146),1,77
(137,153),1,70
(137,161),1,30
(137,170),1,38
(137,171),1,61
(137,172),1,50
(137,173),1,65
(137,184),1,87
(137,188),1,27
(137,191),1,55
(137,198),1,12
(138,3),1,89
(138,4),1,73
(138,12),1,54
(138,15),1,59
(138,16),1,39
(138,17),1,20
(138,18),1,85
(138,19),1,58
(138,20),1,15
(138,21),1,77
(138,22),1,6
(138,25),1,13
(138,27),1,67
(138,28),1,80
(138,29),1,82
(138,35),1,2
(138,40),1,5
(138,42),1,51
(138,43),1,63
(138,47),1,61
(138,58),1,57
(138,66),1,64
(138,70),1,53
(138,76),1,50
(138,93),1,37
(138,95),1,49
(138,96),1,5
(138,113),1,53
(138,125),1,18
(138,131),1,85
(138,132),1,11
(138,133),1,65
(138,134),1,52
(138,139),1,28
(138,146),1,69
(138,153),1,62
(138,170),1,42
(138,171),1,69
(138,172),1,13
(138,173),1,3
(138,174),1,9
(138,183),1,3
(138,184),1,88
(138,191),1,68
(138,198),1,73
(139,0),1,38
(139,3),1,66
(139,12),1,28
(140,48),1,48
(140,102),1,54
(141,3),1,3
(141,16),1,38
(141,17),1,55
(141,18),1,27
(141,20),1,55
(141,21),1,6
(141,22),1,55
(141,27),1,10
(141,28),1,31
(141,29),1,77
(141,35),1,47
(141,40),1,51
(141,41),1,44
(141,42),1,67
(141,43),1,79
(141,47),1,42
(141,55),1,24
(141,56),1,17
(141,58),1,53
(141,93),1,57
(141,95),1,66
(141,96),1,86
(141,113),1,45
(141,120),1,56
(141,125),1,46
(141,131),1,36
(141,132),1,75
(141,133),1,45
(141,134),1,15
(141,139),1,15
(141,146),1,56
(141,153),1,3
(141,170),1,43
(141,171),1,88
(141,173),1,27
(141,184),1,43
(141,191),1,85
(141,198),1,37
(142,3),1,40
(142,13),1,38
(142,56),1,60
(142,59),1,19
(142,89),1,47
(143,3),1,47
(143,4),1,63
(143,16),1,48
(143,17),1,43
(143,18),1,58
(143,20),1,28
(143,21),1,11
(143,22),1,20
(143,25),1,9
(143,27),1,78
(143,29),1,13
(143,35),1,18
(143,40),1,3
(143,41),1,74
(143,42),1,60
(143,43),1,88
(143,47),1,83
(143,70),1,58
(143,72),1,0
(143,79),1,76
(143,91),1,9
(143,93),1,31
(143,95),1,5
(143,96),1,66
(143,102),1,61
(143,111),1,30
(143,113),1,3
(143,122),1,70
(143,125),1,15
(143,131),1,63
(143,132),1,78
(143,133),1,35
(143,146),1,22
(143,153),1,79
(143,166),1,33
(143,170),1,63
(143,171),1,42
(143,173),1,73
(143,184),1,58
(143,191),1,1
(143,192),1,1
(143,198),1,22
(144,3),1,1
(144,4),1,11
(144,16),1,5
(144,17),1,38
(144,18),1,24
(144,20),1,53
(144,21),1,57
(144,22),1,86
(144,25),1,59
(144,27),1,41
(144,28),1,71
(144,29),1,76
(144,32),1,16
(144,35),1,20
(144,40),1,88
(144,42),1,28
(144,43),1,73
(144,59),1,89
(144,84),1,65
(144,91),1,77
(144,93),1,2
(144,95),1,69
(144,96),1,80
(144,113),1,33
(144,125),1,45
(144,131),1,44
(144,132),1,71
(144,133),1,28
(144,134),1,10
(144,146),1,47
(144,153),1,76
(144,166),1,63
(144,170),1,62
(144,171),1,33
(144,173),1,51
(144,174),1,4
(144,175),1,7
(144,184),1,82
(144,191),1,0
(144,198),1,1
(145,4),1,54
(145,17),1,53
(145,18),1,70
(145,20),1,0
(145,21),1,4
(145,22),1,74
(145,25),1,23
(145,27),1,69
(145,28),1,47
(145,29),1,45
(145,35),1,55
(145,40),1,67
(145,42),1,38
(145,43),1,54
(145,58),1,27
(145,59),1,45
(145,70),1,52
(145,72),1,53
(145,79),1,85
(145,93),1,68
(145,95),1,20
(145,96),1,76
(145,109),1,56
(145,113),1,36
(145,117),1,15
(145,125),1,68
(145,131),1,7
(145,132),1,21
(145,133),1,81
(145,134),1,51
(145,139),1,87
(145,146),1,41
(145,153),1,3
(145,170),1,13
(145,171),1,27
(145,172),1,63
(145,173),1,30
(145,175),1,35
(145,184),1,29
(145,191),1,62
(145,198),1,19
(146,102),1,17
(146,161),1,8
(148,3),1,64
(149,76),1,72
(149,175),1,87
(150,3),1,43
(150,89),1,72
(150,175),1,86
(150,192),1,15
(151,3),1,84
(151,4),1,51
(151,15),1,52
(151,16),1,86
(151,17),1,50
(151,18),1,6
(151,20),1,6
(151,21),1,12
(151,22),1,87
(151,27),1,34
(151,28),1,78
(151,29),1,14
(151,35),1,53
(151,40),1,58
(151,42),1,75
(151,43),1,72
(151,47),1,37
(151,67),1,84
(151,70),1,74
(151,79),1,20
(151,84),1,24
(151,87),1,21
(151,91),1,49
(151,93),1,10
(151,95),1,85
(151,96),1,17
(151,98),1,33
(151,99),1,48
(151,112),1,28
(151,113),1,32
(151,125),1,52
(151,128),1,13
(151,131),1,12
(151,132),1,86
(151,133),1,12
(151,134),1,40
(151,139),1,51
(151,146),1,6
(151,153),1,53
(151,170),1,62
(151,171),1,12
(151,173),1,15
(151,175),1,23
(151,183),1,87
(151,184),1,25
(151,191),1,80
(151,198),1,48
(152,92),1,63
(152,111),1,8
(154,80),1,58
(154,121),1,0
(154,175),1,67
(155,3),1,58
(155,4),1,22
(155,13),1,5
(155,16),1,73
(155,17),1,47
(155,18),1,71
(155,20),1,3
(155,21),1,73
(155,22),1,26
(155,25),1,20
(155,27),1,65
(155,28),1,87
(155,29),1,89
(155,35),1,43
(155,40),1,40
(155,42),1,3
(155,43),1,12
(155,52),1,35
(155,58),1,21
(155,93),1,68
(155,96),1,37
(155,113),1,6
(155,122),1,12
(155,125),1,79
(155,131),1,80
(155,133),1,27
(155,139),1,38
(155,146),1,19
(155,153),1,60
(155,156),1,7
(155,170),1,36
(155,171),1,26
(155,172),1,82
(155,173),1,4
(155,174),1,71
(155,183),1,56
(155,191),1,7
(155,198),1,44
(156,3),1,64
(156,59),1,58
(156,89),1,52
(156,175),1,82
(157,1),1,21
(157,3),1,55
(157,11),1,81
(157,16),1,32
(157,17),1,88
(157,18),1,59
(157,20),1,36
(157,21),1,79
(157,22),1,33
(157,25),1,89
(157,27),1,34
(157,28),1,77
(157,29),1,5
(157,35),1,82
(157,40),1,81
(157,41),1,71
(157,42),1,39
(157,43),1,85
(157,58),1,42
(157,61),1,24
(157,64),1,32
(157,66),1,11
(157,68),1,65
(157,79),1,53
(157,80),1,58
(157,91),1,13
(157,93),1,40
(157,95),1,48
(157,96),1,82
(157,98),1,58
(157,113),1,30
(157,117),1,29
(157,125),1,4
(157,128),1,29
(157,131),1,77
(157,132),1,17
(157,133),1,77
(157,146),1,86
(157,153),1,49
(157,155),1,61
(157,170),1,65
(157,171),1,20
(157,173),1,27
(157,188),1,87
(157,191),1,33
(157,198),1,65
(158,102),1,41
(159,3),1,14
(159,56),1,5
(160,3),1,60
(160,4),1,20
(160,16),1,85
(160,17),1,55
(160,18),1,15
(160,20),1,77
(160,21),1,61
(160,22),1,8
(160,25),1,33
(160,27),1,89
(160,28),1,6
(160,29),1,82
(160,32),1,74
(160,35),1,22
(160,40),1,55
(160,42),1,68
(160,43),1,38
(160,47),1,22
(160,64),1,84
(160,70),1,85
(160,79),1,5
(160,92),1,75
(160,93),1,18
(160,95),1,14
(160,96),1,17
(160,108),1,76
(160,125),1,63
(160,131),1,63
(160,132),1,56
(160,133),1,83
(160,134),1,50
(160,139),1,38
(160,146),1,54
(160,153),1,30
(160,170),1,24
(160,171),1,39
(160,173),1,35
(160,183),1,52
(160,184),1,75
(160,188),1,46
(160,191),1,19
(160,198),1,85
(161,56),1,9
(161,61),1,23
(162,48),1,67
(162,148),1,61
(163,3),1,51
(163,15),1,68
(163,16),1,21
(163,17),1,4
(163,18),1,14
(163,20),1,23
(163,21),1,12
(163,22),1,75
(163,25),1,9
(163,27),1,48
(163,29),1,14
(163,35),1,54
(163,40),1,12
(163,41),1,72
(163,42),1,51
(163,43),1,70
(163,50),1,24
(163,56),1,27
(163,70),1,47
(163,79),1,74
(163,87),1,31
(163,93),1,40
(163,95),1,11
(163,96),1,64
(163,125),1,55
(163,131),1,23
(163,132),1,55
(163,133),1,15
(163,139),1,74
(163,146),1,34
(163,153),1,33
(163,170),1,55
(163,171),1,61
(163,173),1,53
(163,175),1,83
(163,183),1,88
(163,191),1,70
(163,198),1,72
(164,3),1,52
(164,4),1,24
(164,12),1,57
(164,16),1,45
(164,17),1,77
(164,18),1,35
(164,20),1,44
(164,21),1,44
(164,22),1,66
(164,25),1,26
(164,27),1,35
(164,28),1,84
(164,29),1,39
(164,32),1,49
(164,35),1,29
(164,40),1,12
(164,41),1,82
(164,42),1,67
(164,43),1,74
(164,47),1,12
(164,56),1,38
(164,58),1,72
(164,61),1,89
(164,70),1,89
(164,87),1,11
(164,93),1,2
(164,95),1,31
(164,96),1,35
(164,98),1,46
(164,113),1,22
(164,125),1,54
(164,131),1,26
(164,132),1,3
(164,133),1,8
(164,139),1,44
(164,146),1,62
(164,153),1,54
(164,170),1,77
(164,171),1,8
(164,173),1,44
(164,183),1,78
(164,184),1,85
(164,191),1,41
(164,198),1,73
(165,3),1,18
(165,12),1,71
(165,89),1,56
(165,175),1,67
(166,3),1,60
(166,4),1,7
(166,15),1,56
(166,17),1,36
(166,18),1,3
(166,20),1,18
(166,21),1,47
(166,22),1,47
(166,27),1,71
(166,29),1,16
(166,35),1,67
(166,40),1,20
(166,41),1,72
(166,42),1,65
(166,43),1,35
(166,47),1,11
(166,52),1,82
(166,56),1,82
(166,79),1,54
(166,92),1,35
(166,93),1,51
(166,95),1,58
(166,96),1,64
(166,113),1,33
(166,125),1,74
(166,131),1,38
(166,132),1,63
(166,133),1,51
(166,139),1,54
(166,146),1,59
(166,153),1,13
(166,170),1,26
(166,171),1,72
(166,173),1,89
(166,183),1,89
(166,184),1,30
(166,191),1,35
(166,192),1,9
(166,195),1,48
(166,198),1,81
(167,111),1,10
(168,3),1,38
(168,4),1,14
(168,8),1,17
(168,16),1,17
(168,17),1,19
(168,18),1,21
(168,20),1,13
(168,21),1,51
(168,22),1,37
(168,25),1,70
(168,27),1,41
(168,29),1,57
(168,32),1,84
(168,35),1,17
(168,40),1,51
(168,41),1,84
(168,42),1,9
(168,43),1,47
(168,58),1,74
(168,91),1,55
(168,93),1,40
(168,95),1,81
(168,96),1,49
(168,112),1,39
(168,113),1,71
(168,122),1,6
(168,125),1,8
(168,131),1,51
(168,132),1,40
(168,133),1,83
(168,134),1,15
(168,139),1,28
(168,146),1,32
(168,153),1,21
(168,170),1,27
(168,171),1,68
(168,173),1,55
(168,174),1,15
(168,175),1,44
(168,183),1,52
(168,191),1,42
(168,198),1,67
(169,3),1,20
(169,16),1,8
(169,17),1,41
(169,18),1,86
(169,20),1,57
(169,21),1,86
(169,22),1,0
(169,25),1,78
(169,27),1,13
(169,28),1,1
(169,29),1,17
(169,35),1,56
(169,40),1,25
(169,41),1,47
(169,42),1,17
(169,43),1,46
(169,47),1,89
(169,52),1,75
(169,56),1,81
(169,93),1,53
(169,95),1,3
(169,96),1,67
(169,111),1,81
(169,113),1,81
(169,121),1,81
(169,122),1,28
(169,125),1,46
(169,131),1,71
(169,132),1,67
(169,133),1,74
(169,134),1,60
(169,139),1,17
(169,146),1,54
(169,153),1,26
(169,170),1,3
(169,171),1,81
(169,172),1,44
(169,173),1,80
(169,175),1,31
(169,183),1,54
(169,184),1,72
(169,191),1,87
(169,198),1,88
(171,3),1,18
(171,61),1,65
(171,89),1,78
(171,102),1,4
(171,129),1,74
(172,111),1,8
(173,92),1,67
(174,52),1,20
(176,3),1,14
(176,4),1,18
(176,15),1,2
(176,17),1,7
(176,18),1,12
(176,20),1,1
(176,22),1,64
(176,25),1,37
(176,28),1,88
(176,29),1,24
(176,32),1,28
(176,35),1,32
(176,40),1,70
(176,42),1,21
(176,43),1,73
(176,47),1,8
(176,61),1,78
(176,70),1,51
(176,92),1,71
(176,93),1,61
(176,96),1,5
(176,113),1,50
(176,125),1,63
(176,131),1,26
(176,133),1,15
(176,139),1,8
(176,140),1,14
(176,146),1,22
(176,148),1,77
(176,153),1,13
(176,170),1,62
(176,171),1,39
(176,173),1,68
(176,183),1,73
(176,184),1,86
(176,191),1,72
(176,198),1,68
(177,3),1,7
(178,3),1,15
(178,16),1,59
(178,17),1,66
(178,18),1,22
(178,21),1,18
(178,22),1,56
(178,27),1,85
(178,28),1,28
(178,29),1,23
(178,35),1,42
(178,40),1,29
(178,42),1,42
(178,43),1,84
(178,47),1,13
(178,52),1,70
(178,58),1,49
(178,66),1,51
(178,76),1,59
(178,79),1,7
(178,91),1,89
(178,92),1,46
(178,93),1,10
(178,95),1,9
(178,96),1,82
(178,98),1,88
(178,112),1,16
(178,113),1,52
(178,125),1,49
(178,131),1,89
(178,133),1,57
(178,146),1,3
(178,153),1,6
(178,154),1,86
(178,170),1,87
(178,171),1,40
(178,173),1,44
(178,174),1,7
(178,175),1,19
(178,183),1,69
(178,188),1,83
(178,191),1,59
(178,198),1,87
(179,15),1,79
(179,16),1,2
(179,17),1,41
(179,18),1,50
(179,20),1,2
(179,21),1,60
(179,22),1,16
(179,25),1,10
(179,27),1,75
(179,29),1,26
(179,35),1,81
(179,40),1,44
(179,42),1,51
(179,43),1,81
(179,48),1,40
(179,50),1,60
(179,52),1,4
(179,56),1,24
(179,58),1,2
(179,61),1,12
(179,79),1,77
(179,93),1,59
(179,95),1,82
(179,96),1,61
(179,113),1,62
(179,125),1,16
(179,131),1,53
(179,133),1,58
(179,134),1,39
(179,146),1,87
(179,153),1,60
(179,170),1,27
(179,171),1,21
(179,173),1,23
(179,174),1,77
(179,183),1,18
(179,184),1,73
(179,188),1,55
(179,191),1,45
(179,198),1,25
(180,26),1,30
(180,56),1,40
(180,61),1,44
(180,136),1,50
(180,175),1,87
(181,3),1,64
(181,16),1,75
(181,17),1,15
(181,18),1,81
(181,20),1,69
(181,22),1,36
(181,27),1,66
(181,28),1,72
(181,29),1,57
(181,35),1,71
(181,40),1,44
(181,42),1,30
(181,43),1,78
(181,70),1,55
(181,79),1,89
(181,89),1,36
(181,93),1,36
(181,96),1,48
(181,111),1,17
(181,113),1,5
(181,117),1,65
(181,125),1,38
(181,131),1,71
(181,133),1,1
(181,134),1,17
(181,139),1,62
(181,146),1,73
(181,153),1,82
(181,170),1,75
(181,171),1,50
(181,172),1,75
(181,173),1,64
(181,183),1,34
(181,184),1,14
(181,191),1,88
(181,195),1,10
(181,198),1,20
(182,3),1,50
(182,121),1,66
(183,3),1,45
(183,89),1,11
(183,136),1,33
(184,3),1,21
(184,12),1,72
(184,26),1,53
(184,148),1,87
(185,3),1,15
(185,4),1,28
(185,16),1,51
(185,17),1,32
(185,18),1,16
(185,19),1,60
(185,21),1,51
(185,22),1,25
(185,25),1,44
(185,27),1,88
(185,28),1,36
(185,29),1,70
(185,35),1,31
(185,40),1,30
(185,42),1,82
(185,43),1,63
(185,52),1,18
(185,58),1,43
(185,66),1,83
(185,70),1,58
(185,79),1,69
(185,92),1,15
(185,93),1,31
(185,95),1,79
(185,96),1,54
(185,108),1,9
(185,111),1,82
(185,113),1,66
(185,125),1,16
(185,131),1,78
(185,132),1,35
(185,133),1,59
(185,134),1,5
(185,139),1,82
(185,146),1,83
(185,150),1,3
(185,153),1,6
(185,170),1,29
(185,171),1,41
(185,173),1,30
(185,183),1,30
(185,191),1,78
(185,198),1,49
(187,4),1,1
(187,16),1,49
(187,17),1,49
(187,18),1,42
(187,21),1,9
(187,22),1,13
(187,25),1,26
(187,27),1,33
(187,29),1,35
(187,35),1,78
(187,40),1,0
(187,41),1,12
(187,42),1,21
(187,43),1,17
(187,47),1,20
(187,66),1,13
(187,79),1,75
(187,93),1,24
(187,95),1,9
(187,96),1,68
(187,102),1,59
(187,112),1,57
(187,113),1,12
(187,125),1,78
(187,131),1,64
(187,133),1,64
(187,139),1,68
(187,140),1,26
(187,146),1,85
(187,153),1,37
(187,170),1,68
(187,171),1,35
(187,172),1,81
(187,173),1,52
(187,174),1,45
(187,175),1,43
(187,191),1,82
(187,198),1,17
(188,4),1,57
(188,11),1,49
(188,15),1,72
(188,16),1,54
(188,17),1,84
(188,18),1,20
(188,20),1,86
(188,21),1,52
(188,22),1,53
(188,27),1,53
(188,28),1,76
(188,29),1,73
(188,35),1,0
(188,40),1,24
(188,41),1,51
(188,42),1,13
(188,43),1,56
(188,47),1,13
(188,58),1,22
(188,79),1,79
(188,92),1,44
(188,93),1,1
(188,95),1,22
(188,96),1,42
(188,113),1,34
(188,125),1,13
(188,131),1,53
(188,133),1,55
(188,134),1,58
(188,146),1,29
(188,153),1,69
(188,156),1,4
(188,170),1,89
(188,171),1,86
(188,173),1,24
(188,183),1,56
(188,184),1,76
(188,191),1,11
(188,198),1,48
(189,3),1,21
(189,102),1,22
(189,175),1,77
(190,3),1,2
(190,26),1,25
(190,76),1,36
(190,84),1,7
(190,89),1,15
(191,3),1,5
(191,26),1,0
(191,56),1,37
(191,80),1,12
(192,3),1,4
(192,56),1,66
(192,121),1,72
(192,175),1,71
(193,3),1,72
(193,4),1,68
(193,15),1,9
(193,16),1,65
(193,17),1,12
(193,18),1,44
(193,20),1,63
(193,21),1,22
(193,22),1,56
(193,25),1,69
(193,27),1,8
(193,28),1,30
(193,29),1,79
(193,35),1,28
(193,40),1,40
(193,42),1,66
(193,43),1,4
(193,47),1,85
(193,48),1,30
(193,56),1,12
(193,87),1,74
(193,93),1,79
(193,95),1,9
(193,96),1,61
(193,99),1,56
(193,112),1,81
(193,113),1,63
(193,122),1,79
(193,125),1,62
(193,131),1,14
(193,132),1,48
(193,133),1,32
(193,146),1,39
(193,153),1,80
(193,156),1,13
(193,166),1,20
(193,170),1,40
(193,171),1,14
(193,173),1,26
(193,183),1,86
(193,191),1,34
(193,198),1,71
(194,3),1,43
(194,76),1,8
(194,102),1,42
(195,140),1,43
(197,3),1,55
(197,4),1,63
(197,17),1,73
(197,18),1,7
(197,20),1,41
(197,21),1,5
(197,22),1,61
(197,26),1,62
(197,27),1,30
(197,29),1,41
(197,35),1,86
(197,40),1,29
(197,42),1,16
(197,43),1,65
(197,47),1,12
(197,56),1,70
(197,87),1,7
(197,93),1,52
(197,95),1,79
(197,96),1,9
(197,104),1,41
(197,113),1,36
(197,122),1,55
(197,125),1,42
(197,131),1,78
(197,132),1,60
(197,133),1,87
(197,139),1,63
(197,146),1,83
(197,153),1,33
(197,170),1,59
(197,171),1,89
(197,173),1,79
(197,175),1,54
(197,183),1,76
(197,184),1,5
(197,191),1,72
(197,198),1,72
(198,92),1,59
(199,3),1,14
(199,59),1,63
