Nr_Pairs = 200
Nr_NDD = 0
Nr_Arcs = 3612
0,0,0,0,2
1,0,3,0,2
2,0,1,0,2
3,0,0,2,1
4,0,1,0,2
5,0,1,0,0
6,0,0,1,2
7,0,1,0,0
8,0,1,0,0
9,0,0,0,1
10,0,0,0,2
11,0,1,0,2
12,0,0,1,2
13,0,1,0,2
14,0,1,0,2
15,0,1,0,0
16,0,0,0,2
17,0,2,0,2
18,0,0,0,2
19,0,1,1,2
20,0,0,0,2
21,0,0,0,2
22,0,2,0,0
23,0,1,0,2
24,0,1,0,1
25,0,1,0,2
26,0,1,0,2
27,0,2,0,0
28,0,0,0,1
29,0,1,0,1
30,0,0,0,2
31,0,2,0,0
32,0,0,0,2
33,0,1,0,2
34,0,1,0,0
35,0,1,1,2
36,0,3,2,0
37,0,2,1,2
38,0,1,0,2
39,0,2,0,0
40,0,0,0,0
41,0,1,0,0
42,0,1,0,0
43,0,1,0,0
44,0,1,0,1
45,0,1,0,0
46,0,1,1,2
47,0,1,1,2
48,0,2,0,1
49,0,3,2,0
50,0,1,0,0
51,0,2,2,2
52,0,1,0,2
53,0,0,0,2
54,0,0,1,2
55,0,1,1,2
56,0,2,2,2
57,0,1,1,2
58,0,0,0,2
59,0,0,0,2
60,0,1,0,2
61,0,1,0,2
62,0,1,0,0
63,0,2,0,2
64,0,0,0,2
65,0,1,1,2
66,0,1,0,1
67,0,1,2,2
68,0,0,0,2
69,0,1,1,2
70,0,2,0,1
71,0,1,0,0
72,0,1,1,2
73,0,1,0,2
74,0,1,0,0
75,0,0,0,1
76,0,1,0,0
77,0,1,0,0
78,0,1,0,2
79,0,0,0,2
80,0,1,0,2
81,0,2,0,2
82,0,1,0,0
83,0,2,2,2
84,0,0,0,2
85,0,1,0,0
86,0,1,0,0
87,0,1,2,0
88,0,1,0,0
89,0,1,0,2
90,0,1,0,2
91,0,1,0,1
92,0,1,0,2
93,0,1,1,2
94,0,1,0,2
95,0,0,0,2
96,0,0,0,1
97,0,1,0,2
98,0,2,0,1
99,0,1,1,1
100,0,1,1,2
101,0,0,0,2
102,0,1,0,0
103,0,2,1,0
104,0,0,0,2
105,0,1,1,2
106,0,2,2,2
107,0,2,1,2
108,0,2,0,0
109,0,0,0,2
110,0,3,0,2
111,0,2,2,2
112,0,1,0,2
113,0,0,0,2
114,0,2,0,2
115,0,0,1,2
116,0,0,0,2
117,0,0,1,2
118,0,0,0,2
119,0,1,2,0
120,0,0,0,2
121,0,2,0,0
122,0,0,0,2
123,0,1,0,2
124,0,0,0,2
125,0,1,0,0
126,0,1,0,2
127,0,2,2,2
128,0,0,0,2
129,0,1,0,0
130,0,1,2,0
131,0,0,0,2
132,0,1,0,2
133,0,0,0,1
134,0,0,1,2
135,0,1,0,0
136,0,1,0,0
137,0,0,0,0
138,0,0,0,2
139,0,1,1,2
140,0,0,0,2
141,0,1,0,0
142,0,1,1,2
143,0,0,0,2
144,0,2,0,2
145,0,1,0,0
146,0,1,0,2
147,0,1,0,0
148,0,1,2,0
149,0,0,2,1
150,0,2,0,0
151,0,2,0,0
152,0,0,0,2
153,0,0,0,2
154,0,2,2,2
155,0,3,1,1
156,0,1,0,1
157,0,1,0,2
158,0,1,0,2
159,0,0,0,2
160,0,1,0,2
161,0,0,0,2
162,0,1,1,2
163,0,2,2,2
164,0,1,0,0
165,0,0,0,2
166,0,2,2,2
167,0,1,2,2
168,0,1,0,0
169,0,2,0,0
170,0,1,0,0
171,0,0,0,2
172,0,1,0,0
173,0,1,0,2
174,0,1,0,2
175,0,1,1,2
176,0,1,0,0
177,0,1,0,0
178,0,1,0,1
179,0,2,0,1
180,0,1,0,2
181,0,1,0,0
182,0,1,1,2
183,0,0,0,2
184,0,1,0,2
185,0,0,0,2
186,0,1,1,2
187,0,1,0,1
188,0,2,0,1
189,0,0,0,2
190,0,1,0,0
191,0,1,0,2
192,0,3,1,2
193,0,1,0,2
194,0,1,0,0
195,0,1,1,2
196,0,1,1,2
197,0,0,2,2
198,0,1,0,2
199,0,1,1,2
(0,3),1,1
(0,5),1,1
(0,7),1,1
(0,9),1,1
(0,10),1,1
(0,15),1,1
(0,22),1,1
(0,24),1,1
(0,27),1,1
(0,34),1,1
(0,36),1,1
(0,40),1,1
(0,41),1,1
(0,42),1,1
(0,43),1,1
(0,45),1,1
(0,47),1,1
(0,48),1,1
(0,49),1,1
(0,50),1,1
(0,62),1,1
(0,66),1,1
(0,71),1,1
(0,74),1,1
(0,76),1,1
(0,77),1,1
(0,82),1,1
(0,85),1,1
(0,86),1,1
(0,87),1,1
(0,88),1,1
(0,102),1,1
(0,103),1,1
(0,108),1,1
(0,119),1,1
(0,121),1,1
(0,125),1,1
(0,129),1,1
(0,130),1,1
(0,133),1,1
(0,135),1,1
(0,136),1,1
(0,137),1,1
(0,145),1,1
(0,147),1,1
(0,148),1,1
(0,149),1,1
(0,150),1,1
(0,155),1,1
(0,164),1,1
(0,167),1,1
(0,168),1,1
(0,169),1,1
(0,170),1,1
(0,172),1,1
(0,176),1,1
(0,177),1,1
(0,178),1,1
(0,181),1,1
(0,190),1,1
(0,194),1,1
(2,12),1,1
(2,103),1,1
(2,155),1,1
(3,5),1,1
(3,7),1,1
(3,12),1,1
(3,15),1,1
(3,22),1,1
(3,24),1,1
(3,27),1,1
(3,28),1,1
(3,31),1,1
(3,34),1,1
(3,36),1,1
(3,38),1,1
(3,39),1,1
(3,40),1,1
(3,41),1,1
(3,42),1,1
(3,43),1,1
(3,45),1,1
(3,49),1,1
(3,50),1,1
(3,62),1,1
(3,71),1,1
(3,74),1,1
(3,77),1,1
(3,82),1,1
(3,85),1,1
(3,86),1,1
(3,87),1,1
(3,88),1,1
(3,96),1,1
(3,99),1,1
(3,102),1,1
(3,103),1,1
(3,108),1,1
(3,119),1,1
(3,121),1,1
(3,125),1,1
(3,129),1,1
(3,130),1,1
(3,135),1,1
(3,136),1,1
(3,137),1,1
(3,144),1,1
(3,145),1,1
(3,147),1,1
(3,148),1,1
(3,150),1,1
(3,151),1,1
(3,164),1,1
(3,168),1,1
(3,169),1,1
(3,170),1,1
(3,172),1,1
(3,176),1,1
(3,177),1,1
(3,178),1,1
(3,181),1,1
(3,190),1,1
(3,194),1,1
(4,100),1,1
(4,103),1,1
(4,105),1,1
(5,103),1,1
(6,5),1,1
(6,7),1,1
(6,9),1,1
(6,13),1,1
(6,15),1,1
(6,22),1,1
(6,25),1,1
(6,26),1,1
(6,27),1,1
(6,28),1,1
(6,31),1,1
(6,34),1,1
(6,36),1,1
(6,39),1,1
(6,40),1,1
(6,41),1,1
(6,42),1,1
(6,43),1,1
(6,49),1,1
(6,50),1,1
(6,62),1,1
(6,70),1,1
(6,71),1,1
(6,74),1,1
(6,76),1,1
(6,77),1,1
(6,82),1,1
(6,85),1,1
(6,86),1,1
(6,87),1,1
(6,88),1,1
(6,89),1,1
(6,102),1,1
(6,103),1,1
(6,108),1,1
(6,110),1,1
(6,119),1,1
(6,121),1,1
(6,125),1,1
(6,129),1,1
(6,130),1,1
(6,136),1,1
(6,137),1,1
(6,145),1,1
(6,147),1,1
(6,148),1,1
(6,150),1,1
(6,151),1,1
(6,164),1,1
(6,167),1,1
(6,168),1,1
(6,169),1,1
(6,170),1,1
(6,172),1,1
(6,176),1,1
(6,177),1,1
(6,179),1,1
(6,181),1,1
(6,190),1,1
(6,194),1,1
(7,103),1,1
(7,155),1,1
(8,37),1,1
(8,103),1,1
(9,5),1,1
(9,7),1,1
(9,15),1,1
(9,22),1,1
(9,27),1,1
(9,29),1,1
(9,31),1,1
(9,34),1,1
(9,36),1,1
(9,39),1,1
(9,40),1,1
(9,41),1,1
(9,42),1,1
(9,43),1,1
(9,44),1,1
(9,46),1,1
(9,49),1,1
(9,50),1,1
(9,62),1,1
(9,66),1,1
(9,71),1,1
(9,74),1,1
(9,75),1,1
(9,76),1,1
(9,77),1,1
(9,82),1,1
(9,85),1,1
(9,88),1,1
(9,102),1,1
(9,103),1,1
(9,108),1,1
(9,116),1,1
(9,119),1,1
(9,121),1,1
(9,125),1,1
(9,126),1,1
(9,129),1,1
(9,130),1,1
(9,133),1,1
(9,136),1,1
(9,137),1,1
(9,145),1,1
(9,147),1,1
(9,148),1,1
(9,150),1,1
(9,151),1,1
(9,164),1,1
(9,168),1,1
(9,169),1,1
(9,170),1,1
(9,172),1,1
(9,176),1,1
(9,177),1,1
(9,181),1,1
(9,187),1,1
(9,190),1,1
(9,194),1,1
(10,3),1,1
(10,5),1,1
(10,7),1,1
(10,11),1,1
(10,15),1,1
(10,22),1,1
(10,27),1,1
(10,28),1,1
(10,29),1,1
(10,31),1,1
(10,34),1,1
(10,36),1,1
(10,39),1,1
(10,40),1,1
(10,41),1,1
(10,42),1,1
(10,43),1,1
(10,49),1,1
(10,50),1,1
(10,62),1,1
(10,71),1,1
(10,74),1,1
(10,76),1,1
(10,77),1,1
(10,82),1,1
(10,85),1,1
(10,86),1,1
(10,87),1,1
(10,88),1,1
(10,99),1,1
(10,102),1,1
(10,103),1,1
(10,119),1,1
(10,121),1,1
(10,125),1,1
(10,129),1,1
(10,130),1,1
(10,131),1,1
(10,136),1,1
(10,137),1,1
(10,141),1,1
(10,145),1,1
(10,147),1,1
(10,148),1,1
(10,150),1,1
(10,155),1,1
(10,156),1,1
(10,164),1,1
(10,168),1,1
(10,169),1,1
(10,170),1,1
(10,172),1,1
(10,176),1,1
(10,177),1,1
(10,181),1,1
(10,190),1,1
(10,194),1,1
(11,103),1,1
(12,2),1,1
(12,5),1,1
(12,7),1,1
(12,8),1,1
(12,15),1,1
(12,22),1,1
(12,27),1,1
(12,34),1,1
(12,36),1,1
(12,39),1,1
(12,40),1,1
(12,41),1,1
(12,42),1,1
(12,43),1,1
(12,44),1,1
(12,47),1,1
(12,48),1,1
(12,49),1,1
(12,50),1,1
(12,62),1,1
(12,66),1,1
(12,71),1,1
(12,74),1,1
(12,77),1,1
(12,82),1,1
(12,85),1,1
(12,86),1,1
(12,87),1,1
(12,88),1,1
(12,98),1,1
(12,102),1,1
(12,103),1,1
(12,108),1,1
(12,119),1,1
(12,121),1,1
(12,125),1,1
(12,129),1,1
(12,130),1,1
(12,136),1,1
(12,137),1,1
(12,141),1,1
(12,145),1,1
(12,147),1,1
(12,148),1,1
(12,149),1,1
(12,150),1,1
(12,164),1,1
(12,168),1,1
(12,169),1,1
(12,170),1,1
(12,172),1,1
(12,176),1,1
(12,177),1,1
(12,181),1,1
(12,190),1,1
(12,194),1,1
(13,47),1,1
(13,99),1,1
(13,103),1,1
(14,103),1,1
(15,103),1,1
(16,5),1,1
(16,7),1,1
(16,8),1,1
(16,14),1,1
(16,15),1,1
(16,19),1,1
(16,22),1,1
(16,26),1,1
(16,27),1,1
(16,31),1,1
(16,34),1,1
(16,39),1,1
(16,40),1,1
(16,41),1,1
(16,42),1,1
(16,43),1,1
(16,45),1,1
(16,49),1,1
(16,50),1,1
(16,62),1,1
(16,66),1,1
(16,71),1,1
(16,75),1,1
(16,77),1,1
(16,82),1,1
(16,85),1,1
(16,86),1,1
(16,87),1,1
(16,88),1,1
(16,95),1,1
(16,102),1,1
(16,103),1,1
(16,108),1,1
(16,121),1,1
(16,125),1,1
(16,129),1,1
(16,130),1,1
(16,135),1,1
(16,136),1,1
(16,141),1,1
(16,145),1,1
(16,147),1,1
(16,148),1,1
(16,150),1,1
(16,164),1,1
(16,167),1,1
(16,168),1,1
(16,169),1,1
(16,170),1,1
(16,172),1,1
(16,176),1,1
(16,177),1,1
(16,181),1,1
(16,187),1,1
(16,190),1,1
(16,193),1,1
(16,194),1,1
(17,3),1,1
(17,36),1,1
(17,49),1,1
(17,87),1,1
(17,119),1,1
(17,130),1,1
(17,148),1,1
(17,167),1,1
(18,5),1,1
(18,7),1,1
(18,8),1,1
(18,10),1,1
(18,15),1,1
(18,22),1,1
(18,24),1,1
(18,27),1,1
(18,34),1,1
(18,36),1,1
(18,39),1,1
(18,41),1,1
(18,42),1,1
(18,43),1,1
(18,49),1,1
(18,50),1,1
(18,62),1,1
(18,71),1,1
(18,74),1,1
(18,77),1,1
(18,82),1,1
(18,85),1,1
(18,86),1,1
(18,87),1,1
(18,88),1,1
(18,95),1,1
(18,102),1,1
(18,103),1,1
(18,108),1,1
(18,119),1,1
(18,121),1,1
(18,125),1,1
(18,126),1,1
(18,129),1,1
(18,130),1,1
(18,135),1,1
(18,136),1,1
(18,137),1,1
(18,141),1,1
(18,145),1,1
(18,147),1,1
(18,148),1,1
(18,150),1,1
(18,151),1,1
(18,156),1,1
(18,158),1,1
(18,159),1,1
(18,164),1,1
(18,168),1,1
(18,169),1,1
(18,170),1,1
(18,172),1,1
(18,176),1,1
(18,177),1,1
(18,181),1,1
(18,188),1,1
(18,190),1,1
(18,193),1,1
(18,194),1,1
(19,103),1,1
(19,155),1,1
(20,5),1,1
(20,7),1,1
(20,8),1,1
(20,15),1,1
(20,22),1,1
(20,27),1,1
(20,31),1,1
(20,34),1,1
(20,36),1,1
(20,39),1,1
(20,41),1,1
(20,42),1,1
(20,43),1,1
(20,48),1,1
(20,49),1,1
(20,50),1,1
(20,62),1,1
(20,71),1,1
(20,74),1,1
(20,77),1,1
(20,82),1,1
(20,85),1,1
(20,86),1,1
(20,87),1,1
(20,88),1,1
(20,102),1,1
(20,103),1,1
(20,108),1,1
(20,121),1,1
(20,125),1,1
(20,129),1,1
(20,130),1,1
(20,136),1,1
(20,137),1,1
(20,141),1,1
(20,145),1,1
(20,148),1,1
(20,150),1,1
(20,151),1,1
(20,156),1,1
(20,164),1,1
(20,168),1,1
(20,169),1,1
(20,170),1,1
(20,172),1,1
(20,176),1,1
(20,177),1,1
(20,179),1,1
(20,181),1,1
(20,190),1,1
(20,194),1,1
(21,5),1,1
(21,7),1,1
(21,8),1,1
(21,15),1,1
(21,20),1,1
(21,22),1,1
(21,27),1,1
(21,28),1,1
(21,31),1,1
(21,34),1,1
(21,39),1,1
(21,40),1,1
(21,41),1,1
(21,42),1,1
(21,43),1,1
(21,45),1,1
(21,48),1,1
(21,49),1,1
(21,50),1,1
(21,62),1,1
(21,71),1,1
(21,74),1,1
(21,77),1,1
(21,82),1,1
(21,85),1,1
(21,86),1,1
(21,88),1,1
(21,96),1,1
(21,99),1,1
(21,102),1,1
(21,103),1,1
(21,110),1,1
(21,112),1,1
(21,121),1,1
(21,125),1,1
(21,129),1,1
(21,130),1,1
(21,136),1,1
(21,137),1,1
(21,141),1,1
(21,145),1,1
(21,147),1,1
(21,148),1,1
(21,150),1,1
(21,151),1,1
(21,155),1,1
(21,164),1,1
(21,168),1,1
(21,169),1,1
(21,170),1,1
(21,172),1,1
(21,176),1,1
(21,177),1,1
(21,181),1,1
(21,184),1,1
(21,187),1,1
(21,190),1,1
(21,194),1,1
(21,199),1,1
(22,36),1,1
(22,49),1,1
(22,87),1,1
(22,119),1,1
(22,130),1,1
(22,148),1,1
(23,99),1,1
(23,103),1,1
(24,103),1,1
(25,103),1,1
(25,155),1,1
(26,103),1,1
(26,155),1,1
(27,3),1,1
(27,36),1,1
(27,49),1,1
(27,87),1,1
(27,119),1,1
(27,130),1,1
(27,148),1,1
(28,3),1,1
(28,5),1,1
(28,7),1,1
(28,15),1,1
(28,22),1,1
(28,24),1,1
(28,27),1,1
(28,31),1,1
(28,34),1,1
(28,36),1,1
(28,39),1,1
(28,40),1,1
(28,41),1,1
(28,42),1,1
(28,43),1,1
(28,44),1,1
(28,45),1,1
(28,49),1,1
(28,50),1,1
(28,62),1,1
(28,70),1,1
(28,71),1,1
(28,74),1,1
(28,75),1,1
(28,76),1,1
(28,77),1,1
(28,82),1,1
(28,86),1,1
(28,87),1,1
(28,88),1,1
(28,99),1,1
(28,102),1,1
(28,103),1,1
(28,105),1,1
(28,108),1,1
(28,110),1,1
(28,119),1,1
(28,121),1,1
(28,125),1,1
(28,129),1,1
(28,130),1,1
(28,135),1,1
(28,136),1,1
(28,137),1,1
(28,141),1,1
(28,145),1,1
(28,147),1,1
(28,148),1,1
(28,150),1,1
(28,155),1,1
(28,156),1,1
(28,164),1,1
(28,168),1,1
(28,169),1,1
(28,170),1,1
(28,172),1,1
(28,176),1,1
(28,177),1,1
(28,178),1,1
(28,181),1,1
(28,187),1,1
(28,190),1,1
(28,194),1,1
(29,19),1,1
(29,103),1,1
(30,3),1,1
(30,5),1,1
(30,7),1,1
(30,8),1,1
(30,11),1,1
(30,15),1,1
(30,22),1,1
(30,27),1,1
(30,31),1,1
(30,34),1,1
(30,36),1,1
(30,39),1,1
(30,40),1,1
(30,41),1,1
(30,42),1,1
(30,43),1,1
(30,44),1,1
(30,45),1,1
(30,49),1,1
(30,50),1,1
(30,62),1,1
(30,70),1,1
(30,71),1,1
(30,74),1,1
(30,77),1,1
(30,82),1,1
(30,85),1,1
(30,86),1,1
(30,87),1,1
(30,88),1,1
(30,91),1,1
(30,102),1,1
(30,103),1,1
(30,108),1,1
(30,121),1,1
(30,125),1,1
(30,130),1,1
(30,133),1,1
(30,135),1,1
(30,136),1,1
(30,137),1,1
(30,141),1,1
(30,145),1,1
(30,147),1,1
(30,148),1,1
(30,150),1,1
(30,155),1,1
(30,164),1,1
(30,168),1,1
(30,169),1,1
(30,170),1,1
(30,172),1,1
(30,176),1,1
(30,177),1,1
(30,181),1,1
(30,190),1,1
(30,194),1,1
(31,36),1,1
(31,49),1,1
(31,87),1,1
(31,119),1,1
(31,130),1,1
(31,148),1,1
(32,5),1,1
(32,7),1,1
(32,13),1,1
(32,15),1,1
(32,22),1,1
(32,24),1,1
(32,27),1,1
(32,28),1,1
(32,31),1,1
(32,34),1,1
(32,36),1,1
(32,40),1,1
(32,41),1,1
(32,42),1,1
(32,43),1,1
(32,44),1,1
(32,49),1,1
(32,50),1,1
(32,62),1,1
(32,71),1,1
(32,74),1,1
(32,76),1,1
(32,77),1,1
(32,82),1,1
(32,86),1,1
(32,87),1,1
(32,88),1,1
(32,97),1,1
(32,98),1,1
(32,102),1,1
(32,103),1,1
(32,108),1,1
(32,121),1,1
(32,125),1,1
(32,126),1,1
(32,129),1,1
(32,130),1,1
(32,135),1,1
(32,136),1,1
(32,141),1,1
(32,145),1,1
(32,147),1,1
(32,148),1,1
(32,150),1,1
(32,151),1,1
(32,156),1,1
(32,164),1,1
(32,168),1,1
(32,169),1,1
(32,170),1,1
(32,172),1,1
(32,176),1,1
(32,177),1,1
(32,181),1,1
(32,187),1,1
(32,189),1,1
(32,190),1,1
(32,192),1,1
(32,194),1,1
(33,37),1,1
(33,103),1,1
(34,103),1,1
(34,155),1,1
(35,47),1,1
(35,103),1,1
(35,155),1,1
(37,3),1,1
(37,36),1,1
(37,49),1,1
(37,87),1,1
(37,119),1,1
(37,130),1,1
(37,148),1,1
(38,99),1,1
(38,103),1,1
(39,36),1,1
(39,49),1,1
(39,87),1,1
(39,119),1,1
(39,130),1,1
(39,148),1,1
(40,1),1,1
(40,5),1,1
(40,7),1,1
(40,8),1,1
(40,11),1,1
(40,15),1,1
(40,22),1,1
(40,27),1,1
(40,29),1,1
(40,31),1,1
(40,34),1,1
(40,39),1,1
(40,41),1,1
(40,42),1,1
(40,43),1,1
(40,46),1,1
(40,49),1,1
(40,50),1,1
(40,62),1,1
(40,71),1,1
(40,74),1,1
(40,76),1,1
(40,77),1,1
(40,82),1,1
(40,85),1,1
(40,86),1,1
(40,87),1,1
(40,88),1,1
(40,97),1,1
(40,99),1,1
(40,102),1,1
(40,103),1,1
(40,108),1,1
(40,116),1,1
(40,119),1,1
(40,121),1,1
(40,123),1,1
(40,125),1,1
(40,127),1,1
(40,129),1,1
(40,130),1,1
(40,135),1,1
(40,136),1,1
(40,145),1,1
(40,147),1,1
(40,148),1,1
(40,150),1,1
(40,155),1,1
(40,164),1,1
(40,168),1,1
(40,169),1,1
(40,170),1,1
(40,172),1,1
(40,176),1,1
(40,177),1,1
(40,179),1,1
(40,181),1,1
(40,190),1,1
(40,193),1,1
(40,194),1,1
(41,103),1,1
(41,155),1,1
(42,103),1,1
(43,47),1,1
(43,103),1,1
(44,103),1,1
(44,155),1,1
(45,47),1,1
(45,99),1,1
(45,103),1,1
(46,103),1,1
(47,103),1,1
(47,155),1,1
(48,36),1,1
(48,49),1,1
(48,87),1,1
(48,119),1,1
(48,130),1,1
(48,148),1,1
(50,103),1,1
(50,155),1,1
(50,192),1,1
(51,36),1,1
(51,49),1,1
(51,87),1,1
(51,130),1,1
(51,148),1,1
(52,99),1,1
(52,103),1,1
(52,155),1,1
(53,5),1,1
(53,7),1,1
(53,8),1,1
(53,15),1,1
(53,22),1,1
(53,27),1,1
(53,29),1,1
(53,31),1,1
(53,34),1,1
(53,36),1,1
(53,39),1,1
(53,40),1,1
(53,41),1,1
(53,42),1,1
(53,43),1,1
(53,44),1,1
(53,46),1,1
(53,48),1,1
(53,49),1,1
(53,50),1,1
(53,62),1,1
(53,67),1,1
(53,71),1,1
(53,74),1,1
(53,76),1,1
(53,77),1,1
(53,82),1,1
(53,85),1,1
(53,86),1,1
(53,87),1,1
(53,88),1,1
(53,89),1,1
(53,90),1,1
(53,102),1,1
(53,103),1,1
(53,108),1,1
(53,110),1,1
(53,121),1,1
(53,125),1,1
(53,129),1,1
(53,130),1,1
(53,135),1,1
(53,136),1,1
(53,137),1,1
(53,141),1,1
(53,145),1,1
(53,147),1,1
(53,148),1,1
(53,150),1,1
(53,151),1,1
(53,155),1,1
(53,164),1,1
(53,168),1,1
(53,169),1,1
(53,170),1,1
(53,172),1,1
(53,176),1,1
(53,177),1,1
(53,179),1,1
(53,181),1,1
(53,190),1,1
(53,194),1,1
(54,5),1,1
(54,7),1,1
(54,9),1,1
(54,15),1,1
(54,20),1,1
(54,22),1,1
(54,27),1,1
(54,31),1,1
(54,34),1,1
(54,36),1,1
(54,39),1,1
(54,41),1,1
(54,42),1,1
(54,43),1,1
(54,45),1,1
(54,48),1,1
(54,49),1,1
(54,50),1,1
(54,62),1,1
(54,70),1,1
(54,71),1,1
(54,74),1,1
(54,77),1,1
(54,82),1,1
(54,85),1,1
(54,87),1,1
(54,88),1,1
(54,90),1,1
(54,98),1,1
(54,102),1,1
(54,103),1,1
(54,108),1,1
(54,121),1,1
(54,125),1,1
(54,129),1,1
(54,130),1,1
(54,135),1,1
(54,136),1,1
(54,137),1,1
(54,141),1,1
(54,145),1,1
(54,147),1,1
(54,148),1,1
(54,149),1,1
(54,150),1,1
(54,151),1,1
(54,155),1,1
(54,164),1,1
(54,168),1,1
(54,169),1,1
(54,170),1,1
(54,172),1,1
(54,176),1,1
(54,177),1,1
(54,181),1,1
(54,188),1,1
(54,190),1,1
(54,194),1,1
(55,37),1,1
(55,103),1,1
(56,36),1,1
(56,49),1,1
(56,119),1,1
(56,130),1,1
(56,148),1,1
(56,149),1,1
(56,167),1,1
(57,47),1,1
(57,103),1,1
(58,5),1,1
(58,7),1,1
(58,8),1,1
(58,14),1,1
(58,15),1,1
(58,22),1,1
(58,24),1,1
(58,26),1,1
(58,27),1,1
(58,31),1,1
(58,34),1,1
(58,36),1,1
(58,39),1,1
(58,41),1,1
(58,42),1,1
(58,43),1,1
(58,44),1,1
(58,45),1,1
(58,49),1,1
(58,50),1,1
(58,62),1,1
(58,71),1,1
(58,74),1,1
(58,77),1,1
(58,82),1,1
(58,85),1,1
(58,88),1,1
(58,99),1,1
(58,102),1,1
(58,103),1,1
(58,108),1,1
(58,119),1,1
(58,121),1,1
(58,125),1,1
(58,129),1,1
(58,130),1,1
(58,136),1,1
(58,145),1,1
(58,147),1,1
(58,148),1,1
(58,149),1,1
(58,150),1,1
(58,155),1,1
(58,160),1,1
(58,164),1,1
(58,168),1,1
(58,169),1,1
(58,170),1,1
(58,172),1,1
(58,176),1,1
(58,177),1,1
(58,178),1,1
(58,181),1,1
(58,187),1,1
(58,188),1,1
(58,190),1,1
(58,194),1,1
(59,5),1,1
(59,9),1,1
(59,11),1,1
(59,15),1,1
(59,22),1,1
(59,24),1,1
(59,27),1,1
(59,31),1,1
(59,34),1,1
(59,36),1,1
(59,39),1,1
(59,40),1,1
(59,41),1,1
(59,42),1,1
(59,43),1,1
(59,44),1,1
(59,49),1,1
(59,50),1,1
(59,62),1,1
(59,71),1,1
(59,74),1,1
(59,76),1,1
(59,77),1,1
(59,82),1,1
(59,85),1,1
(59,86),1,1
(59,87),1,1
(59,88),1,1
(59,102),1,1
(59,103),1,1
(59,108),1,1
(59,119),1,1
(59,121),1,1
(59,125),1,1
(59,126),1,1
(59,129),1,1
(59,130),1,1
(59,133),1,1
(59,135),1,1
(59,136),1,1
(59,137),1,1
(59,141),1,1
(59,145),1,1
(59,147),1,1
(59,148),1,1
(59,150),1,1
(59,155),1,1
(59,156),1,1
(59,164),1,1
(59,168),1,1
(59,169),1,1
(59,170),1,1
(59,172),1,1
(59,176),1,1
(59,177),1,1
(59,181),1,1
(59,190),1,1
(59,194),1,1
(60,12),1,1
(60,103),1,1
(60,155),1,1
(61,103),1,1
(61,155),1,1
(62,103),1,1
(62,155),1,1
(63,3),1,1
(63,36),1,1
(63,49),1,1
(63,87),1,1
(63,119),1,1
(63,130),1,1
(63,148),1,1
(64,5),1,1
(64,7),1,1
(64,9),1,1
(64,15),1,1
(64,19),1,1
(64,22),1,1
(64,24),1,1
(64,27),1,1
(64,34),1,1
(64,36),1,1
(64,40),1,1
(64,41),1,1
(64,42),1,1
(64,43),1,1
(64,44),1,1
(64,45),1,1
(64,48),1,1
(64,49),1,1
(64,50),1,1
(64,62),1,1
(64,71),1,1
(64,76),1,1
(64,77),1,1
(64,82),1,1
(64,85),1,1
(64,86),1,1
(64,87),1,1
(64,88),1,1
(64,102),1,1
(64,103),1,1
(64,108),1,1
(64,119),1,1
(64,121),1,1
(64,125),1,1
(64,126),1,1
(64,129),1,1
(64,130),1,1
(64,135),1,1
(64,136),1,1
(64,137),1,1
(64,141),1,1
(64,145),1,1
(64,147),1,1
(64,148),1,1
(64,150),1,1
(64,155),1,1
(64,156),1,1
(64,160),1,1
(64,164),1,1
(64,168),1,1
(64,169),1,1
(64,170),1,1
(64,172),1,1
(64,173),1,1
(64,176),1,1
(64,177),1,1
(64,178),1,1
(64,179),1,1
(64,181),1,1
(64,184),1,1
(64,188),1,1
(64,190),1,1
(64,194),1,1
(65,19),1,1
(65,99),1,1
(65,103),1,1
(65,155),1,1
(65,192),1,1
(66,103),1,1
(67,103),1,1
(68,5),1,1
(68,7),1,1
(68,8),1,1
(68,9),1,1
(68,15),1,1
(68,22),1,1
(68,27),1,1
(68,28),1,1
(68,29),1,1
(68,31),1,1
(68,34),1,1
(68,36),1,1
(68,37),1,1
(68,39),1,1
(68,40),1,1
(68,41),1,1
(68,42),1,1
(68,43),1,1
(68,49),1,1
(68,50),1,1
(68,62),1,1
(68,71),1,1
(68,74),1,1
(68,76),1,1
(68,77),1,1
(68,82),1,1
(68,85),1,1
(68,87),1,1
(68,88),1,1
(68,91),1,1
(68,96),1,1
(68,98),1,1
(68,102),1,1
(68,103),1,1
(68,121),1,1
(68,125),1,1
(68,129),1,1
(68,130),1,1
(68,135),1,1
(68,136),1,1
(68,145),1,1
(68,147),1,1
(68,148),1,1
(68,149),1,1
(68,150),1,1
(68,151),1,1
(68,155),1,1
(68,158),1,1
(68,159),1,1
(68,164),1,1
(68,168),1,1
(68,169),1,1
(68,170),1,1
(68,172),1,1
(68,176),1,1
(68,177),1,1
(68,181),1,1
(68,188),1,1
(68,189),1,1
(68,190),1,1
(68,194),1,1
(69,103),1,1
(69,155),1,1
(70,36),1,1
(70,49),1,1
(70,87),1,1
(70,130),1,1
(70,148),1,1
(71,103),1,1
(72,103),1,1
(72,155),1,1
(72,196),1,1
(73,103),1,1
(73,182),1,1
(74,103),1,1
(75,5),1,1
(75,7),1,1
(75,8),1,1
(75,15),1,1
(75,22),1,1
(75,27),1,1
(75,29),1,1
(75,34),1,1
(75,36),1,1
(75,39),1,1
(75,41),1,1
(75,42),1,1
(75,43),1,1
(75,45),1,1
(75,46),1,1
(75,49),1,1
(75,50),1,1
(75,62),1,1
(75,71),1,1
(75,74),1,1
(75,76),1,1
(75,77),1,1
(75,82),1,1
(75,84),1,1
(75,86),1,1
(75,87),1,1
(75,88),1,1
(75,89),1,1
(75,102),1,1
(75,103),1,1
(75,108),1,1
(75,119),1,1
(75,121),1,1
(75,125),1,1
(75,126),1,1
(75,129),1,1
(75,130),1,1
(75,135),1,1
(75,136),1,1
(75,137),1,1
(75,141),1,1
(75,145),1,1
(75,147),1,1
(75,148),1,1
(75,150),1,1
(75,156),1,1
(75,164),1,1
(75,168),1,1
(75,169),1,1
(75,170),1,1
(75,172),1,1
(75,176),1,1
(75,177),1,1
(75,178),1,1
(75,181),1,1
(75,190),1,1
(75,194),1,1
(76,103),1,1
(77,103),1,1
(77,155),1,1
(78,103),1,1
(79,1),1,1
(79,5),1,1
(79,7),1,1
(79,8),1,1
(79,9),1,1
(79,15),1,1
(79,22),1,1
(79,24),1,1
(79,25),1,1
(79,27),1,1
(79,31),1,1
(79,34),1,1
(79,36),1,1
(79,40),1,1
(79,41),1,1
(79,42),1,1
(79,43),1,1
(79,45),1,1
(79,49),1,1
(79,50),1,1
(79,62),1,1
(79,71),1,1
(79,74),1,1
(79,77),1,1
(79,82),1,1
(79,86),1,1
(79,87),1,1
(79,88),1,1
(79,96),1,1
(79,98),1,1
(79,102),1,1
(79,103),1,1
(79,108),1,1
(79,119),1,1
(79,121),1,1
(79,125),1,1
(79,129),1,1
(79,130),1,1
(79,135),1,1
(79,136),1,1
(79,137),1,1
(79,141),1,1
(79,145),1,1
(79,148),1,1
(79,150),1,1
(79,151),1,1
(79,164),1,1
(79,168),1,1
(79,169),1,1
(79,170),1,1
(79,172),1,1
(79,176),1,1
(79,177),1,1
(79,179),1,1
(79,181),1,1
(79,188),1,1
(79,190),1,1
(79,193),1,1
(79,194),1,1
(80,103),1,1
(81,36),1,1
(81,49),1,1
(81,87),1,1
(81,119),1,1
(81,130),1,1
(81,148),1,1
(82,99),1,1
(82,103),1,1
(82,155),1,1
(83,36),1,1
(83,49),1,1
(83,130),1,1
(83,148),1,1
(84,5),1,1
(84,7),1,1
(84,15),1,1
(84,22),1,1
(84,27),1,1
(84,34),1,1
(84,39),1,1
(84,40),1,1
(84,41),1,1
(84,42),1,1
(84,43),1,1
(84,45),1,1
(84,49),1,1
(84,50),1,1
(84,62),1,1
(84,71),1,1
(84,74),1,1
(84,76),1,1
(84,77),1,1
(84,82),1,1
(84,86),1,1
(84,87),1,1
(84,88),1,1
(84,89),1,1
(84,102),1,1
(84,103),1,1
(84,108),1,1
(84,119),1,1
(84,121),1,1
(84,125),1,1
(84,129),1,1
(84,130),1,1
(84,136),1,1
(84,137),1,1
(84,145),1,1
(84,148),1,1
(84,150),1,1
(84,164),1,1
(84,168),1,1
(84,169),1,1
(84,170),1,1
(84,172),1,1
(84,176),1,1
(84,177),1,1
(84,178),1,1
(84,181),1,1
(84,190),1,1
(84,194),1,1
(85,103),1,1
(85,155),1,1
(86,47),1,1
(86,103),1,1
(86,155),1,1
(87,99),1,1
(87,103),1,1
(87,155),1,1
(88,99),1,1
(88,103),1,1
(88,105),1,1
(88,115),1,1
(89,99),1,1
(89,103),1,1
(89,134),1,1
(89,155),1,1
(90,47),1,1
(90,103),1,1
(90,155),1,1
(91,47),1,1
(91,103),1,1
(91,105),1,1
(92,46),1,1
(92,47),1,1
(92,103),1,1
(92,155),1,1
(93,37),1,1
(93,103),1,1
(94,103),1,1
(95,5),1,1
(95,7),1,1
(95,15),1,1
(95,22),1,1
(95,27),1,1
(95,29),1,1
(95,34),1,1
(95,36),1,1
(95,40),1,1
(95,41),1,1
(95,42),1,1
(95,43),1,1
(95,47),1,1
(95,48),1,1
(95,49),1,1
(95,50),1,1
(95,62),1,1
(95,71),1,1
(95,74),1,1
(95,77),1,1
(95,82),1,1
(95,85),1,1
(95,87),1,1
(95,88),1,1
(95,98),1,1
(95,102),1,1
(95,103),1,1
(95,108),1,1
(95,119),1,1
(95,121),1,1
(95,125),1,1
(95,126),1,1
(95,129),1,1
(95,130),1,1
(95,136),1,1
(95,137),1,1
(95,141),1,1
(95,145),1,1
(95,147),1,1
(95,148),1,1
(95,150),1,1
(95,151),1,1
(95,155),1,1
(95,164),1,1
(95,168),1,1
(95,169),1,1
(95,170),1,1
(95,172),1,1
(95,176),1,1
(95,177),1,1
(95,181),1,1
(95,187),1,1
(95,190),1,1
(95,194),1,1
(96,5),1,1
(96,7),1,1
(96,15),1,1
(96,22),1,1
(96,27),1,1
(96,29),1,1
(96,31),1,1
(96,34),1,1
(96,36),1,1
(96,40),1,1
(96,41),1,1
(96,42),1,1
(96,43),1,1
(96,49),1,1
(96,50),1,1
(96,62),1,1
(96,71),1,1
(96,74),1,1
(96,77),1,1
(96,82),1,1
(96,85),1,1
(96,86),1,1
(96,87),1,1
(96,88),1,1
(96,90),1,1
(96,98),1,1
(96,99),1,1
(96,102),1,1
(96,103),1,1
(96,119),1,1
(96,121),1,1
(96,125),1,1
(96,129),1,1
(96,130),1,1
(96,136),1,1
(96,137),1,1
(96,141),1,1
(96,145),1,1
(96,147),1,1
(96,148),1,1
(96,150),1,1
(96,151),1,1
(96,164),1,1
(96,168),1,1
(96,169),1,1
(96,170),1,1
(96,172),1,1
(96,176),1,1
(96,177),1,1
(96,181),1,1
(96,187),1,1
(96,190),1,1
(96,194),1,1
(97,99),1,1
(97,103),1,1
(98,36),1,1
(98,49),1,1
(98,119),1,1
(98,130),1,1
(98,148),1,1
(99,103),1,1
(99,155),1,1
(100,103),1,1
(100,155),1,1
(101,5),1,1
(101,7),1,1
(101,15),1,1
(101,22),1,1
(101,24),1,1
(101,27),1,1
(101,29),1,1
(101,34),1,1
(101,36),1,1
(101,40),1,1
(101,41),1,1
(101,42),1,1
(101,43),1,1
(101,44),1,1
(101,45),1,1
(101,49),1,1
(101,50),1,1
(101,62),1,1
(101,70),1,1
(101,71),1,1
(101,77),1,1
(101,82),1,1
(101,85),1,1
(101,86),1,1
(101,87),1,1
(101,88),1,1
(101,89),1,1
(101,102),1,1
(101,103),1,1
(101,108),1,1
(101,119),1,1
(101,121),1,1
(101,125),1,1
(101,129),1,1
(101,130),1,1
(101,133),1,1
(101,136),1,1
(101,141),1,1
(101,145),1,1
(101,147),1,1
(101,148),1,1
(101,149),1,1
(101,150),1,1
(101,151),1,1
(101,155),1,1
(101,160),1,1
(101,164),1,1
(101,168),1,1
(101,169),1,1
(101,170),1,1
(101,172),1,1
(101,176),1,1
(101,177),1,1
(101,181),1,1
(101,190),1,1
(101,194),1,1
(101,199),1,1
(102,103),1,1
(102,105),1,1
(102,155),1,1
(103,36),1,1
(103,49),1,1
(103,51),1,1
(103,87),1,1
(103,119),1,1
(103,130),1,1
(103,148),1,1
(104,5),1,1
(104,7),1,1
(104,8),1,1
(104,11),1,1
(104,15),1,1
(104,22),1,1
(104,27),1,1
(104,28),1,1
(104,31),1,1
(104,34),1,1
(104,39),1,1
(104,40),1,1
(104,41),1,1
(104,42),1,1
(104,43),1,1
(104,45),1,1
(104,49),1,1
(104,50),1,1
(104,62),1,1
(104,66),1,1
(104,71),1,1
(104,74),1,1
(104,76),1,1
(104,77),1,1
(104,82),1,1
(104,85),1,1
(104,86),1,1
(104,87),1,1
(104,88),1,1
(104,96),1,1
(104,102),1,1
(104,103),1,1
(104,119),1,1
(104,121),1,1
(104,125),1,1
(104,129),1,1
(104,130),1,1
(104,135),1,1
(104,136),1,1
(104,141),1,1
(104,145),1,1
(104,147),1,1
(104,148),1,1
(104,149),1,1
(104,150),1,1
(104,151),1,1
(104,155),1,1
(104,158),1,1
(104,164),1,1
(104,167),1,1
(104,168),1,1
(104,169),1,1
(104,170),1,1
(104,172),1,1
(104,176),1,1
(104,177),1,1
(104,178),1,1
(104,181),1,1
(104,187),1,1
(104,190),1,1
(104,194),1,1
(105,47),1,1
(105,103),1,1
(106,36),1,1
(106,49),1,1
(106,87),1,1
(106,127),1,1
(106,130),1,1
(106,148),1,1
(107,3),1,1
(107,49),1,1
(107,87),1,1
(107,119),1,1
(107,130),1,1
(107,148),1,1
(107,149),1,1
(108,36),1,1
(108,49),1,1
(108,87),1,1
(108,130),1,1
(108,148),1,1
(109,5),1,1
(109,7),1,1
(109,9),1,1
(109,15),1,1
(109,22),1,1
(109,27),1,1
(109,31),1,1
(109,34),1,1
(109,36),1,1
(109,39),1,1
(109,41),1,1
(109,42),1,1
(109,43),1,1
(109,47),1,1
(109,49),1,1
(109,50),1,1
(109,62),1,1
(109,71),1,1
(109,74),1,1
(109,76),1,1
(109,77),1,1
(109,82),1,1
(109,85),1,1
(109,86),1,1
(109,87),1,1
(109,88),1,1
(109,96),1,1
(109,102),1,1
(109,103),1,1
(109,108),1,1
(109,119),1,1
(109,121),1,1
(109,125),1,1
(109,129),1,1
(109,130),1,1
(109,135),1,1
(109,136),1,1
(109,137),1,1
(109,141),1,1
(109,145),1,1
(109,147),1,1
(109,148),1,1
(109,150),1,1
(109,151),1,1
(109,155),1,1
(109,156),1,1
(109,159),1,1
(109,164),1,1
(109,168),1,1
(109,169),1,1
(109,170),1,1
(109,172),1,1
(109,173),1,1
(109,176),1,1
(109,177),1,1
(109,181),1,1
(109,190),1,1
(109,194),1,1
(111,36),1,1
(111,49),1,1
(111,87),1,1
(111,119),1,1
(111,127),1,1
(111,130),1,1
(111,148),1,1
(111,167),1,1
(112,103),1,1
(112,105),1,1
(112,107),1,1
(112,134),1,1
(113,5),1,1
(113,7),1,1
(113,15),1,1
(113,22),1,1
(113,27),1,1
(113,31),1,1
(113,34),1,1
(113,36),1,1
(113,38),1,1
(113,39),1,1
(113,40),1,1
(113,41),1,1
(113,42),1,1
(113,43),1,1
(113,49),1,1
(113,50),1,1
(113,62),1,1
(113,70),1,1
(113,71),1,1
(113,74),1,1
(113,76),1,1
(113,77),1,1
(113,82),1,1
(113,87),1,1
(113,88),1,1
(113,102),1,1
(113,103),1,1
(113,108),1,1
(113,119),1,1
(113,121),1,1
(113,125),1,1
(113,129),1,1
(113,130),1,1
(113,133),1,1
(113,135),1,1
(113,136),1,1
(113,137),1,1
(113,141),1,1
(113,145),1,1
(113,148),1,1
(113,150),1,1
(113,156),1,1
(113,160),1,1
(113,164),1,1
(113,168),1,1
(113,169),1,1
(113,170),1,1
(113,172),1,1
(113,176),1,1
(113,177),1,1
(113,181),1,1
(113,188),1,1
(113,189),1,1
(113,190),1,1
(113,193),1,1
(113,194),1,1
(114,3),1,1
(114,36),1,1
(114,49),1,1
(114,87),1,1
(114,119),1,1
(114,130),1,1
(114,148),1,1
(115,5),1,1
(115,7),1,1
(115,9),1,1
(115,15),1,1
(115,22),1,1
(115,27),1,1
(115,31),1,1
(115,34),1,1
(115,36),1,1
(115,39),1,1
(115,41),1,1
(115,42),1,1
(115,43),1,1
(115,48),1,1
(115,49),1,1
(115,50),1,1
(115,62),1,1
(115,71),1,1
(115,74),1,1
(115,77),1,1
(115,82),1,1
(115,85),1,1
(115,86),1,1
(115,87),1,1
(115,88),1,1
(115,91),1,1
(115,102),1,1
(115,103),1,1
(115,108),1,1
(115,116),1,1
(115,119),1,1
(115,121),1,1
(115,125),1,1
(115,130),1,1
(115,133),1,1
(115,135),1,1
(115,136),1,1
(115,137),1,1
(115,145),1,1
(115,147),1,1
(115,148),1,1
(115,150),1,1
(115,151),1,1
(115,155),1,1
(115,156),1,1
(115,160),1,1
(115,164),1,1
(115,168),1,1
(115,169),1,1
(115,170),1,1
(115,172),1,1
(115,176),1,1
(115,177),1,1
(115,181),1,1
(115,182),1,1
(115,190),1,1
(115,194),1,1
(116,5),1,1
(116,7),1,1
(116,15),1,1
(116,20),1,1
(116,22),1,1
(116,27),1,1
(116,31),1,1
(116,34),1,1
(116,36),1,1
(116,39),1,1
(116,41),1,1
(116,42),1,1
(116,43),1,1
(116,45),1,1
(116,49),1,1
(116,50),1,1
(116,62),1,1
(116,71),1,1
(116,74),1,1
(116,75),1,1
(116,77),1,1
(116,82),1,1
(116,86),1,1
(116,87),1,1
(116,88),1,1
(116,96),1,1
(116,102),1,1
(116,103),1,1
(116,108),1,1
(116,119),1,1
(116,121),1,1
(116,125),1,1
(116,129),1,1
(116,130),1,1
(116,135),1,1
(116,136),1,1
(116,137),1,1
(116,145),1,1
(116,147),1,1
(116,148),1,1
(116,150),1,1
(116,151),1,1
(116,155),1,1
(116,164),1,1
(116,168),1,1
(116,169),1,1
(116,170),1,1
(116,172),1,1
(116,176),1,1
(116,177),1,1
(116,179),1,1
(116,181),1,1
(116,190),1,1
(116,194),1,1
(117,3),1,1
(117,5),1,1
(117,8),1,1
(117,15),1,1
(117,22),1,1
(117,27),1,1
(117,31),1,1
(117,34),1,1
(117,39),1,1
(117,40),1,1
(117,41),1,1
(117,42),1,1
(117,43),1,1
(117,47),1,1
(117,49),1,1
(117,50),1,1
(117,62),1,1
(117,71),1,1
(117,74),1,1
(117,77),1,1
(117,82),1,1
(117,85),1,1
(117,86),1,1
(117,88),1,1
(117,96),1,1
(117,102),1,1
(117,103),1,1
(117,108),1,1
(117,119),1,1
(117,121),1,1
(117,125),1,1
(117,126),1,1
(117,130),1,1
(117,135),1,1
(117,136),1,1
(117,137),1,1
(117,145),1,1
(117,147),1,1
(117,148),1,1
(117,150),1,1
(117,151),1,1
(117,156),1,1
(117,164),1,1
(117,168),1,1
(117,169),1,1
(117,170),1,1
(117,172),1,1
(117,176),1,1
(117,177),1,1
(117,178),1,1
(117,179),1,1
(117,181),1,1
(117,188),1,1
(117,189),1,1
(117,190),1,1
(117,194),1,1
(117,196),1,1
(118,5),1,1
(118,7),1,1
(118,8),1,1
(118,13),1,1
(118,15),1,1
(118,19),1,1
(118,22),1,1
(118,27),1,1
(118,28),1,1
(118,30),1,1
(118,31),1,1
(118,34),1,1
(118,39),1,1
(118,40),1,1
(118,41),1,1
(118,42),1,1
(118,43),1,1
(118,45),1,1
(118,47),1,1
(118,49),1,1
(118,50),1,1
(118,62),1,1
(118,71),1,1
(118,74),1,1
(118,77),1,1
(118,82),1,1
(118,85),1,1
(118,86),1,1
(118,87),1,1
(118,88),1,1
(118,89),1,1
(118,99),1,1
(118,102),1,1
(118,103),1,1
(118,119),1,1
(118,121),1,1
(118,125),1,1
(118,129),1,1
(118,130),1,1
(118,133),1,1
(118,135),1,1
(118,136),1,1
(118,141),1,1
(118,145),1,1
(118,147),1,1
(118,148),1,1
(118,150),1,1
(118,151),1,1
(118,155),1,1
(118,156),1,1
(118,164),1,1
(118,168),1,1
(118,169),1,1
(118,170),1,1
(118,172),1,1
(118,176),1,1
(118,177),1,1
(118,179),1,1
(118,181),1,1
(118,187),1,1
(118,188),1,1
(118,190),1,1
(118,194),1,1
(119,103),1,1
(119,155),1,1
(120,5),1,1
(120,7),1,1
(120,13),1,1
(120,15),1,1
(120,22),1,1
(120,24),1,1
(120,27),1,1
(120,28),1,1
(120,31),1,1
(120,34),1,1
(120,36),1,1
(120,39),1,1
(120,40),1,1
(120,41),1,1
(120,42),1,1
(120,43),1,1
(120,49),1,1
(120,50),1,1
(120,62),1,1
(120,70),1,1
(120,71),1,1
(120,74),1,1
(120,76),1,1
(120,77),1,1
(120,82),1,1
(120,85),1,1
(120,86),1,1
(120,87),1,1
(120,88),1,1
(120,102),1,1
(120,103),1,1
(120,108),1,1
(120,116),1,1
(120,119),1,1
(120,121),1,1
(120,125),1,1
(120,129),1,1
(120,130),1,1
(120,136),1,1
(120,137),1,1
(120,145),1,1
(120,147),1,1
(120,148),1,1
(120,150),1,1
(120,151),1,1
(120,156),1,1
(120,164),1,1
(120,168),1,1
(120,169),1,1
(120,170),1,1
(120,172),1,1
(120,176),1,1
(120,177),1,1
(120,181),1,1
(120,190),1,1
(120,194),1,1
(120,199),1,1
(121,36),1,1
(121,49),1,1
(121,119),1,1
(121,130),1,1
(121,148),1,1
(122,5),1,1
(122,7),1,1
(122,11),1,1
(122,15),1,1
(122,22),1,1
(122,27),1,1
(122,34),1,1
(122,36),1,1
(122,39),1,1
(122,40),1,1
(122,41),1,1
(122,42),1,1
(122,43),1,1
(122,44),1,1
(122,45),1,1
(122,49),1,1
(122,50),1,1
(122,62),1,1
(122,71),1,1
(122,76),1,1
(122,77),1,1
(122,82),1,1
(122,85),1,1
(122,86),1,1
(122,87),1,1
(122,88),1,1
(122,102),1,1
(122,103),1,1
(122,108),1,1
(122,119),1,1
(122,121),1,1
(122,125),1,1
(122,129),1,1
(122,130),1,1
(122,135),1,1
(122,136),1,1
(122,137),1,1
(122,141),1,1
(122,145),1,1
(122,147),1,1
(122,148),1,1
(122,150),1,1
(122,151),1,1
(122,164),1,1
(122,168),1,1
(122,169),1,1
(122,170),1,1
(122,172),1,1
(122,176),1,1
(122,177),1,1
(122,181),1,1
(122,188),1,1
(122,190),1,1
(122,194),1,1
(123,47),1,1
(123,99),1,1
(123,103),1,1
(123,134),1,1
(123,155),1,1
(124,5),1,1
(124,7),1,1
(124,10),1,1
(124,11),1,1
(124,15),1,1
(124,22),1,1
(124,24),1,1
(124,27),1,1
(124,28),1,1
(124,31),1,1
(124,34),1,1
(124,37),1,1
(124,39),1,1
(124,40),1,1
(124,41),1,1
(124,42),1,1
(124,43),1,1
(124,49),1,1
(124,50),1,1
(124,52),1,1
(124,62),1,1
(124,71),1,1
(124,74),1,1
(124,77),1,1
(124,82),1,1
(124,85),1,1
(124,86),1,1
(124,87),1,1
(124,88),1,1
(124,89),1,1
(124,90),1,1
(124,102),1,1
(124,103),1,1
(124,108),1,1
(124,119),1,1
(124,121),1,1
(124,122),1,1
(124,125),1,1
(124,129),1,1
(124,130),1,1
(124,133),1,1
(124,135),1,1
(124,136),1,1
(124,141),1,1
(124,145),1,1
(124,147),1,1
(124,148),1,1
(124,149),1,1
(124,150),1,1
(124,155),1,1
(124,156),1,1
(124,164),1,1
(124,167),1,1
(124,168),1,1
(124,169),1,1
(124,170),1,1
(124,172),1,1
(124,176),1,1
(124,177),1,1
(124,181),1,1
(124,190),1,1
(124,194),1,1
(125,103),1,1
(126,103),1,1
(126,155),1,1
(127,49),1,1
(127,87),1,1
(127,119),1,1
(127,130),1,1
(127,148),1,1
(128,5),1,1
(128,7),1,1
(128,8),1,1
(128,14),1,1
(128,15),1,1
(128,22),1,1
(128,24),1,1
(128,27),1,1
(128,28),1,1
(128,31),1,1
(128,34),1,1
(128,36),1,1
(128,39),1,1
(128,40),1,1
(128,41),1,1
(128,42),1,1
(128,43),1,1
(128,45),1,1
(128,49),1,1
(128,50),1,1
(128,62),1,1
(128,71),1,1
(128,74),1,1
(128,77),1,1
(128,82),1,1
(128,85),1,1
(128,86),1,1
(128,87),1,1
(128,88),1,1
(128,96),1,1
(128,102),1,1
(128,103),1,1
(128,108),1,1
(128,119),1,1
(128,121),1,1
(128,125),1,1
(128,130),1,1
(128,136),1,1
(128,137),1,1
(128,145),1,1
(128,148),1,1
(128,150),1,1
(128,151),1,1
(128,155),1,1
(128,156),1,1
(128,164),1,1
(128,168),1,1
(128,169),1,1
(128,170),1,1
(128,172),1,1
(128,176),1,1
(128,177),1,1
(128,179),1,1
(128,181),1,1
(128,190),1,1
(128,194),1,1
(129,103),1,1
(130,47),1,1
(130,103),1,1
(130,105),1,1
(130,155),1,1
(131,1),1,1
(131,3),1,1
(131,5),1,1
(131,7),1,1
(131,8),1,1
(131,15),1,1
(131,22),1,1
(131,27),1,1
(131,31),1,1
(131,34),1,1
(131,36),1,1
(131,37),1,1
(131,40),1,1
(131,41),1,1
(131,42),1,1
(131,43),1,1
(131,45),1,1
(131,48),1,1
(131,49),1,1
(131,50),1,1
(131,62),1,1
(131,71),1,1
(131,74),1,1
(131,77),1,1
(131,82),1,1
(131,85),1,1
(131,86),1,1
(131,87),1,1
(131,88),1,1
(131,102),1,1
(131,103),1,1
(131,108),1,1
(131,116),1,1
(131,119),1,1
(131,121),1,1
(131,125),1,1
(131,129),1,1
(131,130),1,1
(131,133),1,1
(131,135),1,1
(131,136),1,1
(131,145),1,1
(131,147),1,1
(131,148),1,1
(131,149),1,1
(131,150),1,1
(131,164),1,1
(131,168),1,1
(131,169),1,1
(131,170),1,1
(131,172),1,1
(131,176),1,1
(131,177),1,1
(131,181),1,1
(131,190),1,1
(131,194),1,1
(132,47),1,1
(132,103),1,1
(132,155),1,1
(133,3),1,1
(133,5),1,1
(133,7),1,1
(133,8),1,1
(133,15),1,1
(133,22),1,1
(133,24),1,1
(133,27),1,1
(133,31),1,1
(133,34),1,1
(133,36),1,1
(133,41),1,1
(133,42),1,1
(133,43),1,1
(133,44),1,1
(133,49),1,1
(133,50),1,1
(133,53),1,1
(133,62),1,1
(133,70),1,1
(133,71),1,1
(133,74),1,1
(133,75),1,1
(133,77),1,1
(133,82),1,1
(133,86),1,1
(133,87),1,1
(133,88),1,1
(133,102),1,1
(133,103),1,1
(133,108),1,1
(133,116),1,1
(133,119),1,1
(133,121),1,1
(133,125),1,1
(133,129),1,1
(133,130),1,1
(133,135),1,1
(133,136),1,1
(133,145),1,1
(133,147),1,1
(133,148),1,1
(133,150),1,1
(133,151),1,1
(133,155),1,1
(133,164),1,1
(133,168),1,1
(133,169),1,1
(133,170),1,1
(133,172),1,1
(133,176),1,1
(133,177),1,1
(133,181),1,1
(133,188),1,1
(133,190),1,1
(133,194),1,1
(133,196),1,1
(134,1),1,1
(134,3),1,1
(134,5),1,1
(134,7),1,1
(134,8),1,1
(134,15),1,1
(134,22),1,1
(134,24),1,1
(134,26),1,1
(134,27),1,1
(134,31),1,1
(134,34),1,1
(134,36),1,1
(134,39),1,1
(134,41),1,1
(134,42),1,1
(134,43),1,1
(134,47),1,1
(134,49),1,1
(134,50),1,1
(134,52),1,1
(134,53),1,1
(134,62),1,1
(134,71),1,1
(134,74),1,1
(134,75),1,1
(134,77),1,1
(134,82),1,1
(134,85),1,1
(134,87),1,1
(134,88),1,1
(134,101),1,1
(134,102),1,1
(134,103),1,1
(134,108),1,1
(134,119),1,1
(134,121),1,1
(134,125),1,1
(134,129),1,1
(134,130),1,1
(134,135),1,1
(134,136),1,1
(134,137),1,1
(134,141),1,1
(134,145),1,1
(134,147),1,1
(134,148),1,1
(134,150),1,1
(134,155),1,1
(134,159),1,1
(134,164),1,1
(134,168),1,1
(134,169),1,1
(134,170),1,1
(134,172),1,1
(134,176),1,1
(134,177),1,1
(134,178),1,1
(134,179),1,1
(134,181),1,1
(134,187),1,1
(134,188),1,1
(134,190),1,1
(134,193),1,1
(134,194),1,1
(135,103),1,1
(135,155),1,1
(136,103),1,1
(136,155),1,1
(137,3),1,1
(137,5),1,1
(137,7),1,1
(137,8),1,1
(137,9),1,1
(137,15),1,1
(137,22),1,1
(137,27),1,1
(137,31),1,1
(137,34),1,1
(137,36),1,1
(137,38),1,1
(137,39),1,1
(137,40),1,1
(137,41),1,1
(137,42),1,1
(137,43),1,1
(137,45),1,1
(137,48),1,1
(137,49),1,1
(137,50),1,1
(137,53),1,1
(137,62),1,1
(137,71),1,1
(137,74),1,1
(137,76),1,1
(137,77),1,1
(137,82),1,1
(137,85),1,1
(137,86),1,1
(137,87),1,1
(137,88),1,1
(137,89),1,1
(137,102),1,1
(137,103),1,1
(137,108),1,1
(137,119),1,1
(137,121),1,1
(137,125),1,1
(137,129),1,1
(137,130),1,1
(137,136),1,1
(137,141),1,1
(137,145),1,1
(137,147),1,1
(137,148),1,1
(137,150),1,1
(137,151),1,1
(137,155),1,1
(137,164),1,1
(137,168),1,1
(137,169),1,1
(137,170),1,1
(137,172),1,1
(137,173),1,1
(137,176),1,1
(137,177),1,1
(137,181),1,1
(137,187),1,1
(137,188),1,1
(137,190),1,1
(137,192),1,1
(137,194),1,1
(137,199),1,1
(138,5),1,1
(138,7),1,1
(138,9),1,1
(138,15),1,1
(138,22),1,1
(138,27),1,1
(138,29),1,1
(138,31),1,1
(138,34),1,1
(138,36),1,1
(138,38),1,1
(138,39),1,1
(138,40),1,1
(138,41),1,1
(138,42),1,1
(138,43),1,1
(138,45),1,1
(138,48),1,1
(138,49),1,1
(138,50),1,1
(138,62),1,1
(138,67),1,1
(138,71),1,1
(138,77),1,1
(138,82),1,1
(138,85),1,1
(138,86),1,1
(138,87),1,1
(138,88),1,1
(138,102),1,1
(138,103),1,1
(138,108),1,1
(138,119),1,1
(138,121),1,1
(138,125),1,1
(138,126),1,1
(138,129),1,1
(138,130),1,1
(138,133),1,1
(138,135),1,1
(138,136),1,1
(138,137),1,1
(138,141),1,1
(138,145),1,1
(138,147),1,1
(138,148),1,1
(138,149),1,1
(138,150),1,1
(138,156),1,1
(138,162),1,1
(138,164),1,1
(138,168),1,1
(138,169),1,1
(138,170),1,1
(138,172),1,1
(138,176),1,1
(138,177),1,1
(138,178),1,1
(138,179),1,1
(138,181),1,1
(138,187),1,1
(138,188),1,1
(138,190),1,1
(138,194),1,1
(139,103),1,1
(139,155),1,1
(139,182),1,1
(140,5),1,1
(140,7),1,1
(140,9),1,1
(140,15),1,1
(140,20),1,1
(140,22),1,1
(140,27),1,1
(140,28),1,1
(140,34),1,1
(140,36),1,1
(140,39),1,1
(140,40),1,1
(140,41),1,1
(140,42),1,1
(140,43),1,1
(140,45),1,1
(140,49),1,1
(140,50),1,1
(140,62),1,1
(140,66),1,1
(140,71),1,1
(140,74),1,1
(140,76),1,1
(140,77),1,1
(140,82),1,1
(140,85),1,1
(140,87),1,1
(140,88),1,1
(140,99),1,1
(140,102),1,1
(140,103),1,1
(140,108),1,1
(140,110),1,1
(140,119),1,1
(140,121),1,1
(140,125),1,1
(140,126),1,1
(140,129),1,1
(140,130),1,1
(140,136),1,1
(140,145),1,1
(140,148),1,1
(140,150),1,1
(140,151),1,1
(140,154),1,1
(140,155),1,1
(140,156),1,1
(140,159),1,1
(140,164),1,1
(140,165),1,1
(140,168),1,1
(140,169),1,1
(140,170),1,1
(140,172),1,1
(140,176),1,1
(140,177),1,1
(140,178),1,1
(140,181),1,1
(140,187),1,1
(140,188),1,1
(140,190),1,1
(140,194),1,1
(141,99),1,1
(141,103),1,1
(142,103),1,1
(142,155),1,1
(143,5),1,1
(143,7),1,1
(143,15),1,1
(143,22),1,1
(143,27),1,1
(143,28),1,1
(143,31),1,1
(143,34),1,1
(143,36),1,1
(143,39),1,1
(143,40),1,1
(143,41),1,1
(143,42),1,1
(143,43),1,1
(143,49),1,1
(143,50),1,1
(143,62),1,1
(143,70),1,1
(143,71),1,1
(143,77),1,1
(143,82),1,1
(143,85),1,1
(143,87),1,1
(143,88),1,1
(143,102),1,1
(143,103),1,1
(143,121),1,1
(143,125),1,1
(143,126),1,1
(143,129),1,1
(143,130),1,1
(143,135),1,1
(143,136),1,1
(143,141),1,1
(143,145),1,1
(143,147),1,1
(143,148),1,1
(143,150),1,1
(143,151),1,1
(143,155),1,1
(143,156),1,1
(143,164),1,1
(143,168),1,1
(143,169),1,1
(143,170),1,1
(143,172),1,1
(143,173),1,1
(143,176),1,1
(143,177),1,1
(143,179),1,1
(143,181),1,1
(143,187),1,1
(143,190),1,1
(143,193),1,1
(143,194),1,1
(144,36),1,1
(144,49),1,1
(144,87),1,1
(144,119),1,1
(144,130),1,1
(144,148),1,1
(145,103),1,1
(145,155),1,1
(146,37),1,1
(146,103),1,1
(146,155),1,1
(147,103),1,1
(147,155),1,1
(147,192),1,1
(148,47),1,1
(148,103),1,1
(148,199),1,1
(149,4),1,1
(149,5),1,1
(149,7),1,1
(149,8),1,1
(149,9),1,1
(149,15),1,1
(149,22),1,1
(149,27),1,1
(149,29),1,1
(149,34),1,1
(149,39),1,1
(149,41),1,1
(149,42),1,1
(149,43),1,1
(149,49),1,1
(149,50),1,1
(149,56),1,1
(149,62),1,1
(149,71),1,1
(149,74),1,1
(149,75),1,1
(149,77),1,1
(149,82),1,1
(149,85),1,1
(149,87),1,1
(149,88),1,1
(149,102),1,1
(149,103),1,1
(149,119),1,1
(149,121),1,1
(149,125),1,1
(149,126),1,1
(149,130),1,1
(149,135),1,1
(149,136),1,1
(149,137),1,1
(149,141),1,1
(149,145),1,1
(149,148),1,1
(149,150),1,1
(149,151),1,1
(149,160),1,1
(149,164),1,1
(149,168),1,1
(149,169),1,1
(149,170),1,1
(149,172),1,1
(149,176),1,1
(149,177),1,1
(149,178),1,1
(149,181),1,1
(149,190),1,1
(149,194),1,1
(150,36),1,1
(150,49),1,1
(150,87),1,1
(150,130),1,1
(150,148),1,1
(151,36),1,1
(151,49),1,1
(151,119),1,1
(151,130),1,1
(151,148),1,1
(151,167),1,1
(152,3),1,1
(152,5),1,1
(152,7),1,1
(152,8),1,1
(152,9),1,1
(152,15),1,1
(152,22),1,1
(152,24),1,1
(152,27),1,1
(152,29),1,1
(152,31),1,1
(152,34),1,1
(152,36),1,1
(152,37),1,1
(152,39),1,1
(152,40),1,1
(152,41),1,1
(152,42),1,1
(152,43),1,1
(152,49),1,1
(152,50),1,1
(152,62),1,1
(152,66),1,1
(152,71),1,1
(152,74),1,1
(152,76),1,1
(152,77),1,1
(152,82),1,1
(152,85),1,1
(152,86),1,1
(152,87),1,1
(152,88),1,1
(152,102),1,1
(152,103),1,1
(152,121),1,1
(152,125),1,1
(152,126),1,1
(152,130),1,1
(152,135),1,1
(152,136),1,1
(152,137),1,1
(152,141),1,1
(152,145),1,1
(152,147),1,1
(152,148),1,1
(152,150),1,1
(152,151),1,1
(152,156),1,1
(152,164),1,1
(152,168),1,1
(152,169),1,1
(152,170),1,1
(152,172),1,1
(152,176),1,1
(152,177),1,1
(152,178),1,1
(152,181),1,1
(152,187),1,1
(152,188),1,1
(152,190),1,1
(152,194),1,1
(153,3),1,1
(153,5),1,1
(153,7),1,1
(153,8),1,1
(153,15),1,1
(153,22),1,1
(153,27),1,1
(153,31),1,1
(153,34),1,1
(153,36),1,1
(153,39),1,1
(153,40),1,1
(153,41),1,1
(153,42),1,1
(153,43),1,1
(153,45),1,1
(153,48),1,1
(153,49),1,1
(153,50),1,1
(153,62),1,1
(153,71),1,1
(153,74),1,1
(153,77),1,1
(153,82),1,1
(153,85),1,1
(153,86),1,1
(153,87),1,1
(153,88),1,1
(153,90),1,1
(153,101),1,1
(153,102),1,1
(153,103),1,1
(153,108),1,1
(153,119),1,1
(153,121),1,1
(153,125),1,1
(153,129),1,1
(153,130),1,1
(153,133),1,1
(153,135),1,1
(153,136),1,1
(153,137),1,1
(153,145),1,1
(153,148),1,1
(153,150),1,1
(153,156),1,1
(153,158),1,1
(153,164),1,1
(153,168),1,1
(153,169),1,1
(153,170),1,1
(153,172),1,1
(153,176),1,1
(153,177),1,1
(153,178),1,1
(153,181),1,1
(153,190),1,1
(153,193),1,1
(153,194),1,1
(154,36),1,1
(154,49),1,1
(154,87),1,1
(154,119),1,1
(154,130),1,1
(154,148),1,1
(154,167),1,1
(156,103),1,1
(156,155),1,1
(157,99),1,1
(157,103),1,1
(158,103),1,1
(159,5),1,1
(159,7),1,1
(159,15),1,1
(159,22),1,1
(159,24),1,1
(159,27),1,1
(159,31),1,1
(159,34),1,1
(159,36),1,1
(159,40),1,1
(159,41),1,1
(159,42),1,1
(159,43),1,1
(159,45),1,1
(159,49),1,1
(159,50),1,1
(159,52),1,1
(159,62),1,1
(159,66),1,1
(159,71),1,1
(159,77),1,1
(159,78),1,1
(159,82),1,1
(159,85),1,1
(159,86),1,1
(159,87),1,1
(159,88),1,1
(159,102),1,1
(159,103),1,1
(159,108),1,1
(159,119),1,1
(159,121),1,1
(159,125),1,1
(159,130),1,1
(159,135),1,1
(159,136),1,1
(159,141),1,1
(159,145),1,1
(159,147),1,1
(159,148),1,1
(159,149),1,1
(159,150),1,1
(159,151),1,1
(159,155),1,1
(159,164),1,1
(159,167),1,1
(159,168),1,1
(159,169),1,1
(159,170),1,1
(159,172),1,1
(159,176),1,1
(159,177),1,1
(159,181),1,1
(159,187),1,1
(159,190),1,1
(159,194),1,1
(160,103),1,1
(160,155),1,1
(161,5),1,1
(161,7),1,1
(161,8),1,1
(161,15),1,1
(161,22),1,1
(161,26),1,1
(161,27),1,1
(161,34),1,1
(161,36),1,1
(161,39),1,1
(161,41),1,1
(161,42),1,1
(161,43),1,1
(161,44),1,1
(161,48),1,1
(161,49),1,1
(161,50),1,1
(161,62),1,1
(161,71),1,1
(161,74),1,1
(161,76),1,1
(161,77),1,1
(161,82),1,1
(161,85),1,1
(161,86),1,1
(161,87),1,1
(161,88),1,1
(161,90),1,1
(161,102),1,1
(161,103),1,1
(161,119),1,1
(161,121),1,1
(161,125),1,1
(161,129),1,1
(161,130),1,1
(161,133),1,1
(161,136),1,1
(161,137),1,1
(161,141),1,1
(161,145),1,1
(161,147),1,1
(161,148),1,1
(161,150),1,1
(161,155),1,1
(161,164),1,1
(161,168),1,1
(161,169),1,1
(161,170),1,1
(161,172),1,1
(161,176),1,1
(161,177),1,1
(161,181),1,1
(161,188),1,1
(161,190),1,1
(161,194),1,1
(161,199),1,1
(162,19),1,1
(162,103),1,1
(163,3),1,1
(163,36),1,1
(163,49),1,1
(163,87),1,1
(163,119),1,1
(163,130),1,1
(163,148),1,1
(164,99),1,1
(164,103),1,1
(165,3),1,1
(165,5),1,1
(165,7),1,1
(165,8),1,1
(165,15),1,1
(165,22),1,1
(165,23),1,1
(165,26),1,1
(165,27),1,1
(165,29),1,1
(165,31),1,1
(165,34),1,1
(165,36),1,1
(165,39),1,1
(165,40),1,1
(165,41),1,1
(165,42),1,1
(165,43),1,1
(165,44),1,1
(165,47),1,1
(165,49),1,1
(165,50),1,1
(165,62),1,1
(165,66),1,1
(165,71),1,1
(165,74),1,1
(165,77),1,1
(165,82),1,1
(165,85),1,1
(165,86),1,1
(165,87),1,1
(165,88),1,1
(165,98),1,1
(165,102),1,1
(165,103),1,1
(165,108),1,1
(165,112),1,1
(165,119),1,1
(165,121),1,1
(165,125),1,1
(165,129),1,1
(165,130),1,1
(165,135),1,1
(165,136),1,1
(165,141),1,1
(165,145),1,1
(165,147),1,1
(165,148),1,1
(165,150),1,1
(165,151),1,1
(165,155),1,1
(165,156),1,1
(165,164),1,1
(165,167),1,1
(165,168),1,1
(165,169),1,1
(165,170),1,1
(165,172),1,1
(165,176),1,1
(165,177),1,1
(165,181),1,1
(165,187),1,1
(165,190),1,1
(165,194),1,1
(166,36),1,1
(166,49),1,1
(166,87),1,1
(166,130),1,1
(166,148),1,1
(166,167),1,1
(167,103),1,1
(168,103),1,1
(169,3),1,1
(169,36),1,1
(169,49),1,1
(169,87),1,1
(169,119),1,1
(169,130),1,1
(169,148),1,1
(170,103),1,1
(170,155),1,1
(171,5),1,1
(171,7),1,1
(171,15),1,1
(171,22),1,1
(171,27),1,1
(171,29),1,1
(171,31),1,1
(171,34),1,1
(171,39),1,1
(171,40),1,1
(171,41),1,1
(171,42),1,1
(171,43),1,1
(171,45),1,1
(171,46),1,1
(171,48),1,1
(171,49),1,1
(171,50),1,1
(171,62),1,1
(171,70),1,1
(171,71),1,1
(171,74),1,1
(171,76),1,1
(171,77),1,1
(171,82),1,1
(171,85),1,1
(171,87),1,1
(171,88),1,1
(171,102),1,1
(171,103),1,1
(171,105),1,1
(171,108),1,1
(171,119),1,1
(171,121),1,1
(171,125),1,1
(171,130),1,1
(171,136),1,1
(171,137),1,1
(171,141),1,1
(171,145),1,1
(171,148),1,1
(171,150),1,1
(171,155),1,1
(171,164),1,1
(171,168),1,1
(171,169),1,1
(171,170),1,1
(171,172),1,1
(171,176),1,1
(171,177),1,1
(171,179),1,1
(171,181),1,1
(171,188),1,1
(171,190),1,1
(171,193),1,1
(171,194),1,1
(171,199),1,1
(172,103),1,1
(172,155),1,1
(173,103),1,1
(174,103),1,1
(174,155),1,1
(175,103),1,1
(176,99),1,1
(176,103),1,1
(176,105),1,1
(177,47),1,1
(177,103),1,1
(178,103),1,1
(178,155),1,1
(179,36),1,1
(179,49),1,1
(179,87),1,1
(179,119),1,1
(179,130),1,1
(179,148),1,1
(180,103),1,1
(181,103),1,1
(182,103),1,1
(183,3),1,1
(183,5),1,1
(183,7),1,1
(183,8),1,1
(183,13),1,1
(183,15),1,1
(183,22),1,1
(183,27),1,1
(183,29),1,1
(183,34),1,1
(183,36),1,1
(183,39),1,1
(183,40),1,1
(183,41),1,1
(183,42),1,1
(183,43),1,1
(183,44),1,1
(183,49),1,1
(183,50),1,1
(183,62),1,1
(183,71),1,1
(183,74),1,1
(183,75),1,1
(183,76),1,1
(183,77),1,1
(183,82),1,1
(183,86),1,1
(183,87),1,1
(183,88),1,1
(183,98),1,1
(183,102),1,1
(183,103),1,1
(183,105),1,1
(183,108),1,1
(183,119),1,1
(183,121),1,1
(183,125),1,1
(183,129),1,1
(183,130),1,1
(183,135),1,1
(183,136),1,1
(183,137),1,1
(183,145),1,1
(183,147),1,1
(183,148),1,1
(183,150),1,1
(183,151),1,1
(183,156),1,1
(183,164),1,1
(183,168),1,1
(183,169),1,1
(183,170),1,1
(183,172),1,1
(183,176),1,1
(183,177),1,1
(183,181),1,1
(183,188),1,1
(183,190),1,1
(183,194),1,1
(184,103),1,1
(185,5),1,1
(185,7),1,1
(185,8),1,1
(185,15),1,1
(185,22),1,1
(185,24),1,1
(185,27),1,1
(185,31),1,1
(185,34),1,1
(185,36),1,1
(185,39),1,1
(185,40),1,1
(185,41),1,1
(185,42),1,1
(185,43),1,1
(185,45),1,1
(185,49),1,1
(185,50),1,1
(185,62),1,1
(185,71),1,1
(185,74),1,1
(185,76),1,1
(185,77),1,1
(185,82),1,1
(185,85),1,1
(185,86),1,1
(185,87),1,1
(185,88),1,1
(185,89),1,1
(185,91),1,1
(185,99),1,1
(185,102),1,1
(185,103),1,1
(185,108),1,1
(185,119),1,1
(185,121),1,1
(185,125),1,1
(185,129),1,1
(185,130),1,1
(185,133),1,1
(185,136),1,1
(185,137),1,1
(185,141),1,1
(185,145),1,1
(185,147),1,1
(185,148),1,1
(185,150),1,1
(185,151),1,1
(185,164),1,1
(185,168),1,1
(185,169),1,1
(185,170),1,1
(185,172),1,1
(185,176),1,1
(185,177),1,1
(185,178),1,1
(185,179),1,1
(185,181),1,1
(185,188),1,1
(185,190),1,1
(185,194),1,1
(186,47),1,1
(186,103),1,1
(187,47),1,1
(187,103),1,1
(187,105),1,1
(188,36),1,1
(188,49),1,1
(188,87),1,1
(188,119),1,1
(188,130),1,1
(188,148),1,1
(189,5),1,1
(189,7),1,1
(189,8),1,1
(189,15),1,1
(189,22),1,1
(189,27),1,1
(189,34),1,1
(189,36),1,1
(189,41),1,1
(189,42),1,1
(189,43),1,1
(189,48),1,1
(189,49),1,1
(189,50),1,1
(189,62),1,1
(189,71),1,1
(189,74),1,1
(189,76),1,1
(189,77),1,1
(189,82),1,1
(189,86),1,1
(189,87),1,1
(189,88),1,1
(189,102),1,1
(189,103),1,1
(189,108),1,1
(189,119),1,1
(189,121),1,1
(189,125),1,1
(189,130),1,1
(189,133),1,1
(189,136),1,1
(189,137),1,1
(189,141),1,1
(189,145),1,1
(189,147),1,1
(189,148),1,1
(189,150),1,1
(189,155),1,1
(189,159),1,1
(189,164),1,1
(189,168),1,1
(189,169),1,1
(189,170),1,1
(189,172),1,1
(189,176),1,1
(189,177),1,1
(189,178),1,1
(189,181),1,1
(189,190),1,1
(189,194),1,1
(190,103),1,1
(191,103),1,1
(191,155),1,1
(193,103),1,1
(194,103),1,1
(194,134),1,1
(194,155),1,1
(195,99),1,1
(195,103),1,1
(196,103),1,1
(196,155),1,1
(197,5),1,1
(197,8),1,1
(197,9),1,1
(197,11),1,1
(197,15),1,1
(197,22),1,1
(197,27),1,1
(197,28),1,1
(197,31),1,1
(197,34),1,1
(197,36),1,1
(197,40),1,1
(197,41),1,1
(197,42),1,1
(197,43),1,1
(197,49),1,1
(197,50),1,1
(197,62),1,1
(197,71),1,1
(197,74),1,1
(197,75),1,1
(197,76),1,1
(197,77),1,1
(197,82),1,1
(197,85),1,1
(197,86),1,1
(197,87),1,1
(197,88),1,1
(197,102),1,1
(197,103),1,1
(197,108),1,1
(197,119),1,1
(197,121),1,1
(197,125),1,1
(197,130),1,1
(197,135),1,1
(197,136),1,1
(197,141),1,1
(197,145),1,1
(197,148),1,1
(197,150),1,1
(197,151),1,1
(197,152),1,1
(197,156),1,1
(197,164),1,1
(197,168),1,1
(197,169),1,1
(197,170),1,1
(197,172),1,1
(197,173),1,1
(197,176),1,1
(197,177),1,1
(197,181),1,1
(197,187),1,1
(197,188),1,1
(197,190),1,1
(197,194),1,1
(197,198),1,1
(198,103),1,1
(198,155),1,1
(199,103),1,1
