Nr_Pairs = 190
Nr_NDD = 10
Nr_Arcs = 4678
0,0,1,0,2
1,0,0,0,1
2,0,2,0,2
3,0,0,1,2
4,0,1,0,1
5,0,0,0,2
6,0,1,0,0
7,0,1,1,2
8,0,1,1,2
9,0,0,1,2
10,0,0,0,2
11,0,0,1,2
12,0,1,1,2
13,0,1,0,0
14,0,1,2,0
15,0,3,1,0
16,0,1,0,2
17,0,2,3,2
18,0,1,1,2
19,0,2,2,2
20,0,2,0,0
21,0,1,1,2
22,0,1,1,1
23,0,1,0,2
24,0,0,2,1
25,0,1,0,0
26,0,1,1,2
27,0,0,0,2
28,0,0,1,2
29,0,0,0,2
30,0,1,0,0
31,0,2,1,1
32,0,1,0,0
33,0,1,0,2
34,0,3,1,0
35,0,1,0,0
36,0,0,0,2
37,0,0,1,2
38,0,1,0,1
39,0,1,0,2
40,0,0,0,2
41,0,1,1,2
42,0,2,0,1
43,0,0,0,2
44,0,0,0,2
45,0,0,0,2
46,0,1,2,0
47,0,1,1,2
48,0,0,0,2
49,0,0,0,2
50,0,0,0,2
51,0,1,0,1
52,0,3,1,2
53,0,1,0,0
54,0,2,0,0
55,0,1,0,2
56,0,1,0,1
57,0,2,0,0
58,0,1,0,1
59,0,0,0,2
60,0,0,0,2
61,0,1,0,2
62,0,1,0,2
63,0,0,1,2
64,0,0,0,2
65,0,2,2,2
66,0,1,0,0
67,0,1,0,2
68,0,1,0,0
69,0,2,0,2
70,0,3,3,2
71,0,1,2,0
72,0,1,1,1
73,0,1,0,2
74,0,0,0,2
75,0,1,0,2
76,0,0,2,2
77,0,2,1,1
78,0,0,0,1
79,0,1,0,1
80,0,0,0,2
81,0,1,1,2
82,0,0,0,2
83,0,2,0,0
84,0,0,0,2
85,0,2,0,0
86,0,2,0,2
87,0,1,1,2
88,0,2,2,1
89,0,0,0,2
90,0,1,2,0
91,0,2,0,0
92,0,2,0,2
93,0,0,1,0
94,0,1,0,0
95,0,1,0,0
96,0,1,0,0
97,0,0,0,2
98,0,0,0,2
99,0,1,0,2
100,0,2,1,0
101,0,1,1,2
102,0,1,1,2
103,0,0,0,2
104,0,0,0,2
105,0,1,0,2
106,0,2,0,1
107,0,0,2,2
108,0,1,0,1
109,0,0,0,1
110,0,2,2,2
111,0,0,0,2
112,0,1,0,0
113,0,2,0,0
114,0,0,0,1
115,0,2,0,2
116,0,1,0,2
117,0,1,0,2
118,0,1,0,1
119,0,1,1,2
120,0,2,0,0
121,0,0,0,2
122,0,0,1,2
123,0,1,0,0
124,0,2,2,2
125,0,2,0,2
126,0,1,0,0
127,0,0,0,1
128,0,1,0,0
129,0,0,1,2
130,0,1,0,0
131,0,1,1,2
132,0,1,0,0
133,0,0,0,2
134,0,2,1,0
135,0,0,1,2
136,0,0,0,2
137,0,0,1,2
138,0,0,0,2
139,0,0,0,2
140,0,0,0,2
141,0,0,0,2
142,0,2,0,0
143,0,0,0,2
144,0,1,1,2
145,0,1,0,2
146,0,1,0,2
147,0,0,0,2
148,0,1,0,0
149,0,2,2,2
150,0,1,2,2
151,0,1,0,0
152,0,0,0,2
153,0,0,2,2
154,0,0,1,2
155,0,3,2,0
156,0,0,1,2
157,0,0,0,2
158,0,0,0,2
159,0,1,2,1
160,0,1,0,2
161,0,1,1,2
162,0,2,0,0
163,0,0,0,2
164,0,1,0,2
165,0,1,1,2
166,0,0,0,2
167,0,1,1,2
168,0,2,2,2
169,0,1,1,2
170,0,2,0,0
171,0,1,0,1
172,0,0,0,2
173,0,2,1,0
174,0,1,0,0
175,0,1,0,2
176,0,0,0,2
177,0,0,0,2
178,0,1,3,2
179,0,0,0,2
180,0,1,0,2
181,0,2,0,0
182,0,1,0,2
183,0,0,1,2
184,0,1,0,0
185,0,0,0,2
186,0,1,3,2
187,0,0,0,1
188,0,2,2,1
189,0,1,0,2
190,1,0,0,0
191,1,1,0,0
192,1,0,0,0
193,1,1,0,0
194,1,0,0,0
195,1,0,0,0
196,1,0,0,0
197,1,2,0,0
198,1,1,0,0
199,1,1,2,2
(0,15),1,9
(0,34),1,24
(0,100),1,31
(0,134),1,20
(0,173),1,87
(1,4),1,38
(1,6),1,49
(1,13),1,11
(1,14),1,40
(1,15),1,81
(1,18),1,0
(1,20),1,46
(1,22),1,7
(1,24),1,30
(1,25),1,22
(1,30),1,18
(1,32),1,61
(1,34),1,51
(1,42),1,72
(1,46),1,23
(1,53),1,41
(1,54),1,69
(1,58),1,34
(1,66),1,29
(1,68),1,31
(1,71),1,36
(1,83),1,51
(1,85),1,3
(1,90),1,84
(1,93),1,16
(1,94),1,61
(1,95),1,13
(1,96),1,13
(1,100),1,52
(1,105),1,53
(1,106),1,13
(1,108),1,26
(1,112),1,37
(1,113),1,69
(1,118),1,13
(1,120),1,84
(1,123),1,71
(1,126),1,11
(1,128),1,21
(1,130),1,76
(1,132),1,78
(1,134),1,21
(1,142),1,30
(1,148),1,32
(1,151),1,1
(1,155),1,62
(1,162),1,22
(1,173),1,58
(1,174),1,69
(1,181),1,73
(1,184),1,18
(2,14),1,15
(2,46),1,78
(2,71),1,65
(2,90),1,26
(2,155),1,68
(3,4),1,12
(3,6),1,63
(3,13),1,17
(3,14),1,36
(3,15),1,70
(3,22),1,85
(3,25),1,67
(3,30),1,72
(3,32),1,50
(3,34),1,36
(3,35),1,62
(3,38),1,61
(3,46),1,2
(3,53),1,0
(3,54),1,8
(3,57),1,44
(3,66),1,3
(3,68),1,74
(3,71),1,83
(3,77),1,73
(3,79),1,69
(3,83),1,16
(3,85),1,40
(3,90),1,0
(3,93),1,54
(3,94),1,26
(3,95),1,8
(3,96),1,36
(3,100),1,44
(3,108),1,16
(3,112),1,77
(3,113),1,41
(3,120),1,11
(3,123),1,51
(3,126),1,29
(3,127),1,4
(3,128),1,36
(3,132),1,27
(3,134),1,30
(3,142),1,8
(3,148),1,31
(3,151),1,4
(3,155),1,86
(3,157),1,35
(3,162),1,38
(3,166),1,76
(3,170),1,61
(3,171),1,64
(3,173),1,60
(3,174),1,75
(3,181),1,2
(3,184),1,78
(4,8),1,22
(4,15),1,13
(4,34),1,31
(4,87),1,7
(4,93),1,58
(4,100),1,88
(4,134),1,77
(4,161),1,60
(4,173),1,48
(5,6),1,69
(5,13),1,7
(5,14),1,73
(5,15),1,70
(5,20),1,6
(5,25),1,59
(5,30),1,49
(5,31),1,17
(5,32),1,29
(5,34),1,60
(5,35),1,42
(5,39),1,82
(5,46),1,84
(5,52),1,74
(5,53),1,46
(5,54),1,51
(5,66),1,14
(5,68),1,44
(5,71),1,57
(5,77),1,6
(5,78),1,40
(5,83),1,69
(5,85),1,14
(5,88),1,56
(5,90),1,73
(5,94),1,55
(5,95),1,73
(5,96),1,70
(5,100),1,2
(5,101),1,74
(5,112),1,10
(5,113),1,19
(5,118),1,53
(5,120),1,55
(5,123),1,6
(5,126),1,2
(5,128),1,48
(5,130),1,60
(5,132),1,55
(5,134),1,86
(5,137),1,61
(5,142),1,79
(5,148),1,58
(5,151),1,68
(5,155),1,20
(5,162),1,13
(5,173),1,4
(5,174),1,86
(5,184),1,19
(6,15),1,81
(6,34),1,71
(6,87),1,29
(6,100),1,2
(6,134),1,38
(6,173),1,25
(7,15),1,70
(7,22),1,88
(7,34),1,13
(7,72),1,76
(7,93),1,71
(7,100),1,23
(7,101),1,73
(7,134),1,29
(7,173),1,55
(8,15),1,6
(8,31),1,8
(8,34),1,32
(8,77),1,30
(8,93),1,5
(8,100),1,70
(8,134),1,53
(8,173),1,12
(9,0),1,29
(9,6),1,75
(9,8),1,13
(9,13),1,0
(9,14),1,40
(9,15),1,21
(9,20),1,28
(9,22),1,20
(9,24),1,35
(9,25),1,27
(9,30),1,59
(9,31),1,81
(9,32),1,16
(9,34),1,5
(9,35),1,25
(9,38),1,9
(9,46),1,54
(9,53),1,63
(9,54),1,23
(9,57),1,1
(9,66),1,29
(9,68),1,74
(9,71),1,9
(9,72),1,72
(9,77),1,20
(9,79),1,57
(9,83),1,53
(9,85),1,49
(9,90),1,39
(9,93),1,61
(9,94),1,76
(9,95),1,52
(9,96),1,36
(9,100),1,62
(9,102),1,15
(9,112),1,85
(9,113),1,60
(9,120),1,63
(9,123),1,63
(9,126),1,10
(9,128),1,60
(9,130),1,74
(9,134),1,50
(9,142),1,10
(9,148),1,64
(9,151),1,50
(9,155),1,4
(9,159),1,77
(9,162),1,61
(9,166),1,3
(9,170),1,13
(9,173),1,5
(9,174),1,33
(9,181),1,30
(9,184),1,42
(10,6),1,67
(10,13),1,60
(10,14),1,83
(10,15),1,86
(10,20),1,48
(10,24),1,33
(10,25),1,70
(10,31),1,8
(10,32),1,25
(10,33),1,61
(10,34),1,11
(10,35),1,6
(10,46),1,68
(10,51),1,72
(10,53),1,81
(10,54),1,47
(10,57),1,3
(10,66),1,76
(10,68),1,3
(10,71),1,30
(10,72),1,61
(10,77),1,18
(10,78),1,85
(10,83),1,17
(10,85),1,75
(10,88),1,3
(10,90),1,34
(10,94),1,85
(10,95),1,16
(10,96),1,34
(10,100),1,10
(10,106),1,36
(10,108),1,26
(10,112),1,16
(10,113),1,28
(10,120),1,33
(10,123),1,49
(10,126),1,67
(10,128),1,67
(10,132),1,85
(10,134),1,59
(10,142),1,0
(10,147),1,79
(10,148),1,73
(10,151),1,60
(10,155),1,19
(10,159),1,13
(10,162),1,81
(10,170),1,76
(10,173),1,89
(10,174),1,74
(10,181),1,71
(10,184),1,8
(11,6),1,13
(11,7),1,61
(11,13),1,52
(11,14),1,87
(11,15),1,16
(11,24),1,33
(11,25),1,22
(11,32),1,57
(11,34),1,3
(11,35),1,22
(11,46),1,39
(11,53),1,41
(11,54),1,0
(11,57),1,43
(11,61),1,64
(11,66),1,22
(11,68),1,10
(11,71),1,26
(11,78),1,18
(11,83),1,33
(11,85),1,89
(11,87),1,43
(11,90),1,51
(11,91),1,38
(11,93),1,3
(11,94),1,65
(11,95),1,28
(11,96),1,79
(11,100),1,87
(11,102),1,26
(11,106),1,70
(11,112),1,25
(11,113),1,7
(11,120),1,89
(11,123),1,58
(11,126),1,61
(11,128),1,89
(11,130),1,18
(11,132),1,78
(11,134),1,80
(11,142),1,5
(11,148),1,43
(11,151),1,25
(11,155),1,89
(11,159),1,39
(11,162),1,81
(11,173),1,62
(11,174),1,45
(11,181),1,44
(11,184),1,12
(11,188),1,84
(12,15),1,70
(12,31),1,32
(12,34),1,30
(12,72),1,74
(12,100),1,67
(12,134),1,57
(12,173),1,76
(13,15),1,51
(13,34),1,28
(13,93),1,39
(13,100),1,84
(13,102),1,18
(13,134),1,47
(13,165),1,8
(13,173),1,20
(14,15),1,20
(14,34),1,14
(14,72),1,23
(14,77),1,21
(14,93),1,22
(14,100),1,32
(14,134),1,52
(14,173),1,19
(16,8),1,40
(16,11),1,89
(16,15),1,68
(16,31),1,23
(16,34),1,4
(16,77),1,4
(16,100),1,20
(16,134),1,57
(16,173),1,76
(17,14),1,47
(17,46),1,31
(17,71),1,24
(17,90),1,51
(17,155),1,3
(18,15),1,87
(18,22),1,88
(18,31),1,25
(18,34),1,48
(18,72),1,60
(18,100),1,80
(18,134),1,36
(18,173),1,21
(19,14),1,61
(19,46),1,47
(19,71),1,4
(19,88),1,13
(19,90),1,41
(19,155),1,11
(19,159),1,37
(19,188),1,52
(20,14),1,2
(20,46),1,75
(20,71),1,69
(20,90),1,45
(20,155),1,7
(20,186),1,6
(21,15),1,32
(21,34),1,38
(21,77),1,13
(21,100),1,16
(21,134),1,34
(21,173),1,89
(22,15),1,20
(22,31),1,29
(22,34),1,17
(22,72),1,64
(22,93),1,34
(22,100),1,26
(22,134),1,73
(22,173),1,6
(23,15),1,0
(23,31),1,80
(23,34),1,66
(23,93),1,58
(23,100),1,28
(23,134),1,82
(23,173),1,57
(24,1),1,67
(24,6),1,16
(24,13),1,24
(24,14),1,89
(24,15),1,11
(24,17),1,22
(24,20),1,6
(24,25),1,88
(24,30),1,10
(24,31),1,27
(24,32),1,72
(24,35),1,58
(24,38),1,14
(24,46),1,21
(24,53),1,45
(24,54),1,57
(24,56),1,81
(24,57),1,35
(24,58),1,81
(24,66),1,26
(24,68),1,68
(24,71),1,69
(24,83),1,67
(24,85),1,66
(24,88),1,52
(24,89),1,80
(24,90),1,13
(24,94),1,30
(24,95),1,81
(24,96),1,60
(24,100),1,30
(24,112),1,54
(24,113),1,78
(24,118),1,5
(24,120),1,70
(24,123),1,45
(24,126),1,20
(24,128),1,72
(24,130),1,10
(24,132),1,10
(24,134),1,89
(24,142),1,79
(24,148),1,25
(24,151),1,37
(24,155),1,28
(24,162),1,10
(24,170),1,54
(24,171),1,63
(24,173),1,51
(24,174),1,15
(24,176),1,60
(24,181),1,26
(24,184),1,0
(24,187),1,56
(25,15),1,52
(25,31),1,72
(25,77),1,62
(25,93),1,68
(25,100),1,2
(25,134),1,11
(25,173),1,71
(25,186),1,64
(26,15),1,56
(26,22),1,6
(26,34),1,83
(26,100),1,13
(26,134),1,38
(26,137),1,11
(26,173),1,20
(27,6),1,34
(27,11),1,11
(27,13),1,24
(27,14),1,16
(27,15),1,41
(27,22),1,26
(27,24),1,52
(27,25),1,24
(27,26),1,45
(27,30),1,84
(27,31),1,77
(27,32),1,89
(27,34),1,29
(27,35),1,56
(27,37),1,70
(27,42),1,29
(27,46),1,60
(27,51),1,10
(27,53),1,9
(27,54),1,58
(27,56),1,50
(27,57),1,34
(27,66),1,40
(27,68),1,82
(27,71),1,37
(27,77),1,23
(27,78),1,79
(27,83),1,17
(27,85),1,48
(27,90),1,41
(27,91),1,4
(27,93),1,88
(27,94),1,27
(27,95),1,88
(27,96),1,19
(27,100),1,1
(27,108),1,70
(27,112),1,19
(27,113),1,73
(27,120),1,55
(27,123),1,13
(27,126),1,69
(27,128),1,86
(27,134),1,32
(27,142),1,53
(27,147),1,68
(27,148),1,42
(27,151),1,34
(27,155),1,24
(27,162),1,8
(27,173),1,39
(27,174),1,84
(27,181),1,8
(27,184),1,57
(27,187),1,36
(27,189),1,81
(28,4),1,37
(28,6),1,86
(28,13),1,25
(28,14),1,10
(28,15),1,83
(28,20),1,71
(28,25),1,77
(28,30),1,44
(28,32),1,39
(28,35),1,10
(28,40),1,84
(28,46),1,62
(28,51),1,79
(28,53),1,77
(28,54),1,37
(28,66),1,55
(28,68),1,65
(28,71),1,44
(28,79),1,24
(28,83),1,5
(28,85),1,59
(28,90),1,62
(28,93),1,55
(28,94),1,89
(28,95),1,68
(28,96),1,44
(28,100),1,23
(28,104),1,6
(28,106),1,0
(28,112),1,50
(28,113),1,12
(28,120),1,77
(28,123),1,70
(28,126),1,80
(28,128),1,64
(28,130),1,55
(28,132),1,19
(28,134),1,39
(28,142),1,41
(28,148),1,74
(28,151),1,41
(28,155),1,34
(28,162),1,2
(28,173),1,39
(28,174),1,89
(28,181),1,89
(28,184),1,15
(29,6),1,29
(29,13),1,4
(29,14),1,17
(29,15),1,52
(29,20),1,39
(29,22),1,22
(29,25),1,33
(29,32),1,2
(29,33),1,61
(29,34),1,32
(29,35),1,87
(29,39),1,67
(29,46),1,34
(29,51),1,15
(29,53),1,44
(29,54),1,53
(29,57),1,71
(29,66),1,20
(29,68),1,7
(29,71),1,25
(29,83),1,32
(29,85),1,11
(29,90),1,47
(29,91),1,27
(29,93),1,32
(29,94),1,40
(29,95),1,83
(29,96),1,45
(29,100),1,52
(29,105),1,41
(29,108),1,19
(29,112),1,45
(29,113),1,33
(29,114),1,11
(29,116),1,55
(29,120),1,53
(29,123),1,66
(29,126),1,68
(29,128),1,78
(29,132),1,46
(29,134),1,71
(29,142),1,88
(29,148),1,83
(29,151),1,34
(29,155),1,12
(29,159),1,28
(29,162),1,8
(29,173),1,67
(29,174),1,30
(29,181),1,5
(29,184),1,6
(30,15),1,62
(30,22),1,38
(30,34),1,50
(30,77),1,3
(30,93),1,11
(30,100),1,9
(30,134),1,29
(31,14),1,29
(31,46),1,40
(31,71),1,32
(31,90),1,82
(31,155),1,1
(32,15),1,65
(32,22),1,39
(32,34),1,35
(32,100),1,31
(32,134),1,54
(32,173),1,45
(32,186),1,70
(33,15),1,60
(33,22),1,63
(33,31),1,29
(33,93),1,51
(33,100),1,89
(33,134),1,77
(33,173),1,74
(35,8),1,5
(35,15),1,85
(35,34),1,65
(35,77),1,73
(35,87),1,21
(35,93),1,29
(35,100),1,31
(35,134),1,58
(35,173),1,61
(36,1),1,34
(36,6),1,63
(36,13),1,89
(36,14),1,72
(36,15),1,29
(36,20),1,21
(36,24),1,86
(36,25),1,78
(36,30),1,86
(36,31),1,50
(36,32),1,77
(36,35),1,33
(36,38),1,65
(36,46),1,44
(36,51),1,59
(36,53),1,54
(36,54),1,5
(36,57),1,40
(36,66),1,77
(36,68),1,31
(36,71),1,11
(36,78),1,48
(36,79),1,63
(36,83),1,9
(36,85),1,34
(36,90),1,42
(36,94),1,88
(36,95),1,26
(36,96),1,24
(36,100),1,56
(36,112),1,74
(36,113),1,1
(36,115),1,83
(36,120),1,45
(36,123),1,4
(36,126),1,48
(36,127),1,87
(36,128),1,82
(36,132),1,20
(36,134),1,10
(36,142),1,42
(36,145),1,56
(36,148),1,5
(36,155),1,81
(36,159),1,23
(36,160),1,70
(36,162),1,34
(36,173),1,84
(36,174),1,18
(36,181),1,76
(36,184),1,63
(36,187),1,39
(36,188),1,42
(37,1),1,8
(37,6),1,24
(37,13),1,6
(37,14),1,12
(37,15),1,7
(37,20),1,36
(37,22),1,79
(37,25),1,81
(37,30),1,78
(37,31),1,1
(37,32),1,89
(37,34),1,11
(37,35),1,73
(37,39),1,12
(37,42),1,1
(37,46),1,78
(37,51),1,35
(37,53),1,85
(37,54),1,80
(37,56),1,73
(37,57),1,59
(37,66),1,27
(37,68),1,45
(37,71),1,4
(37,73),1,86
(37,77),1,6
(37,78),1,70
(37,79),1,44
(37,83),1,52
(37,85),1,85
(37,87),1,76
(37,90),1,15
(37,91),1,7
(37,94),1,88
(37,95),1,20
(37,96),1,78
(37,100),1,45
(37,106),1,69
(37,107),1,85
(37,108),1,9
(37,112),1,50
(37,113),1,14
(37,120),1,50
(37,123),1,29
(37,126),1,11
(37,128),1,84
(37,130),1,83
(37,134),1,80
(37,142),1,65
(37,148),1,6
(37,151),1,69
(37,155),1,55
(37,161),1,39
(37,162),1,56
(37,173),1,18
(37,174),1,77
(37,181),1,7
(37,184),1,78
(38,15),1,79
(38,22),1,67
(38,26),1,4
(38,31),1,55
(38,34),1,29
(38,93),1,87
(38,100),1,72
(38,129),1,36
(38,134),1,15
(38,173),1,46
(39,15),1,33
(39,31),1,44
(39,93),1,39
(39,100),1,21
(39,134),1,84
(39,173),1,87
(40,6),1,83
(40,8),1,68
(40,13),1,1
(40,14),1,49
(40,15),1,21
(40,24),1,87
(40,25),1,5
(40,30),1,69
(40,32),1,54
(40,35),1,22
(40,36),1,23
(40,38),1,38
(40,46),1,32
(40,53),1,0
(40,54),1,84
(40,56),1,68
(40,57),1,87
(40,58),1,53
(40,66),1,12
(40,68),1,16
(40,71),1,82
(40,77),1,42
(40,83),1,89
(40,85),1,40
(40,90),1,60
(40,93),1,61
(40,94),1,37
(40,95),1,83
(40,96),1,87
(40,100),1,56
(40,108),1,14
(40,112),1,50
(40,113),1,34
(40,120),1,59
(40,123),1,77
(40,126),1,63
(40,127),1,38
(40,128),1,57
(40,130),1,38
(40,132),1,15
(40,134),1,40
(40,142),1,46
(40,148),1,65
(40,151),1,84
(40,155),1,54
(40,162),1,36
(40,170),1,58
(40,173),1,31
(40,174),1,6
(40,181),1,62
(40,184),1,77
(41,15),1,3
(41,31),1,24
(41,34),1,39
(41,77),1,53
(41,93),1,54
(41,100),1,42
(41,134),1,52
(41,173),1,75
(42,14),1,84
(42,24),1,17
(42,46),1,39
(42,71),1,23
(42,90),1,81
(42,155),1,20
(43,1),1,10
(43,4),1,52
(43,6),1,6
(43,8),1,52
(43,13),1,47
(43,14),1,79
(43,15),1,82
(43,25),1,4
(43,30),1,70
(43,31),1,28
(43,32),1,89
(43,34),1,53
(43,35),1,57
(43,46),1,43
(43,51),1,32
(43,53),1,53
(43,54),1,88
(43,57),1,86
(43,58),1,14
(43,61),1,13
(43,66),1,41
(43,68),1,21
(43,71),1,6
(43,72),1,0
(43,74),1,17
(43,79),1,0
(43,83),1,36
(43,85),1,17
(43,87),1,15
(43,90),1,84
(43,91),1,65
(43,93),1,13
(43,94),1,68
(43,95),1,5
(43,96),1,22
(43,100),1,33
(43,108),1,87
(43,111),1,5
(43,112),1,68
(43,113),1,71
(43,120),1,41
(43,123),1,37
(43,126),1,58
(43,128),1,19
(43,130),1,85
(43,132),1,88
(43,134),1,20
(43,142),1,87
(43,148),1,23
(43,151),1,67
(43,155),1,0
(43,159),1,85
(43,162),1,18
(43,170),1,4
(43,171),1,64
(43,173),1,50
(43,174),1,79
(43,179),1,63
(43,181),1,11
(43,184),1,2
(44,6),1,60
(44,8),1,20
(44,13),1,18
(44,14),1,0
(44,15),1,15
(44,20),1,41
(44,24),1,43
(44,25),1,7
(44,31),1,51
(44,32),1,66
(44,34),1,89
(44,35),1,22
(44,46),1,89
(44,53),1,15
(44,54),1,9
(44,56),1,17
(44,58),1,78
(44,66),1,40
(44,68),1,4
(44,71),1,24
(44,77),1,60
(44,79),1,13
(44,83),1,1
(44,85),1,76
(44,90),1,59
(44,93),1,86
(44,94),1,47
(44,95),1,69
(44,96),1,31
(44,100),1,3
(44,112),1,20
(44,113),1,86
(44,118),1,78
(44,120),1,86
(44,123),1,73
(44,126),1,53
(44,128),1,77
(44,130),1,24
(44,132),1,80
(44,134),1,72
(44,142),1,58
(44,148),1,9
(44,155),1,27
(44,162),1,8
(44,170),1,2
(44,173),1,10
(44,184),1,23
(45,6),1,58
(45,13),1,16
(45,14),1,20
(45,15),1,39
(45,22),1,66
(45,25),1,74
(45,30),1,55
(45,32),1,47
(45,34),1,33
(45,35),1,84
(45,38),1,22
(45,46),1,26
(45,53),1,41
(45,54),1,12
(45,57),1,11
(45,66),1,39
(45,68),1,19
(45,71),1,9
(45,78),1,55
(45,83),1,60
(45,85),1,87
(45,90),1,82
(45,91),1,29
(45,94),1,4
(45,95),1,69
(45,96),1,27
(45,100),1,84
(45,106),1,24
(45,109),1,87
(45,112),1,68
(45,113),1,79
(45,120),1,44
(45,123),1,49
(45,126),1,42
(45,128),1,28
(45,130),1,18
(45,134),1,32
(45,142),1,85
(45,148),1,62
(45,155),1,26
(45,159),1,51
(45,160),1,15
(45,162),1,17
(45,173),1,53
(45,174),1,3
(45,181),1,36
(45,184),1,35
(45,187),1,16
(46,15),1,37
(46,34),1,2
(46,93),1,4
(46,100),1,58
(46,134),1,65
(46,173),1,57
(47,15),1,46
(47,22),1,34
(47,34),1,88
(47,77),1,53
(47,100),1,69
(47,134),1,22
(47,144),1,26
(47,173),1,78
(47,186),1,18
(48,6),1,56
(48,13),1,31
(48,14),1,1
(48,15),1,20
(48,20),1,84
(48,22),1,51
(48,25),1,71
(48,30),1,79
(48,32),1,74
(48,34),1,17
(48,38),1,89
(48,46),1,74
(48,53),1,59
(48,54),1,2
(48,56),1,48
(48,66),1,44
(48,68),1,24
(48,71),1,64
(48,74),1,65
(48,77),1,24
(48,79),1,6
(48,83),1,28
(48,85),1,86
(48,90),1,19
(48,91),1,17
(48,94),1,38
(48,95),1,37
(48,96),1,76
(48,100),1,0
(48,106),1,13
(48,112),1,20
(48,113),1,37
(48,118),1,38
(48,120),1,17
(48,123),1,77
(48,126),1,52
(48,128),1,31
(48,130),1,52
(48,132),1,66
(48,134),1,34
(48,142),1,14
(48,148),1,23
(48,151),1,81
(48,155),1,53
(48,162),1,84
(48,173),1,12
(48,174),1,7
(48,180),1,43
(48,184),1,42
(48,186),1,40
(49,4),1,45
(49,6),1,53
(49,13),1,48
(49,14),1,34
(49,15),1,1
(49,20),1,13
(49,25),1,14
(49,30),1,82
(49,32),1,31
(49,34),1,77
(49,38),1,69
(49,46),1,64
(49,51),1,2
(49,53),1,3
(49,54),1,83
(49,57),1,45
(49,61),1,32
(49,66),1,34
(49,68),1,41
(49,71),1,16
(49,73),1,59
(49,83),1,40
(49,85),1,54
(49,90),1,46
(49,94),1,29
(49,95),1,30
(49,96),1,69
(49,100),1,74
(49,101),1,55
(49,107),1,6
(49,112),1,48
(49,113),1,64
(49,118),1,4
(49,120),1,52
(49,123),1,2
(49,126),1,70
(49,128),1,11
(49,132),1,66
(49,134),1,15
(49,142),1,85
(49,147),1,9
(49,148),1,15
(49,151),1,41
(49,155),1,60
(49,159),1,61
(49,162),1,72
(49,170),1,28
(49,171),1,17
(49,174),1,71
(49,184),1,26
(50,6),1,81
(50,13),1,26
(50,14),1,73
(50,15),1,51
(50,20),1,34
(50,22),1,63
(50,25),1,58
(50,31),1,43
(50,32),1,45
(50,34),1,49
(50,35),1,10
(50,38),1,42
(50,39),1,85
(50,42),1,3
(50,46),1,3
(50,53),1,7
(50,54),1,53
(50,56),1,45
(50,57),1,29
(50,61),1,65
(50,66),1,10
(50,68),1,61
(50,71),1,18
(50,78),1,80
(50,83),1,80
(50,85),1,59
(50,90),1,42
(50,91),1,53
(50,94),1,31
(50,95),1,45
(50,96),1,61
(50,100),1,34
(50,108),1,4
(50,112),1,46
(50,113),1,64
(50,120),1,83
(50,123),1,40
(50,126),1,72
(50,128),1,72
(50,132),1,80
(50,134),1,44
(50,142),1,66
(50,147),1,64
(50,148),1,22
(50,151),1,24
(50,155),1,64
(50,159),1,40
(50,162),1,48
(50,173),1,25
(50,174),1,37
(50,181),1,53
(50,184),1,6
(51,15),1,71
(51,31),1,82
(51,72),1,52
(51,93),1,37
(51,100),1,22
(51,101),1,53
(51,134),1,41
(51,173),1,53
(53,15),1,25
(53,34),1,75
(53,93),1,35
(53,100),1,82
(53,134),1,11
(53,173),1,60
(54,14),1,51
(54,46),1,22
(54,71),1,81
(54,90),1,41
(54,155),1,50
(54,159),1,68
(55,15),1,25
(55,34),1,13
(55,77),1,89
(55,93),1,81
(55,100),1,33
(55,134),1,68
(55,173),1,51
(56,15),1,19
(56,31),1,3
(56,34),1,59
(56,93),1,16
(56,100),1,19
(56,134),1,39
(56,173),1,60
(57,14),1,56
(57,24),1,5
(57,46),1,26
(57,71),1,63
(57,90),1,76
(57,155),1,58
(58,15),1,79
(58,34),1,69
(58,72),1,18
(58,93),1,76
(58,100),1,20
(58,134),1,16
(59,0),1,0
(59,6),1,83
(59,13),1,54
(59,14),1,51
(59,15),1,30
(59,20),1,84
(59,22),1,79
(59,25),1,3
(59,26),1,83
(59,30),1,60
(59,31),1,0
(59,32),1,82
(59,46),1,34
(59,51),1,34
(59,53),1,15
(59,54),1,65
(59,61),1,5
(59,66),1,47
(59,68),1,8
(59,71),1,15
(59,83),1,80
(59,84),1,13
(59,85),1,64
(59,88),1,14
(59,90),1,44
(59,91),1,22
(59,93),1,37
(59,94),1,20
(59,95),1,72
(59,96),1,42
(59,100),1,52
(59,105),1,78
(59,106),1,14
(59,108),1,14
(59,112),1,62
(59,113),1,61
(59,114),1,47
(59,120),1,77
(59,123),1,74
(59,126),1,12
(59,128),1,2
(59,132),1,31
(59,134),1,73
(59,142),1,49
(59,147),1,36
(59,148),1,53
(59,151),1,66
(59,155),1,86
(59,160),1,29
(59,162),1,45
(59,170),1,63
(59,173),1,18
(59,174),1,1
(59,181),1,73
(59,184),1,85
(60,4),1,89
(60,6),1,54
(60,13),1,46
(60,14),1,81
(60,15),1,64
(60,20),1,42
(60,24),1,34
(60,25),1,46
(60,30),1,26
(60,31),1,49
(60,32),1,78
(60,46),1,52
(60,53),1,69
(60,54),1,46
(60,57),1,15
(60,66),1,59
(60,68),1,82
(60,71),1,17
(60,73),1,51
(60,77),1,30
(60,79),1,42
(60,83),1,18
(60,85),1,44
(60,90),1,3
(60,93),1,53
(60,94),1,54
(60,95),1,5
(60,96),1,15
(60,100),1,13
(60,101),1,11
(60,106),1,65
(60,108),1,58
(60,109),1,47
(60,112),1,55
(60,113),1,51
(60,120),1,81
(60,123),1,24
(60,126),1,60
(60,128),1,44
(60,130),1,45
(60,132),1,81
(60,134),1,4
(60,142),1,44
(60,147),1,71
(60,148),1,38
(60,151),1,16
(60,155),1,35
(60,159),1,2
(60,162),1,14
(60,173),1,39
(60,174),1,15
(60,181),1,60
(60,182),1,20
(60,184),1,87
(60,187),1,86
(61,15),1,26
(61,22),1,84
(61,34),1,83
(61,93),1,58
(61,100),1,21
(61,134),1,16
(61,173),1,12
(62,15),1,41
(62,72),1,75
(62,77),1,9
(62,100),1,33
(62,134),1,82
(62,173),1,47
(63,1),1,87
(63,4),1,8
(63,6),1,6
(63,7),1,9
(63,13),1,26
(63,14),1,81
(63,15),1,28
(63,20),1,8
(63,24),1,44
(63,25),1,88
(63,26),1,17
(63,30),1,89
(63,31),1,40
(63,32),1,17
(63,34),1,31
(63,35),1,28
(63,46),1,10
(63,53),1,81
(63,54),1,75
(63,57),1,9
(63,66),1,56
(63,67),1,88
(63,68),1,50
(63,71),1,48
(63,79),1,64
(63,83),1,62
(63,85),1,43
(63,90),1,11
(63,91),1,12
(63,93),1,60
(63,94),1,81
(63,95),1,34
(63,96),1,80
(63,100),1,3
(63,106),1,73
(63,112),1,17
(63,113),1,53
(63,120),1,66
(63,123),1,51
(63,126),1,67
(63,127),1,69
(63,128),1,83
(63,130),1,76
(63,132),1,36
(63,134),1,47
(63,142),1,54
(63,148),1,2
(63,151),1,48
(63,155),1,35
(63,162),1,54
(63,165),1,74
(63,170),1,85
(63,174),1,59
(63,181),1,27
(63,184),1,11
(64,6),1,44
(64,11),1,87
(64,13),1,28
(64,14),1,13
(64,15),1,87
(64,20),1,53
(64,25),1,14
(64,26),1,81
(64,30),1,25
(64,32),1,19
(64,34),1,20
(64,35),1,75
(64,42),1,27
(64,46),1,46
(64,52),1,34
(64,53),1,33
(64,54),1,10
(64,61),1,72
(64,66),1,77
(64,68),1,46
(64,71),1,63
(64,77),1,51
(64,83),1,1
(64,85),1,4
(64,90),1,71
(64,91),1,81
(64,93),1,6
(64,94),1,27
(64,95),1,0
(64,96),1,44
(64,100),1,40
(64,105),1,88
(64,108),1,80
(64,109),1,10
(64,112),1,5
(64,113),1,24
(64,120),1,83
(64,123),1,82
(64,126),1,10
(64,128),1,67
(64,132),1,17
(64,134),1,82
(64,142),1,70
(64,148),1,88
(64,151),1,60
(64,155),1,86
(64,159),1,53
(64,162),1,51
(64,173),1,51
(64,174),1,32
(64,181),1,1
(64,184),1,73
(64,188),1,48
(65,14),1,53
(65,24),1,88
(65,46),1,4
(65,71),1,70
(65,90),1,13
(65,155),1,42
(66,8),1,80
(66,15),1,75
(66,31),1,46
(66,34),1,85
(66,93),1,21
(66,100),1,80
(66,134),1,55
(67,8),1,68
(67,11),1,71
(67,15),1,65
(67,26),1,43
(67,37),1,52
(67,93),1,45
(67,100),1,43
(67,134),1,56
(67,173),1,81
(68,15),1,39
(68,31),1,87
(68,34),1,2
(68,37),1,67
(68,100),1,40
(68,134),1,50
(68,173),1,9
(69,14),1,57
(69,24),1,72
(69,46),1,39
(69,71),1,25
(69,90),1,21
(69,155),1,1
(69,159),1,60
(71,15),1,69
(71,22),1,30
(71,34),1,74
(71,77),1,76
(71,93),1,69
(71,100),1,45
(71,134),1,30
(71,173),1,62
(72,15),1,12
(72,26),1,75
(72,34),1,16
(72,77),1,86
(72,87),1,35
(72,93),1,7
(72,100),1,38
(72,134),1,34
(72,173),1,75
(73,15),1,71
(73,22),1,18
(73,31),1,26
(73,72),1,80
(73,100),1,24
(73,134),1,23
(73,173),1,2
(73,186),1,24
(74,4),1,77
(74,6),1,67
(74,13),1,65
(74,14),1,0
(74,15),1,75
(74,20),1,44
(74,24),1,65
(74,25),1,34
(74,30),1,38
(74,32),1,44
(74,34),1,52
(74,35),1,18
(74,46),1,63
(74,51),1,14
(74,53),1,5
(74,54),1,5
(74,57),1,29
(74,66),1,80
(74,68),1,54
(74,71),1,59
(74,83),1,42
(74,84),1,44
(74,85),1,31
(74,87),1,31
(74,90),1,87
(74,91),1,12
(74,93),1,80
(74,94),1,62
(74,95),1,11
(74,96),1,28
(74,100),1,4
(74,106),1,21
(74,108),1,76
(74,112),1,31
(74,113),1,65
(74,118),1,36
(74,120),1,2
(74,123),1,40
(74,126),1,63
(74,128),1,35
(74,130),1,59
(74,134),1,69
(74,142),1,79
(74,148),1,9
(74,151),1,10
(74,155),1,53
(74,162),1,57
(74,173),1,53
(74,174),1,16
(74,181),1,26
(74,184),1,39
(74,187),1,15
(75,15),1,81
(75,34),1,77
(75,93),1,25
(75,100),1,87
(75,134),1,87
(75,173),1,73
(76,1),1,55
(76,4),1,68
(76,6),1,38
(76,13),1,61
(76,14),1,68
(76,15),1,27
(76,20),1,4
(76,25),1,7
(76,30),1,62
(76,31),1,53
(76,32),1,19
(76,34),1,61
(76,35),1,36
(76,38),1,20
(76,46),1,17
(76,53),1,37
(76,54),1,54
(76,57),1,87
(76,66),1,20
(76,68),1,78
(76,71),1,36
(76,79),1,3
(76,83),1,0
(76,85),1,79
(76,90),1,31
(76,91),1,5
(76,94),1,0
(76,95),1,81
(76,96),1,39
(76,100),1,10
(76,105),1,37
(76,112),1,32
(76,113),1,64
(76,118),1,82
(76,120),1,10
(76,123),1,45
(76,126),1,20
(76,128),1,37
(76,130),1,62
(76,132),1,89
(76,134),1,34
(76,142),1,80
(76,148),1,44
(76,151),1,3
(76,155),1,42
(76,162),1,14
(76,171),1,78
(76,173),1,47
(76,176),1,73
(76,181),1,86
(76,184),1,37
(77,14),1,34
(77,24),1,11
(77,46),1,61
(77,71),1,70
(77,88),1,39
(77,90),1,52
(77,155),1,46
(78,6),1,32
(78,13),1,51
(78,14),1,52
(78,15),1,32
(78,20),1,60
(78,22),1,75
(78,25),1,66
(78,26),1,86
(78,30),1,74
(78,31),1,28
(78,32),1,6
(78,34),1,79
(78,35),1,70
(78,46),1,38
(78,53),1,27
(78,54),1,80
(78,57),1,26
(78,61),1,28
(78,66),1,15
(78,68),1,58
(78,71),1,81
(78,79),1,4
(78,83),1,24
(78,85),1,47
(78,90),1,25
(78,91),1,40
(78,93),1,21
(78,94),1,46
(78,95),1,81
(78,96),1,31
(78,100),1,22
(78,108),1,45
(78,111),1,3
(78,112),1,52
(78,113),1,72
(78,118),1,60
(78,120),1,49
(78,123),1,32
(78,126),1,41
(78,127),1,73
(78,128),1,41
(78,130),1,21
(78,132),1,61
(78,134),1,15
(78,142),1,58
(78,148),1,26
(78,151),1,31
(78,155),1,59
(78,162),1,13
(78,170),1,14
(78,171),1,42
(78,173),1,64
(78,174),1,61
(78,180),1,65
(78,181),1,71
(78,184),1,88
(78,188),1,63
(79,15),1,18
(79,22),1,82
(79,34),1,76
(79,93),1,39
(79,100),1,76
(79,134),1,70
(79,173),1,17
(80,1),1,10
(80,4),1,16
(80,6),1,38
(80,13),1,43
(80,14),1,20
(80,15),1,8
(80,20),1,19
(80,24),1,23
(80,25),1,24
(80,30),1,63
(80,32),1,24
(80,35),1,30
(80,38),1,38
(80,40),1,2
(80,46),1,77
(80,53),1,31
(80,54),1,9
(80,57),1,81
(80,58),1,36
(80,66),1,81
(80,68),1,14
(80,71),1,24
(80,72),1,5
(80,73),1,3
(80,77),1,85
(80,79),1,85
(80,83),1,79
(80,85),1,2
(80,88),1,72
(80,90),1,26
(80,93),1,2
(80,94),1,9
(80,95),1,85
(80,96),1,86
(80,100),1,28
(80,106),1,40
(80,108),1,57
(80,111),1,62
(80,112),1,77
(80,113),1,36
(80,118),1,53
(80,120),1,18
(80,123),1,72
(80,126),1,67
(80,127),1,65
(80,128),1,34
(80,132),1,66
(80,134),1,47
(80,142),1,33
(80,148),1,25
(80,151),1,35
(80,155),1,23
(80,162),1,61
(80,170),1,9
(80,171),1,47
(80,173),1,6
(80,184),1,75
(81,12),1,59
(81,15),1,70
(81,34),1,54
(81,77),1,78
(81,93),1,72
(81,100),1,33
(81,134),1,40
(81,173),1,52
(82,6),1,18
(82,8),1,74
(82,13),1,67
(82,14),1,78
(82,15),1,88
(82,22),1,57
(82,24),1,72
(82,25),1,56
(82,26),1,21
(82,28),1,4
(82,30),1,83
(82,32),1,48
(82,34),1,56
(82,35),1,31
(82,46),1,74
(82,53),1,79
(82,54),1,21
(82,57),1,36
(82,66),1,81
(82,68),1,6
(82,71),1,20
(82,77),1,38
(82,78),1,48
(82,83),1,68
(82,85),1,57
(82,90),1,61
(82,91),1,21
(82,93),1,37
(82,94),1,44
(82,95),1,16
(82,96),1,74
(82,100),1,45
(82,105),1,28
(82,112),1,89
(82,113),1,5
(82,118),1,34
(82,120),1,36
(82,123),1,78
(82,126),1,59
(82,128),1,2
(82,130),1,78
(82,132),1,72
(82,134),1,60
(82,142),1,70
(82,148),1,35
(82,151),1,42
(82,155),1,16
(82,162),1,46
(82,170),1,17
(82,173),1,30
(82,174),1,7
(82,181),1,17
(82,184),1,41
(83,14),1,63
(83,24),1,89
(83,46),1,1
(83,71),1,17
(83,90),1,72
(83,155),1,31
(83,159),1,83
(84,1),1,63
(84,6),1,2
(84,13),1,7
(84,14),1,4
(84,15),1,29
(84,20),1,50
(84,22),1,68
(84,25),1,16
(84,26),1,81
(84,30),1,37
(84,32),1,32
(84,35),1,59
(84,46),1,30
(84,51),1,84
(84,52),1,30
(84,53),1,15
(84,54),1,2
(84,57),1,10
(84,66),1,30
(84,68),1,87
(84,71),1,62
(84,83),1,84
(84,85),1,55
(84,88),1,86
(84,90),1,1
(84,91),1,3
(84,94),1,12
(84,95),1,4
(84,96),1,75
(84,100),1,80
(84,106),1,52
(84,112),1,77
(84,113),1,28
(84,120),1,22
(84,123),1,81
(84,126),1,51
(84,128),1,86
(84,130),1,53
(84,132),1,53
(84,134),1,85
(84,142),1,27
(84,148),1,56
(84,151),1,82
(84,155),1,59
(84,159),1,74
(84,162),1,44
(84,173),1,60
(84,174),1,71
(84,181),1,22
(84,184),1,2
(85,14),1,1
(85,46),1,85
(85,71),1,44
(85,88),1,70
(85,90),1,57
(85,155),1,74
(85,159),1,73
(86,14),1,9
(86,46),1,28
(86,71),1,72
(86,90),1,10
(86,155),1,83
(87,15),1,28
(87,34),1,4
(87,77),1,21
(87,93),1,50
(87,100),1,71
(87,134),1,33
(87,173),1,49
(88,14),1,17
(88,19),1,0
(88,24),1,48
(88,46),1,80
(88,71),1,53
(88,90),1,60
(88,155),1,56
(88,159),1,6
(89,1),1,23
(89,6),1,74
(89,13),1,38
(89,14),1,64
(89,15),1,10
(89,20),1,56
(89,22),1,0
(89,25),1,61
(89,30),1,69
(89,31),1,2
(89,32),1,86
(89,34),1,57
(89,35),1,36
(89,46),1,8
(89,53),1,60
(89,54),1,66
(89,57),1,76
(89,58),1,88
(89,66),1,16
(89,68),1,15
(89,71),1,53
(89,83),1,38
(89,85),1,0
(89,88),1,83
(89,90),1,73
(89,93),1,89
(89,94),1,32
(89,95),1,74
(89,96),1,36
(89,100),1,9
(89,112),1,34
(89,113),1,3
(89,114),1,83
(89,120),1,52
(89,123),1,67
(89,126),1,86
(89,127),1,72
(89,128),1,48
(89,130),1,50
(89,134),1,39
(89,142),1,38
(89,148),1,47
(89,151),1,87
(89,155),1,53
(89,159),1,59
(89,162),1,27
(89,173),1,45
(89,174),1,59
(89,181),1,21
(89,184),1,47
(89,187),1,38
(90,3),1,15
(90,15),1,13
(90,100),1,34
(90,134),1,68
(90,137),1,35
(90,173),1,30
(91,14),1,5
(91,46),1,47
(91,71),1,66
(91,90),1,82
(91,155),1,82
(91,159),1,3
(92,14),1,8
(92,46),1,87
(92,71),1,3
(92,90),1,12
(92,155),1,29
(93,6),1,0
(93,13),1,11
(93,14),1,56
(93,15),1,49
(93,20),1,38
(93,24),1,25
(93,25),1,25
(93,30),1,8
(93,31),1,77
(93,32),1,80
(93,35),1,9
(93,38),1,62
(93,46),1,33
(93,51),1,49
(93,52),1,75
(93,53),1,22
(93,54),1,84
(93,57),1,62
(93,61),1,61
(93,66),1,60
(93,68),1,44
(93,71),1,43
(93,83),1,38
(93,85),1,42
(93,88),1,66
(93,90),1,46
(93,91),1,36
(93,94),1,8
(93,95),1,31
(93,96),1,71
(93,100),1,39
(93,108),1,0
(93,112),1,40
(93,113),1,4
(93,120),1,58
(93,123),1,20
(93,126),1,69
(93,128),1,15
(93,130),1,89
(93,132),1,22
(93,134),1,42
(93,142),1,11
(93,148),1,13
(93,151),1,88
(93,155),1,37
(93,159),1,10
(93,162),1,65
(93,171),1,59
(93,173),1,89
(93,174),1,49
(93,180),1,18
(93,182),1,45
(93,184),1,5
(94,15),1,4
(94,93),1,1
(94,100),1,14
(94,134),1,48
(94,173),1,72
(95,15),1,65
(95,31),1,37
(95,34),1,75
(95,93),1,22
(95,100),1,45
(95,102),1,51
(95,134),1,12
(95,173),1,17
(96,7),1,8
(96,15),1,8
(96,22),1,48
(96,31),1,8
(96,34),1,31
(96,87),1,71
(96,93),1,46
(96,100),1,35
(96,134),1,9
(96,173),1,33
(97,6),1,60
(97,13),1,28
(97,14),1,16
(97,15),1,85
(97,22),1,26
(97,24),1,16
(97,25),1,51
(97,26),1,26
(97,30),1,36
(97,31),1,50
(97,32),1,68
(97,34),1,64
(97,35),1,9
(97,46),1,76
(97,51),1,88
(97,53),1,78
(97,54),1,82
(97,66),1,14
(97,68),1,27
(97,69),1,7
(97,71),1,87
(97,79),1,82
(97,83),1,81
(97,84),1,46
(97,85),1,52
(97,90),1,30
(97,91),1,23
(97,93),1,85
(97,94),1,0
(97,95),1,31
(97,96),1,28
(97,100),1,24
(97,106),1,11
(97,112),1,83
(97,113),1,1
(97,114),1,58
(97,118),1,18
(97,120),1,78
(97,123),1,14
(97,126),1,9
(97,128),1,26
(97,132),1,55
(97,134),1,9
(97,142),1,63
(97,148),1,87
(97,155),1,20
(97,159),1,74
(97,162),1,85
(97,170),1,27
(97,173),1,61
(97,174),1,29
(97,180),1,67
(97,184),1,35
(98,6),1,69
(98,8),1,85
(98,13),1,70
(98,14),1,42
(98,15),1,5
(98,20),1,15
(98,24),1,62
(98,25),1,61
(98,31),1,51
(98,32),1,44
(98,34),1,89
(98,35),1,35
(98,46),1,25
(98,51),1,10
(98,53),1,43
(98,54),1,60
(98,56),1,89
(98,57),1,49
(98,66),1,36
(98,68),1,88
(98,71),1,87
(98,83),1,53
(98,85),1,63
(98,90),1,88
(98,91),1,25
(98,93),1,19
(98,94),1,58
(98,95),1,33
(98,96),1,42
(98,100),1,39
(98,112),1,72
(98,113),1,77
(98,114),1,38
(98,116),1,40
(98,118),1,14
(98,120),1,2
(98,123),1,48
(98,126),1,45
(98,128),1,84
(98,130),1,31
(98,132),1,26
(98,134),1,52
(98,142),1,2
(98,148),1,25
(98,151),1,55
(98,155),1,78
(98,160),1,19
(98,162),1,20
(98,173),1,19
(98,174),1,49
(98,184),1,17
(99,15),1,55
(99,22),1,7
(99,34),1,1
(99,77),1,43
(99,100),1,59
(99,134),1,44
(99,173),1,4
(100,14),1,51
(100,24),1,57
(100,46),1,61
(100,71),1,30
(100,90),1,32
(100,155),1,88
(101,15),1,11
(101,22),1,86
(101,31),1,57
(101,34),1,58
(101,93),1,58
(101,100),1,13
(101,134),1,1
(101,173),1,16
(102,15),1,60
(102,31),1,71
(102,34),1,29
(102,72),1,22
(102,100),1,87
(102,134),1,88
(102,173),1,14
(103,6),1,45
(103,13),1,71
(103,14),1,67
(103,15),1,61
(103,20),1,32
(103,25),1,77
(103,30),1,27
(103,31),1,70
(103,32),1,0
(103,35),1,72
(103,46),1,6
(103,53),1,70
(103,54),1,2
(103,57),1,14
(103,66),1,78
(103,68),1,57
(103,71),1,43
(103,79),1,84
(103,83),1,29
(103,85),1,26
(103,90),1,23
(103,91),1,81
(103,94),1,80
(103,95),1,81
(103,96),1,44
(103,100),1,74
(103,112),1,9
(103,113),1,17
(103,120),1,89
(103,123),1,5
(103,126),1,22
(103,128),1,35
(103,130),1,36
(103,134),1,19
(103,142),1,80
(103,148),1,48
(103,151),1,87
(103,155),1,68
(103,162),1,80
(103,170),1,43
(103,173),1,43
(103,174),1,36
(103,184),1,6
(104,4),1,6
(104,6),1,8
(104,13),1,46
(104,14),1,60
(104,15),1,57
(104,20),1,17
(104,25),1,45
(104,30),1,84
(104,31),1,38
(104,32),1,25
(104,34),1,67
(104,35),1,15
(104,46),1,59
(104,53),1,87
(104,54),1,60
(104,57),1,33
(104,66),1,26
(104,68),1,86
(104,71),1,15
(104,77),1,62
(104,83),1,40
(104,85),1,64
(104,90),1,3
(104,91),1,40
(104,93),1,13
(104,94),1,20
(104,95),1,18
(104,96),1,28
(104,100),1,67
(104,112),1,68
(104,113),1,30
(104,118),1,60
(104,120),1,45
(104,123),1,32
(104,126),1,35
(104,127),1,8
(104,128),1,5
(104,130),1,54
(104,134),1,8
(104,142),1,2
(104,148),1,72
(104,151),1,30
(104,155),1,38
(104,159),1,52
(104,162),1,6
(104,170),1,9
(104,173),1,51
(104,174),1,3
(104,184),1,63
(105,8),1,21
(105,15),1,15
(105,100),1,54
(105,134),1,75
(105,173),1,0
(106,14),1,23
(106,46),1,9
(106,71),1,51
(106,90),1,74
(106,155),1,4
(107,6),1,59
(107,13),1,55
(107,14),1,85
(107,15),1,49
(107,20),1,48
(107,22),1,72
(107,25),1,58
(107,30),1,89
(107,32),1,46
(107,34),1,16
(107,35),1,41
(107,42),1,34
(107,46),1,9
(107,53),1,82
(107,54),1,25
(107,56),1,60
(107,57),1,0
(107,66),1,27
(107,68),1,26
(107,71),1,0
(107,77),1,79
(107,83),1,16
(107,85),1,59
(107,88),1,23
(107,90),1,27
(107,91),1,27
(107,93),1,85
(107,94),1,28
(107,95),1,22
(107,96),1,61
(107,100),1,7
(107,104),1,38
(107,105),1,35
(107,108),1,55
(107,109),1,16
(107,112),1,65
(107,113),1,74
(107,115),1,63
(107,120),1,52
(107,123),1,21
(107,126),1,22
(107,128),1,44
(107,130),1,83
(107,132),1,14
(107,134),1,19
(107,142),1,74
(107,148),1,67
(107,151),1,57
(107,155),1,21
(107,158),1,8
(107,162),1,35
(107,173),1,18
(107,174),1,10
(107,181),1,13
(107,184),1,81
(107,189),1,62
(108,15),1,69
(108,22),1,58
(108,34),1,60
(108,77),1,2
(108,93),1,64
(108,100),1,80
(108,134),1,47
(108,173),1,44
(109,6),1,87
(109,13),1,55
(109,14),1,8
(109,15),1,15
(109,22),1,28
(109,25),1,58
(109,30),1,63
(109,32),1,72
(109,34),1,63
(109,35),1,77
(109,46),1,46
(109,53),1,40
(109,54),1,0
(109,66),1,65
(109,68),1,26
(109,71),1,76
(109,77),1,89
(109,79),1,60
(109,83),1,64
(109,85),1,80
(109,88),1,86
(109,90),1,58
(109,91),1,36
(109,93),1,1
(109,94),1,80
(109,95),1,58
(109,96),1,41
(109,100),1,29
(109,112),1,34
(109,113),1,89
(109,120),1,81
(109,123),1,26
(109,126),1,27
(109,128),1,42
(109,130),1,70
(109,132),1,33
(109,134),1,2
(109,142),1,18
(109,148),1,32
(109,151),1,16
(109,155),1,48
(109,162),1,51
(109,170),1,31
(109,173),1,34
(109,174),1,70
(109,181),1,16
(109,184),1,68
(109,188),1,8
(110,14),1,11
(110,46),1,58
(110,71),1,62
(110,88),1,81
(110,90),1,65
(110,155),1,51
(111,6),1,39
(111,8),1,54
(111,13),1,42
(111,14),1,63
(111,15),1,26
(111,20),1,61
(111,22),1,18
(111,25),1,87
(111,30),1,77
(111,31),1,73
(111,32),1,74
(111,34),1,31
(111,35),1,23
(111,46),1,22
(111,53),1,41
(111,54),1,62
(111,57),1,55
(111,66),1,5
(111,68),1,26
(111,71),1,53
(111,73),1,20
(111,77),1,69
(111,83),1,74
(111,85),1,19
(111,87),1,37
(111,90),1,17
(111,91),1,22
(111,93),1,12
(111,94),1,37
(111,95),1,11
(111,96),1,13
(111,100),1,80
(111,112),1,67
(111,113),1,57
(111,114),1,33
(111,116),1,8
(111,120),1,56
(111,123),1,35
(111,126),1,34
(111,128),1,66
(111,132),1,88
(111,134),1,50
(111,142),1,78
(111,148),1,44
(111,151),1,88
(111,155),1,39
(111,162),1,40
(111,173),1,44
(111,174),1,59
(111,180),1,88
(111,181),1,20
(111,184),1,17
(111,187),1,75
(112,15),1,59
(112,100),1,67
(112,134),1,15
(112,173),1,25
(113,14),1,54
(113,19),1,1
(113,46),1,58
(113,71),1,25
(113,90),1,42
(113,155),1,81
(114,6),1,57
(114,13),1,62
(114,14),1,30
(114,15),1,5
(114,20),1,49
(114,22),1,80
(114,25),1,79
(114,30),1,5
(114,31),1,57
(114,32),1,73
(114,34),1,70
(114,39),1,37
(114,46),1,85
(114,53),1,16
(114,54),1,55
(114,57),1,84
(114,66),1,0
(114,68),1,78
(114,71),1,73
(114,78),1,2
(114,79),1,37
(114,83),1,10
(114,85),1,11
(114,87),1,26
(114,88),1,74
(114,90),1,48
(114,91),1,25
(114,93),1,22
(114,94),1,10
(114,95),1,49
(114,96),1,36
(114,100),1,70
(114,106),1,58
(114,112),1,25
(114,113),1,33
(114,120),1,83
(114,123),1,46
(114,126),1,45
(114,128),1,86
(114,132),1,5
(114,134),1,59
(114,142),1,49
(114,148),1,34
(114,155),1,82
(114,160),1,0
(114,162),1,8
(114,170),1,27
(114,173),1,55
(114,174),1,40
(114,181),1,56
(114,184),1,60
(114,187),1,59
(115,14),1,31
(115,24),1,6
(115,46),1,63
(115,71),1,30
(115,88),1,22
(115,90),1,37
(115,155),1,87
(116,8),1,29
(116,15),1,14
(116,22),1,30
(116,26),1,3
(116,31),1,34
(116,72),1,67
(116,93),1,38
(116,100),1,47
(116,134),1,57
(116,173),1,52
(117,15),1,75
(117,22),1,88
(117,31),1,0
(117,34),1,72
(117,77),1,77
(117,93),1,20
(117,100),1,89
(117,134),1,16
(117,173),1,21
(118,8),1,6
(118,15),1,23
(118,31),1,73
(118,34),1,42
(118,72),1,11
(118,77),1,2
(118,93),1,11
(118,100),1,52
(118,134),1,57
(118,173),1,66
(119,15),1,2
(119,22),1,6
(119,26),1,46
(119,34),1,15
(119,93),1,5
(119,100),1,66
(119,134),1,58
(119,173),1,31
(120,14),1,1
(120,24),1,84
(120,46),1,27
(120,71),1,63
(120,90),1,76
(120,155),1,32
(120,159),1,71
(121,6),1,73
(121,13),1,51
(121,14),1,0
(121,15),1,10
(121,20),1,40
(121,25),1,54
(121,30),1,83
(121,31),1,81
(121,32),1,6
(121,33),1,12
(121,34),1,82
(121,46),1,1
(121,51),1,74
(121,53),1,8
(121,54),1,63
(121,57),1,30
(121,66),1,20
(121,68),1,17
(121,71),1,66
(121,77),1,61
(121,83),1,51
(121,85),1,3
(121,90),1,77
(121,91),1,39
(121,93),1,57
(121,94),1,19
(121,95),1,81
(121,96),1,46
(121,100),1,36
(121,112),1,3
(121,113),1,85
(121,114),1,3
(121,120),1,0
(121,123),1,71
(121,126),1,35
(121,127),1,83
(121,128),1,9
(121,132),1,42
(121,134),1,80
(121,142),1,6
(121,148),1,62
(121,151),1,70
(121,155),1,53
(121,159),1,74
(121,162),1,84
(121,170),1,20
(121,173),1,21
(121,174),1,6
(121,181),1,7
(121,182),1,32
(121,184),1,9
(122,6),1,80
(122,13),1,81
(122,14),1,59
(122,15),1,78
(122,25),1,47
(122,30),1,12
(122,32),1,9
(122,34),1,60
(122,35),1,31
(122,46),1,59
(122,51),1,26
(122,53),1,38
(122,54),1,57
(122,62),1,37
(122,66),1,22
(122,68),1,59
(122,71),1,80
(122,72),1,82
(122,78),1,67
(122,79),1,54
(122,83),1,9
(122,84),1,26
(122,85),1,58
(122,90),1,58
(122,94),1,72
(122,95),1,38
(122,96),1,64
(122,100),1,8
(122,112),1,72
(122,113),1,13
(122,120),1,16
(122,123),1,36
(122,126),1,57
(122,127),1,4
(122,128),1,74
(122,130),1,77
(122,132),1,0
(122,134),1,3
(122,142),1,38
(122,148),1,74
(122,151),1,71
(122,155),1,48
(122,159),1,6
(122,162),1,3
(122,170),1,14
(122,173),1,14
(122,174),1,57
(122,179),1,56
(122,181),1,43
(122,184),1,77
(123,15),1,39
(123,22),1,61
(123,31),1,79
(123,34),1,52
(123,77),1,75
(123,100),1,83
(123,134),1,81
(123,173),1,67
(124,14),1,20
(124,46),1,36
(124,71),1,11
(124,88),1,24
(124,90),1,74
(124,155),1,31
(124,188),1,80
(125,14),1,2
(125,19),1,21
(125,46),1,33
(125,71),1,10
(125,88),1,30
(125,90),1,66
(125,155),1,65
(126,7),1,62
(126,15),1,70
(126,31),1,73
(126,34),1,31
(126,100),1,46
(126,134),1,83
(126,173),1,67
(127,6),1,70
(127,13),1,56
(127,14),1,84
(127,15),1,21
(127,20),1,12
(127,25),1,80
(127,30),1,30
(127,31),1,23
(127,32),1,62
(127,46),1,11
(127,53),1,21
(127,54),1,69
(127,66),1,89
(127,68),1,78
(127,71),1,36
(127,77),1,81
(127,79),1,36
(127,83),1,74
(127,85),1,2
(127,90),1,80
(127,93),1,64
(127,94),1,1
(127,95),1,89
(127,96),1,6
(127,100),1,25
(127,112),1,89
(127,113),1,56
(127,118),1,51
(127,120),1,8
(127,123),1,40
(127,126),1,31
(127,128),1,37
(127,132),1,15
(127,134),1,68
(127,142),1,43
(127,148),1,74
(127,155),1,49
(127,162),1,75
(127,173),1,0
(127,174),1,46
(127,181),1,78
(127,184),1,37
(128,8),1,68
(128,15),1,58
(128,34),1,7
(128,77),1,64
(128,87),1,46
(128,93),1,19
(128,100),1,34
(128,134),1,27
(128,173),1,67
(129,6),1,89
(129,13),1,81
(129,14),1,81
(129,15),1,44
(129,20),1,17
(129,22),1,12
(129,25),1,43
(129,27),1,39
(129,30),1,26
(129,32),1,69
(129,33),1,52
(129,35),1,86
(129,38),1,8
(129,46),1,20
(129,51),1,61
(129,53),1,60
(129,54),1,79
(129,57),1,19
(129,66),1,9
(129,68),1,27
(129,71),1,56
(129,72),1,12
(129,83),1,71
(129,85),1,44
(129,90),1,67
(129,93),1,4
(129,94),1,24
(129,95),1,52
(129,96),1,19
(129,100),1,50
(129,104),1,85
(129,112),1,42
(129,113),1,32
(129,118),1,29
(129,120),1,58
(129,123),1,3
(129,126),1,20
(129,128),1,77
(129,132),1,23
(129,134),1,16
(129,142),1,64
(129,148),1,67
(129,151),1,47
(129,155),1,88
(129,159),1,70
(129,160),1,43
(129,162),1,2
(129,170),1,57
(129,173),1,6
(129,174),1,62
(129,184),1,67
(129,187),1,89
(130,8),1,10
(130,15),1,13
(130,22),1,31
(130,34),1,45
(130,93),1,72
(130,100),1,89
(130,134),1,65
(130,173),1,12
(131,15),1,73
(131,22),1,7
(131,34),1,59
(131,77),1,34
(131,93),1,77
(131,100),1,73
(131,134),1,45
(131,173),1,51
(132,15),1,76
(132,31),1,72
(132,34),1,54
(132,100),1,36
(132,134),1,55
(132,173),1,76
(133,1),1,67
(133,6),1,80
(133,13),1,43
(133,14),1,9
(133,15),1,73
(133,20),1,70
(133,25),1,41
(133,30),1,50
(133,32),1,3
(133,34),1,89
(133,40),1,64
(133,46),1,13
(133,51),1,14
(133,53),1,25
(133,54),1,5
(133,66),1,64
(133,68),1,32
(133,71),1,24
(133,79),1,50
(133,83),1,65
(133,85),1,64
(133,90),1,81
(133,93),1,2
(133,94),1,15
(133,95),1,8
(133,96),1,13
(133,100),1,29
(133,108),1,14
(133,112),1,24
(133,113),1,8
(133,120),1,60
(133,123),1,17
(133,126),1,27
(133,128),1,61
(133,130),1,41
(133,132),1,64
(133,134),1,78
(133,142),1,66
(133,144),1,26
(133,148),1,18
(133,155),1,88
(133,159),1,25
(133,160),1,82
(133,162),1,85
(133,170),1,25
(133,171),1,10
(133,173),1,52
(133,174),1,24
(133,181),1,62
(133,184),1,20
(134,14),1,9
(134,46),1,65
(134,71),1,34
(134,90),1,60
(134,155),1,57
(134,159),1,61
(134,188),1,67
(135,6),1,15
(135,13),1,3
(135,14),1,87
(135,15),1,80
(135,22),1,7
(135,24),1,79
(135,25),1,36
(135,31),1,74
(135,32),1,26
(135,34),1,46
(135,35),1,5
(135,38),1,2
(135,46),1,11
(135,53),1,20
(135,54),1,40
(135,57),1,26
(135,58),1,13
(135,66),1,81
(135,68),1,64
(135,71),1,63
(135,83),1,57
(135,85),1,70
(135,90),1,24
(135,91),1,75
(135,93),1,35
(135,94),1,62
(135,95),1,43
(135,96),1,5
(135,100),1,57
(135,109),1,70
(135,112),1,13
(135,113),1,56
(135,120),1,66
(135,123),1,74
(135,126),1,53
(135,128),1,77
(135,130),1,86
(135,132),1,10
(135,134),1,33
(135,142),1,38
(135,148),1,86
(135,151),1,47
(135,155),1,50
(135,159),1,72
(135,162),1,29
(135,171),1,23
(135,173),1,35
(135,174),1,20
(135,181),1,14
(135,184),1,3
(136,6),1,77
(136,13),1,70
(136,14),1,5
(136,15),1,67
(136,20),1,68
(136,25),1,9
(136,30),1,65
(136,32),1,30
(136,34),1,78
(136,35),1,53
(136,39),1,9
(136,42),1,9
(136,46),1,19
(136,51),1,66
(136,53),1,62
(136,54),1,19
(136,66),1,20
(136,68),1,85
(136,71),1,20
(136,79),1,62
(136,83),1,12
(136,85),1,83
(136,88),1,22
(136,90),1,2
(136,91),1,53
(136,93),1,14
(136,94),1,49
(136,95),1,9
(136,96),1,21
(136,100),1,24
(136,112),1,54
(136,113),1,44
(136,120),1,75
(136,123),1,4
(136,126),1,89
(136,128),1,71
(136,130),1,85
(136,132),1,76
(136,134),1,13
(136,142),1,40
(136,148),1,43
(136,155),1,4
(136,159),1,6
(136,162),1,48
(136,170),1,45
(136,171),1,39
(136,173),1,8
(136,174),1,52
(136,181),1,66
(136,184),1,27
(136,186),1,23
(137,6),1,67
(137,13),1,51
(137,14),1,68
(137,15),1,41
(137,20),1,19
(137,22),1,88
(137,25),1,52
(137,30),1,75
(137,32),1,62
(137,34),1,23
(137,35),1,50
(137,38),1,6
(137,46),1,57
(137,53),1,4
(137,54),1,14
(137,57),1,11
(137,66),1,16
(137,68),1,71
(137,71),1,38
(137,78),1,44
(137,79),1,53
(137,83),1,15
(137,85),1,26
(137,90),1,2
(137,91),1,29
(137,93),1,87
(137,94),1,63
(137,95),1,29
(137,96),1,20
(137,100),1,21
(137,112),1,87
(137,113),1,8
(137,120),1,38
(137,123),1,71
(137,126),1,66
(137,127),1,31
(137,128),1,26
(137,132),1,75
(137,134),1,56
(137,142),1,19
(137,148),1,5
(137,151),1,33
(137,155),1,29
(137,160),1,72
(137,162),1,36
(137,173),1,8
(137,174),1,88
(137,181),1,84
(137,184),1,43
(138,5),1,40
(138,6),1,42
(138,13),1,64
(138,14),1,13
(138,15),1,20
(138,20),1,86
(138,22),1,4
(138,24),1,7
(138,25),1,33
(138,30),1,47
(138,31),1,69
(138,32),1,71
(138,33),1,48
(138,34),1,59
(138,35),1,22
(138,46),1,43
(138,51),1,10
(138,53),1,73
(138,54),1,13
(138,57),1,15
(138,58),1,6
(138,61),1,50
(138,66),1,7
(138,68),1,30
(138,71),1,65
(138,78),1,75
(138,79),1,45
(138,83),1,74
(138,85),1,67
(138,90),1,80
(138,93),1,34
(138,94),1,39
(138,95),1,87
(138,96),1,65
(138,100),1,42
(138,108),1,35
(138,112),1,80
(138,113),1,73
(138,118),1,76
(138,120),1,67
(138,123),1,27
(138,126),1,83
(138,127),1,54
(138,128),1,36
(138,130),1,41
(138,132),1,75
(138,134),1,58
(138,142),1,70
(138,148),1,31
(138,151),1,80
(138,155),1,25
(138,159),1,28
(138,162),1,73
(138,170),1,51
(138,173),1,76
(138,174),1,8
(138,180),1,20
(138,181),1,80
(138,184),1,4
(139,1),1,26
(139,6),1,86
(139,13),1,51
(139,14),1,67
(139,15),1,9
(139,20),1,27
(139,25),1,8
(139,32),1,1
(139,42),1,86
(139,46),1,80
(139,51),1,40
(139,53),1,34
(139,54),1,22
(139,57),1,70
(139,66),1,73
(139,68),1,87
(139,71),1,20
(139,79),1,0
(139,83),1,65
(139,85),1,53
(139,90),1,53
(139,91),1,37
(139,93),1,33
(139,94),1,52
(139,95),1,81
(139,96),1,73
(139,100),1,56
(139,106),1,22
(139,112),1,67
(139,113),1,58
(139,114),1,77
(139,120),1,56
(139,123),1,86
(139,126),1,28
(139,127),1,89
(139,128),1,13
(139,132),1,72
(139,134),1,36
(139,142),1,0
(139,148),1,22
(139,155),1,4
(139,159),1,5
(139,162),1,4
(139,173),1,36
(139,174),1,76
(139,184),1,3
(139,187),1,76
(140,6),1,83
(140,11),1,9
(140,13),1,6
(140,14),1,77
(140,15),1,12
(140,20),1,89
(140,24),1,54
(140,25),1,59
(140,30),1,47
(140,32),1,38
(140,34),1,44
(140,35),1,56
(140,46),1,25
(140,51),1,26
(140,53),1,3
(140,54),1,79
(140,57),1,15
(140,66),1,12
(140,68),1,8
(140,71),1,70
(140,79),1,77
(140,83),1,72
(140,85),1,18
(140,87),1,67
(140,88),1,50
(140,90),1,43
(140,94),1,42
(140,95),1,64
(140,96),1,31
(140,100),1,89
(140,112),1,78
(140,113),1,17
(140,120),1,8
(140,123),1,17
(140,126),1,88
(140,128),1,10
(140,130),1,45
(140,132),1,65
(140,134),1,70
(140,137),1,18
(140,142),1,37
(140,148),1,28
(140,151),1,7
(140,155),1,72
(140,159),1,66
(140,160),1,56
(140,162),1,43
(140,173),1,64
(140,174),1,72
(140,179),1,36
(140,181),1,77
(140,184),1,51
(140,187),1,39
(141,6),1,56
(141,13),1,35
(141,14),1,72
(141,15),1,5
(141,20),1,73
(141,24),1,32
(141,25),1,76
(141,30),1,6
(141,32),1,30
(141,35),1,80
(141,46),1,42
(141,53),1,53
(141,54),1,67
(141,57),1,33
(141,66),1,5
(141,68),1,73
(141,71),1,58
(141,72),1,76
(141,77),1,40
(141,78),1,75
(141,79),1,24
(141,83),1,41
(141,85),1,17
(141,90),1,2
(141,91),1,35
(141,93),1,35
(141,94),1,23
(141,95),1,88
(141,96),1,89
(141,100),1,11
(141,112),1,23
(141,113),1,82
(141,120),1,32
(141,123),1,63
(141,126),1,66
(141,128),1,49
(141,130),1,29
(141,134),1,17
(141,142),1,13
(141,148),1,74
(141,151),1,60
(141,155),1,0
(141,162),1,52
(141,170),1,39
(141,173),1,82
(141,181),1,2
(141,184),1,10
(141,187),1,47
(142,14),1,80
(142,24),1,55
(142,46),1,83
(142,71),1,44
(142,90),1,13
(142,155),1,58
(142,159),1,34
(143,4),1,6
(143,6),1,37
(143,13),1,27
(143,14),1,73
(143,15),1,15
(143,20),1,44
(143,24),1,1
(143,25),1,55
(143,32),1,74
(143,34),1,53
(143,35),1,16
(143,42),1,11
(143,46),1,52
(143,51),1,32
(143,52),1,11
(143,53),1,44
(143,54),1,24
(143,56),1,65
(143,57),1,44
(143,66),1,40
(143,68),1,9
(143,71),1,21
(143,72),1,18
(143,77),1,77
(143,78),1,14
(143,83),1,7
(143,85),1,71
(143,90),1,24
(143,91),1,0
(143,93),1,65
(143,94),1,67
(143,95),1,21
(143,96),1,11
(143,100),1,60
(143,106),1,15
(143,112),1,65
(143,113),1,86
(143,120),1,14
(143,123),1,72
(143,126),1,47
(143,128),1,10
(143,132),1,63
(143,134),1,67
(143,142),1,23
(143,148),1,13
(143,151),1,24
(143,155),1,31
(143,159),1,50
(143,162),1,7
(143,171),1,31
(143,173),1,59
(143,174),1,83
(143,182),1,40
(143,184),1,89
(144,15),1,51
(144,22),1,78
(144,31),1,13
(144,34),1,72
(144,77),1,5
(144,93),1,38
(144,100),1,48
(144,134),1,84
(144,173),1,3
(145,15),1,24
(145,34),1,6
(145,72),1,78
(145,93),1,65
(145,100),1,34
(145,134),1,17
(145,173),1,28
(146,15),1,23
(146,31),1,12
(146,72),1,7
(146,100),1,89
(146,134),1,18
(146,144),1,18
(147,6),1,30
(147,13),1,64
(147,14),1,22
(147,15),1,51
(147,24),1,82
(147,25),1,0
(147,30),1,15
(147,31),1,45
(147,32),1,10
(147,34),1,63
(147,35),1,61
(147,46),1,49
(147,53),1,58
(147,54),1,37
(147,57),1,63
(147,66),1,89
(147,68),1,19
(147,71),1,82
(147,77),1,53
(147,78),1,5
(147,79),1,68
(147,83),1,47
(147,85),1,51
(147,88),1,22
(147,90),1,63
(147,91),1,13
(147,93),1,71
(147,94),1,7
(147,95),1,38
(147,96),1,12
(147,100),1,61
(147,111),1,32
(147,112),1,43
(147,113),1,89
(147,118),1,82
(147,120),1,36
(147,123),1,41
(147,126),1,84
(147,127),1,14
(147,128),1,44
(147,130),1,57
(147,132),1,15
(147,134),1,31
(147,142),1,23
(147,148),1,70
(147,151),1,72
(147,155),1,7
(147,159),1,24
(147,160),1,88
(147,162),1,19
(147,173),1,68
(147,174),1,48
(147,181),1,21
(147,184),1,0
(148,15),1,88
(148,22),1,51
(148,34),1,58
(148,72),1,15
(148,77),1,48
(148,100),1,79
(148,134),1,57
(148,186),1,43
(149,14),1,79
(149,46),1,18
(149,71),1,64
(149,90),1,60
(149,155),1,61
(150,15),1,53
(150,22),1,47
(150,34),1,9
(150,77),1,71
(150,93),1,66
(150,100),1,70
(150,134),1,67
(150,173),1,74
(151,15),1,11
(151,31),1,86
(151,72),1,83
(151,93),1,42
(151,100),1,30
(151,134),1,35
(152,4),1,63
(152,6),1,3
(152,13),1,54
(152,14),1,46
(152,15),1,60
(152,20),1,24
(152,22),1,75
(152,24),1,16
(152,25),1,48
(152,26),1,74
(152,30),1,38
(152,32),1,57
(152,34),1,10
(152,38),1,66
(152,46),1,50
(152,51),1,77
(152,53),1,87
(152,54),1,13
(152,57),1,0
(152,58),1,57
(152,66),1,61
(152,68),1,12
(152,69),1,22
(152,71),1,11
(152,78),1,32
(152,79),1,72
(152,83),1,30
(152,85),1,49
(152,90),1,54
(152,93),1,52
(152,94),1,88
(152,95),1,39
(152,96),1,12
(152,100),1,20
(152,112),1,20
(152,113),1,44
(152,114),1,4
(152,120),1,68
(152,123),1,4
(152,126),1,67
(152,128),1,78
(152,132),1,45
(152,134),1,8
(152,142),1,0
(152,147),1,62
(152,148),1,38
(152,155),1,70
(152,159),1,66
(152,162),1,35
(152,164),1,70
(152,170),1,80
(152,174),1,49
(152,181),1,84
(152,184),1,42
(152,185),1,38
(152,187),1,85
(153,6),1,14
(153,13),1,56
(153,14),1,1
(153,15),1,82
(153,22),1,7
(153,25),1,30
(153,26),1,3
(153,30),1,81
(153,32),1,21
(153,35),1,55
(153,42),1,18
(153,46),1,27
(153,53),1,56
(153,54),1,81
(153,57),1,5
(153,66),1,87
(153,68),1,30
(153,71),1,4
(153,72),1,61
(153,79),1,63
(153,83),1,18
(153,84),1,31
(153,85),1,61
(153,87),1,44
(153,90),1,2
(153,91),1,2
(153,93),1,15
(153,94),1,59
(153,95),1,6
(153,96),1,23
(153,100),1,7
(153,106),1,11
(153,109),1,28
(153,112),1,62
(153,113),1,63
(153,118),1,52
(153,120),1,26
(153,123),1,40
(153,126),1,59
(153,127),1,68
(153,128),1,26
(153,130),1,4
(153,132),1,65
(153,134),1,54
(153,142),1,9
(153,148),1,54
(153,151),1,58
(153,155),1,19
(153,162),1,43
(153,173),1,56
(153,174),1,2
(153,181),1,43
(153,182),1,21
(153,184),1,69
(153,188),1,82
(154,1),1,21
(154,6),1,35
(154,13),1,79
(154,14),1,71
(154,15),1,46
(154,20),1,34
(154,24),1,0
(154,25),1,59
(154,30),1,13
(154,31),1,84
(154,32),1,37
(154,35),1,38
(154,38),1,84
(154,46),1,80
(154,51),1,74
(154,53),1,37
(154,54),1,49
(154,57),1,55
(154,66),1,2
(154,68),1,10
(154,71),1,2
(154,77),1,5
(154,79),1,69
(154,83),1,56
(154,85),1,20
(154,90),1,77
(154,91),1,35
(154,94),1,63
(154,95),1,52
(154,96),1,61
(154,100),1,72
(154,106),1,46
(154,111),1,24
(154,112),1,73
(154,113),1,13
(154,120),1,33
(154,123),1,5
(154,126),1,86
(154,128),1,75
(154,130),1,21
(154,132),1,75
(154,134),1,26
(154,142),1,41
(154,148),1,24
(154,151),1,5
(154,155),1,57
(154,158),1,26
(154,162),1,56
(154,170),1,24
(154,171),1,2
(154,173),1,42
(154,174),1,23
(154,180),1,26
(154,181),1,61
(154,184),1,4
(154,187),1,20
(156,1),1,64
(156,6),1,26
(156,13),1,4
(156,14),1,62
(156,15),1,80
(156,20),1,6
(156,22),1,3
(156,25),1,23
(156,30),1,85
(156,31),1,24
(156,32),1,70
(156,34),1,86
(156,35),1,26
(156,46),1,70
(156,53),1,78
(156,54),1,27
(156,57),1,47
(156,66),1,83
(156,68),1,2
(156,71),1,29
(156,79),1,56
(156,83),1,54
(156,85),1,88
(156,90),1,22
(156,93),1,45
(156,94),1,85
(156,95),1,39
(156,96),1,52
(156,100),1,58
(156,106),1,10
(156,112),1,36
(156,113),1,73
(156,114),1,10
(156,118),1,43
(156,120),1,54
(156,123),1,32
(156,126),1,54
(156,127),1,80
(156,128),1,52
(156,130),1,38
(156,132),1,62
(156,133),1,84
(156,134),1,33
(156,142),1,12
(156,148),1,31
(156,151),1,45
(156,155),1,25
(156,159),1,9
(156,162),1,75
(156,166),1,54
(156,170),1,61
(156,173),1,10
(156,174),1,73
(156,180),1,11
(156,181),1,87
(156,184),1,81
(157,1),1,57
(157,6),1,4
(157,10),1,55
(157,13),1,22
(157,14),1,19
(157,15),1,47
(157,20),1,49
(157,25),1,3
(157,30),1,65
(157,31),1,47
(157,32),1,19
(157,35),1,51
(157,46),1,25
(157,53),1,68
(157,54),1,73
(157,66),1,22
(157,68),1,35
(157,71),1,18
(157,78),1,2
(157,83),1,35
(157,85),1,74
(157,88),1,71
(157,90),1,20
(157,93),1,61
(157,94),1,8
(157,95),1,28
(157,96),1,17
(157,100),1,65
(157,112),1,72
(157,113),1,9
(157,118),1,59
(157,120),1,9
(157,123),1,48
(157,126),1,32
(157,128),1,27
(157,130),1,82
(157,132),1,60
(157,134),1,43
(157,142),1,15
(157,148),1,31
(157,151),1,21
(157,155),1,3
(157,160),1,26
(157,162),1,0
(157,170),1,8
(157,171),1,28
(157,173),1,86
(157,174),1,18
(157,181),1,37
(157,182),1,9
(157,184),1,60
(158,6),1,23
(158,13),1,10
(158,14),1,18
(158,15),1,83
(158,20),1,67
(158,25),1,69
(158,30),1,28
(158,31),1,6
(158,32),1,41
(158,34),1,13
(158,35),1,37
(158,38),1,18
(158,46),1,58
(158,50),1,77
(158,53),1,26
(158,54),1,80
(158,66),1,63
(158,68),1,77
(158,71),1,27
(158,83),1,84
(158,85),1,2
(158,90),1,73
(158,91),1,10
(158,93),1,89
(158,94),1,67
(158,95),1,37
(158,96),1,40
(158,100),1,38
(158,106),1,81
(158,108),1,1
(158,112),1,48
(158,113),1,66
(158,120),1,23
(158,123),1,6
(158,126),1,88
(158,128),1,53
(158,130),1,77
(158,134),1,73
(158,142),1,84
(158,148),1,13
(158,151),1,46
(158,155),1,26
(158,159),1,79
(158,162),1,11
(158,170),1,64
(158,173),1,69
(158,174),1,25
(158,181),1,5
(158,184),1,81
(159,15),1,40
(159,22),1,61
(159,34),1,48
(159,52),1,10
(159,87),1,6
(159,93),1,52
(159,100),1,62
(159,134),1,65
(159,173),1,82
(160,8),1,7
(160,15),1,48
(160,31),1,29
(160,77),1,62
(160,93),1,44
(160,100),1,60
(160,134),1,60
(160,137),1,48
(161,15),1,76
(161,34),1,32
(161,93),1,86
(161,100),1,69
(161,134),1,83
(161,173),1,51
(162,14),1,3
(162,46),1,38
(162,71),1,70
(162,90),1,60
(162,107),1,27
(162,155),1,3
(162,159),1,50
(163,4),1,42
(163,6),1,29
(163,13),1,81
(163,14),1,14
(163,15),1,44
(163,20),1,81
(163,25),1,64
(163,32),1,82
(163,34),1,71
(163,38),1,34
(163,46),1,40
(163,53),1,3
(163,54),1,21
(163,57),1,46
(163,66),1,64
(163,68),1,20
(163,71),1,51
(163,83),1,47
(163,85),1,67
(163,88),1,1
(163,90),1,31
(163,91),1,8
(163,93),1,55
(163,94),1,14
(163,95),1,13
(163,96),1,22
(163,100),1,86
(163,108),1,48
(163,109),1,59
(163,112),1,6
(163,113),1,52
(163,118),1,9
(163,120),1,65
(163,123),1,37
(163,126),1,53
(163,128),1,28
(163,129),1,19
(163,130),1,8
(163,132),1,14
(163,134),1,62
(163,142),1,10
(163,148),1,16
(163,151),1,36
(163,155),1,61
(163,158),1,13
(163,161),1,86
(163,162),1,15
(163,173),1,46
(163,174),1,3
(163,181),1,5
(163,184),1,22
(164,15),1,83
(164,31),1,25
(164,34),1,6
(164,72),1,34
(164,100),1,46
(164,134),1,85
(164,173),1,74
(165,15),1,48
(165,34),1,78
(165,100),1,79
(165,134),1,40
(165,173),1,70
(165,186),1,40
(166,6),1,50
(166,13),1,43
(166,14),1,50
(166,15),1,6
(166,22),1,68
(166,24),1,28
(166,25),1,42
(166,30),1,67
(166,31),1,22
(166,32),1,87
(166,34),1,50
(166,35),1,14
(166,39),1,77
(166,46),1,69
(166,51),1,33
(166,52),1,59
(166,53),1,17
(166,54),1,28
(166,57),1,88
(166,58),1,22
(166,66),1,82
(166,68),1,71
(166,71),1,20
(166,79),1,24
(166,83),1,14
(166,85),1,68
(166,87),1,89
(166,90),1,72
(166,91),1,32
(166,93),1,27
(166,94),1,85
(166,95),1,55
(166,96),1,55
(166,100),1,51
(166,106),1,48
(166,112),1,4
(166,113),1,34
(166,120),1,13
(166,123),1,52
(166,126),1,4
(166,128),1,75
(166,130),1,51
(166,132),1,5
(166,134),1,68
(166,142),1,37
(166,148),1,85
(166,151),1,85
(166,155),1,81
(166,159),1,32
(166,162),1,68
(166,170),1,21
(166,174),1,14
(166,180),1,58
(166,184),1,6
(166,185),1,20
(167,15),1,43
(167,77),1,0
(167,93),1,54
(167,100),1,49
(167,134),1,15
(167,144),1,70
(167,173),1,63
(168,14),1,16
(168,46),1,58
(168,71),1,16
(168,90),1,14
(168,155),1,31
(168,159),1,20
(169,15),1,37
(169,22),1,72
(169,31),1,70
(169,52),1,53
(169,93),1,37
(169,100),1,74
(169,134),1,62
(169,173),1,10
(170,14),1,20
(170,24),1,70
(170,46),1,19
(170,71),1,16
(170,90),1,55
(170,155),1,83
(170,159),1,56
(171,15),1,11
(171,17),1,26
(171,31),1,41
(171,34),1,26
(171,72),1,30
(171,93),1,87
(171,100),1,55
(171,102),1,74
(171,134),1,12
(171,173),1,17
(172,3),1,27
(172,6),1,56
(172,13),1,5
(172,14),1,56
(172,15),1,34
(172,20),1,81
(172,22),1,47
(172,24),1,34
(172,25),1,12
(172,30),1,66
(172,32),1,49
(172,34),1,34
(172,37),1,69
(172,42),1,61
(172,46),1,50
(172,53),1,6
(172,54),1,3
(172,58),1,47
(172,66),1,75
(172,68),1,76
(172,71),1,57
(172,72),1,60
(172,83),1,13
(172,85),1,13
(172,88),1,68
(172,90),1,89
(172,94),1,88
(172,95),1,26
(172,96),1,76
(172,100),1,64
(172,104),1,26
(172,106),1,34
(172,112),1,61
(172,113),1,60
(172,118),1,26
(172,120),1,10
(172,123),1,42
(172,126),1,85
(172,128),1,33
(172,130),1,3
(172,132),1,33
(172,134),1,55
(172,142),1,7
(172,148),1,16
(172,151),1,33
(172,155),1,59
(172,162),1,7
(172,173),1,29
(172,174),1,11
(172,180),1,67
(172,181),1,88
(172,184),1,9
(173,14),1,18
(173,24),1,79
(173,46),1,10
(173,71),1,41
(173,88),1,47
(173,90),1,34
(173,155),1,53
(173,186),1,31
(174,15),1,50
(174,22),1,17
(174,34),1,8
(174,87),1,63
(174,100),1,23
(174,134),1,52
(174,173),1,74
(175,15),1,49
(175,22),1,87
(175,34),1,10
(175,37),1,10
(175,100),1,25
(175,134),1,69
(175,173),1,84
(176,6),1,56
(176,13),1,53
(176,14),1,88
(176,15),1,34
(176,17),1,63
(176,20),1,48
(176,22),1,37
(176,25),1,18
(176,28),1,78
(176,32),1,77
(176,34),1,74
(176,35),1,50
(176,40),1,30
(176,46),1,62
(176,53),1,72
(176,54),1,48
(176,57),1,81
(176,58),1,86
(176,66),1,67
(176,68),1,25
(176,71),1,85
(176,83),1,35
(176,84),1,89
(176,85),1,83
(176,88),1,30
(176,90),1,15
(176,91),1,85
(176,94),1,61
(176,95),1,8
(176,96),1,45
(176,100),1,68
(176,105),1,28
(176,106),1,44
(176,112),1,45
(176,113),1,63
(176,116),1,76
(176,120),1,77
(176,123),1,40
(176,126),1,84
(176,128),1,72
(176,132),1,68
(176,133),1,79
(176,134),1,10
(176,142),1,61
(176,148),1,33
(176,151),1,78
(176,155),1,32
(176,159),1,77
(176,162),1,26
(176,170),1,46
(176,171),1,63
(176,173),1,40
(176,174),1,69
(176,181),1,16
(176,184),1,36
(177,6),1,82
(177,13),1,34
(177,14),1,16
(177,15),1,19
(177,25),1,84
(177,30),1,37
(177,32),1,20
(177,46),1,41
(177,53),1,71
(177,54),1,86
(177,57),1,1
(177,66),1,40
(177,68),1,26
(177,71),1,5
(177,72),1,56
(177,83),1,1
(177,85),1,12
(177,90),1,36
(177,93),1,11
(177,94),1,8
(177,95),1,31
(177,96),1,24
(177,100),1,21
(177,106),1,52
(177,107),1,49
(177,112),1,60
(177,113),1,30
(177,114),1,36
(177,115),1,48
(177,120),1,29
(177,123),1,83
(177,126),1,73
(177,128),1,19
(177,130),1,82
(177,132),1,50
(177,134),1,69
(177,142),1,39
(177,148),1,71
(177,151),1,64
(177,155),1,34
(177,162),1,88
(177,170),1,14
(177,173),1,58
(177,174),1,25
(177,181),1,37
(177,184),1,77
(177,187),1,59
(178,15),1,42
(178,34),1,63
(178,72),1,77
(178,77),1,27
(178,93),1,79
(178,100),1,47
(178,101),1,37
(178,134),1,16
(178,173),1,77
(179,6),1,56
(179,13),1,38
(179,14),1,44
(179,15),1,8
(179,20),1,23
(179,25),1,28
(179,26),1,6
(179,30),1,80
(179,32),1,49
(179,34),1,44
(179,46),1,49
(179,51),1,13
(179,53),1,10
(179,54),1,78
(179,57),1,17
(179,66),1,33
(179,68),1,33
(179,71),1,24
(179,72),1,48
(179,77),1,52
(179,79),1,1
(179,83),1,17
(179,85),1,15
(179,87),1,0
(179,88),1,75
(179,90),1,36
(179,91),1,24
(179,93),1,21
(179,94),1,18
(179,95),1,26
(179,96),1,23
(179,100),1,63
(179,108),1,26
(179,112),1,69
(179,113),1,17
(179,120),1,81
(179,123),1,29
(179,126),1,39
(179,127),1,83
(179,128),1,23
(179,130),1,43
(179,132),1,63
(179,134),1,24
(179,142),1,10
(179,148),1,39
(179,151),1,61
(179,155),1,22
(179,162),1,38
(179,173),1,31
(179,174),1,0
(179,175),1,29
(179,181),1,68
(179,184),1,76
(179,187),1,50
(180,15),1,69
(180,72),1,30
(180,87),1,86
(180,93),1,76
(180,100),1,30
(180,134),1,57
(180,173),1,6
(181,14),1,6
(181,46),1,81
(181,71),1,71
(181,90),1,62
(181,155),1,49
(182,15),1,62
(182,22),1,1
(182,31),1,10
(182,34),1,66
(182,93),1,58
(182,100),1,48
(182,134),1,83
(182,173),1,85
(183,1),1,7
(183,6),1,5
(183,13),1,79
(183,14),1,2
(183,15),1,8
(183,20),1,32
(183,25),1,10
(183,30),1,53
(183,32),1,38
(183,34),1,15
(183,35),1,19
(183,38),1,75
(183,46),1,31
(183,53),1,36
(183,54),1,45
(183,57),1,89
(183,66),1,21
(183,68),1,17
(183,71),1,75
(183,78),1,56
(183,79),1,46
(183,83),1,34
(183,85),1,3
(183,90),1,76
(183,91),1,40
(183,93),1,11
(183,94),1,69
(183,95),1,78
(183,96),1,70
(183,100),1,54
(183,104),1,79
(183,108),1,23
(183,112),1,24
(183,113),1,50
(183,120),1,31
(183,123),1,58
(183,126),1,54
(183,128),1,80
(183,130),1,24
(183,132),1,49
(183,134),1,16
(183,142),1,43
(183,148),1,3
(183,151),1,45
(183,155),1,15
(183,162),1,53
(183,170),1,33
(183,173),1,12
(183,174),1,37
(183,179),1,28
(183,181),1,14
(183,184),1,18
(183,186),1,39
(184,8),1,25
(184,15),1,45
(184,34),1,67
(184,77),1,5
(184,93),1,14
(184,100),1,78
(184,134),1,88
(184,173),1,45
(185,6),1,57
(185,13),1,20
(185,14),1,37
(185,15),1,75
(185,20),1,26
(185,25),1,72
(185,32),1,78
(185,34),1,53
(185,35),1,0
(185,46),1,32
(185,53),1,52
(185,54),1,77
(185,56),1,51
(185,57),1,36
(185,61),1,87
(185,66),1,46
(185,68),1,62
(185,71),1,26
(185,73),1,78
(185,83),1,5
(185,85),1,84
(185,88),1,0
(185,90),1,3
(185,91),1,2
(185,93),1,78
(185,94),1,6
(185,95),1,6
(185,96),1,62
(185,100),1,71
(185,103),1,75
(185,106),1,67
(185,107),1,72
(185,108),1,44
(185,112),1,48
(185,113),1,1
(185,118),1,39
(185,120),1,4
(185,123),1,50
(185,126),1,8
(185,127),1,47
(185,128),1,37
(185,132),1,73
(185,134),1,9
(185,142),1,86
(185,148),1,13
(185,151),1,70
(185,155),1,85
(185,159),1,35
(185,162),1,68
(185,170),1,35
(185,171),1,82
(185,173),1,47
(185,174),1,25
(185,184),1,78
(185,189),1,47
(186,15),1,77
(186,22),1,40
(186,34),1,17
(186,72),1,17
(186,77),1,76
(186,93),1,2
(186,100),1,41
(186,134),1,42
(186,173),1,81
(187,4),1,16
(187,6),1,89
(187,13),1,7
(187,14),1,42
(187,15),1,58
(187,20),1,29
(187,24),1,72
(187,25),1,19
(187,30),1,46
(187,31),1,22
(187,32),1,69
(187,34),1,79
(187,35),1,34
(187,39),1,54
(187,46),1,6
(187,53),1,54
(187,54),1,86
(187,66),1,76
(187,68),1,70
(187,71),1,62
(187,72),1,59
(187,83),1,47
(187,85),1,55
(187,87),1,30
(187,90),1,28
(187,91),1,86
(187,93),1,32
(187,94),1,6
(187,95),1,49
(187,96),1,36
(187,100),1,65
(187,112),1,45
(187,113),1,47
(187,120),1,4
(187,123),1,56
(187,126),1,76
(187,128),1,34
(187,130),1,28
(187,132),1,37
(187,134),1,65
(187,142),1,3
(187,148),1,35
(187,151),1,37
(187,155),1,33
(187,162),1,66
(187,171),1,21
(187,173),1,34
(187,174),1,44
(187,181),1,50
(187,182),1,68
(187,184),1,74
(188,14),1,51
(188,46),1,56
(188,71),1,59
(188,90),1,76
(188,155),1,63
(189,15),1,54
(189,31),1,4
(189,34),1,70
(189,77),1,47
(189,93),1,3
(189,100),1,10
(189,134),1,35
(189,173),1,42
(190,6),1,81
(190,10),1,68
(190,13),1,83
(190,14),1,0
(190,15),1,15
(190,20),1,30
(190,24),1,19
(190,25),1,24
(190,30),1,19
(190,31),1,56
(190,32),1,8
(190,34),1,44
(190,35),1,48
(190,46),1,85
(190,53),1,76
(190,54),1,71
(190,57),1,51
(190,58),1,31
(190,66),1,8
(190,68),1,53
(190,71),1,11
(190,83),1,18
(190,85),1,33
(190,90),1,86
(190,91),1,11
(190,94),1,4
(190,95),1,13
(190,96),1,53
(190,100),1,43
(190,106),1,69
(190,108),1,31
(190,112),1,5
(190,113),1,23
(190,114),1,56
(190,120),1,71
(190,123),1,72
(190,126),1,62
(190,127),1,20
(190,128),1,38
(190,130),1,84
(190,132),1,52
(190,134),1,46
(190,142),1,39
(190,148),1,3
(190,155),1,81
(190,159),1,66
(190,162),1,77
(190,171),1,71
(190,173),1,65
(190,174),1,34
(190,182),1,54
(190,184),1,88
(191,15),1,75
(191,22),1,41
(191,34),1,25
(191,77),1,41
(191,93),1,69
(191,100),1,23
(191,134),1,70
(192,4),1,53
(192,6),1,47
(192,8),1,32
(192,13),1,73
(192,14),1,12
(192,15),1,68
(192,20),1,64
(192,24),1,21
(192,25),1,13
(192,30),1,51
(192,32),1,71
(192,34),1,10
(192,35),1,86
(192,46),1,29
(192,51),1,66
(192,53),1,22
(192,54),1,12
(192,57),1,81
(192,58),1,0
(192,66),1,88
(192,68),1,68
(192,71),1,83
(192,72),1,56
(192,77),1,14
(192,78),1,38
(192,83),1,37
(192,84),1,26
(192,85),1,44
(192,90),1,49
(192,91),1,74
(192,93),1,12
(192,94),1,75
(192,95),1,83
(192,96),1,44
(192,100),1,57
(192,102),1,52
(192,112),1,33
(192,113),1,22
(192,120),1,73
(192,123),1,78
(192,126),1,58
(192,128),1,45
(192,132),1,20
(192,134),1,14
(192,142),1,55
(192,148),1,36
(192,151),1,59
(192,155),1,52
(192,159),1,39
(192,162),1,57
(192,173),1,42
(192,174),1,75
(192,184),1,24
(193,15),1,29
(193,31),1,60
(193,77),1,48
(193,93),1,5
(193,100),1,26
(193,134),1,89
(193,173),1,82
(194,0),1,59
(194,1),1,21
(194,6),1,69
(194,13),1,85
(194,14),1,9
(194,15),1,71
(194,20),1,51
(194,25),1,60
(194,30),1,13
(194,32),1,84
(194,34),1,85
(194,46),1,72
(194,53),1,67
(194,54),1,54
(194,57),1,15
(194,66),1,65
(194,68),1,46
(194,69),1,57
(194,71),1,29
(194,72),1,37
(194,77),1,31
(194,83),1,23
(194,85),1,9
(194,88),1,49
(194,90),1,11
(194,91),1,25
(194,93),1,29
(194,94),1,10
(194,95),1,41
(194,96),1,17
(194,100),1,7
(194,108),1,42
(194,112),1,63
(194,113),1,29
(194,120),1,27
(194,123),1,7
(194,126),1,68
(194,127),1,88
(194,128),1,73
(194,130),1,0
(194,132),1,49
(194,134),1,32
(194,142),1,0
(194,148),1,22
(194,155),1,73
(194,159),1,33
(194,160),1,72
(194,162),1,38
(194,173),1,27
(194,174),1,37
(194,184),1,43
(194,189),1,18
(195,6),1,62
(195,13),1,62
(195,14),1,82
(195,15),1,16
(195,17),1,25
(195,20),1,4
(195,22),1,28
(195,24),1,62
(195,25),1,75
(195,30),1,79
(195,32),1,75
(195,34),1,49
(195,35),1,74
(195,46),1,41
(195,53),1,16
(195,54),1,12
(195,56),1,89
(195,57),1,75
(195,66),1,5
(195,68),1,74
(195,71),1,70
(195,77),1,52
(195,78),1,68
(195,79),1,24
(195,83),1,11
(195,85),1,58
(195,88),1,9
(195,90),1,79
(195,91),1,26
(195,93),1,84
(195,94),1,40
(195,95),1,58
(195,96),1,58
(195,100),1,12
(195,106),1,3
(195,112),1,57
(195,113),1,45
(195,120),1,82
(195,123),1,3
(195,126),1,18
(195,128),1,76
(195,132),1,75
(195,134),1,9
(195,142),1,49
(195,148),1,50
(195,151),1,84
(195,155),1,86
(195,162),1,13
(195,170),1,15
(195,173),1,54
(195,174),1,59
(195,181),1,55
(195,184),1,10
(195,185),1,16
(196,6),1,70
(196,13),1,29
(196,14),1,1
(196,15),1,89
(196,20),1,14
(196,22),1,0
(196,25),1,0
(196,30),1,2
(196,32),1,35
(196,34),1,84
(196,35),1,10
(196,42),1,87
(196,46),1,63
(196,53),1,66
(196,54),1,26
(196,57),1,60
(196,66),1,41
(196,68),1,60
(196,71),1,13
(196,72),1,80
(196,78),1,2
(196,83),1,68
(196,85),1,65
(196,90),1,31
(196,91),1,23
(196,94),1,22
(196,95),1,5
(196,96),1,75
(196,100),1,27
(196,106),1,84
(196,107),1,49
(196,108),1,56
(196,112),1,6
(196,113),1,9
(196,118),1,5
(196,120),1,67
(196,123),1,76
(196,126),1,31
(196,128),1,63
(196,130),1,76
(196,132),1,26
(196,134),1,22
(196,142),1,85
(196,148),1,27
(196,151),1,68
(196,155),1,64
(196,162),1,33
(196,164),1,45
(196,173),1,36
(196,174),1,87
(196,175),1,55
(196,181),1,69
(196,184),1,57
(197,14),1,50
(197,24),1,35
(197,46),1,37
(197,71),1,82
(197,90),1,69
(197,155),1,5
(198,15),1,54
(198,34),1,40
(198,72),1,54
(198,77),1,9
(198,93),1,10
(198,100),1,45
(198,134),1,78
(198,173),1,60
(199,15),1,18
(199,22),1,81
(199,31),1,7
(199,34),1,62
(199,93),1,50
(199,100),1,10
(199,134),1,29
(199,173),1,53
