Nr_Pairs = 200
Nr_NDD = 0
Nr_Arcs = 3860
0,0,1,0,1
1,0,1,1,2
2,0,0,0,2
3,0,0,0,1
4,0,1,0,0
5,0,1,1,2
6,0,1,0,2
7,0,1,1,2
8,0,1,1,2
9,0,0,0,1
10,0,1,0,0
11,0,0,0,2
12,0,1,0,0
13,0,1,0,0
14,0,1,0,1
15,0,0,0,2
16,0,0,1,2
17,0,0,0,2
18,0,0,0,2
19,0,0,0,1
20,0,3,0,2
21,0,0,0,2
22,0,1,0,2
23,0,0,0,2
24,0,1,0,2
25,0,0,1,2
26,0,1,0,1
27,0,1,1,2
28,0,0,0,1
29,0,1,0,0
30,0,1,0,0
31,0,2,0,2
32,0,0,1,2
33,0,1,1,2
34,0,1,0,0
35,0,0,0,2
36,0,1,0,0
37,0,1,0,2
38,0,1,0,2
39,0,0,1,2
40,0,0,1,1
41,0,2,2,2
42,0,0,0,2
43,0,0,0,2
44,0,1,1,2
45,0,1,2,0
46,0,2,2,2
47,0,1,0,2
48,0,0,0,2
49,0,1,2,2
50,0,1,1,2
51,0,0,0,2
52,0,1,0,2
53,0,0,2,2
54,0,1,0,2
55,0,1,1,2
56,0,1,0,2
57,0,0,0,2
58,0,1,0,1
59,0,2,1,2
60,0,3,2,0
61,0,0,0,2
62,0,1,0,0
63,0,1,2,2
64,0,1,0,0
65,0,0,1,2
66,0,1,0,2
67,0,0,0,2
68,0,1,0,0
69,0,1,2,0
70,0,1,0,2
71,0,0,1,2
72,0,0,0,2
73,0,1,0,0
74,0,1,0,2
75,0,1,1,2
76,0,1,0,2
77,0,0,0,2
78,0,2,0,1
79,0,2,2,2
80,0,2,1,2
81,0,0,0,2
82,0,1,0,0
83,0,0,0,2
84,0,0,0,1
85,0,0,0,2
86,0,1,1,2
87,0,1,0,0
88,0,2,2,2
89,0,0,1,1
90,0,1,1,2
91,0,2,0,2
92,0,1,1,2
93,0,1,1,2
94,0,1,0,1
95,0,1,1,2
96,0,1,0,0
97,0,1,0,0
98,0,2,0,2
99,0,0,0,2
100,0,1,0,2
101,0,2,0,0
102,0,1,0,1
103,0,1,1,2
104,0,1,0,0
105,0,2,1,2
106,0,2,1,0
107,0,1,1,1
108,0,2,0,2
109,0,0,0,2
110,0,1,0,0
111,0,1,0,2
112,0,0,0,2
113,0,1,0,0
114,0,1,0,0
115,0,0,0,2
116,0,1,0,2
117,0,3,0,0
118,0,1,0,2
119,0,1,1,2
120,0,1,0,1
121,0,0,0,2
122,0,0,0,2
123,0,0,0,2
124,0,0,0,2
125,0,1,1,2
126,0,2,0,0
127,0,0,0,2
128,0,0,1,2
129,0,0,0,2
130,0,1,0,0
131,0,1,1,2
132,0,0,0,2
133,0,1,0,2
134,0,1,0,0
135,0,1,0,0
136,0,2,2,2
137,0,2,2,2
138,0,1,0,0
139,0,1,1,2
140,0,1,0,0
141,0,1,0,1
142,0,1,0,0
143,0,0,0,2
144,0,0,1,2
145,0,1,0,0
146,0,1,0,0
147,0,2,1,0
148,0,1,0,2
149,0,0,2,2
150,0,1,0,0
151,0,0,0,1
152,0,0,1,2
153,0,1,2,2
154,0,3,0,0
155,0,0,2,1
156,0,1,1,2
157,0,0,2,2
158,0,1,0,0
159,0,1,0,1
160,0,0,0,2
161,0,0,0,2
162,0,1,2,1
163,0,0,1,2
164,0,1,0,1
165,0,2,0,0
166,0,0,0,2
167,0,1,0,2
168,0,1,1,2
169,0,2,2,1
170,0,1,1,2
171,0,1,2,2
172,0,1,1,2
173,0,1,0,0
174,0,1,0,0
175,0,1,2,2
176,0,1,0,2
177,0,2,2,1
178,0,1,0,0
179,0,1,1,2
180,0,0,3,2
181,0,1,0,2
182,0,0,0,2
183,0,0,0,1
184,0,1,1,2
185,0,2,1,1
186,0,2,0,0
187,0,2,2,2
188,0,1,0,2
189,0,1,2,2
190,0,1,1,2
191,0,2,2,1
192,0,1,0,2
193,0,2,0,2
194,0,0,0,2
195,0,1,1,2
196,0,1,0,0
197,0,1,0,0
198,0,1,0,1
199,0,0,0,1
(0,40),1,63
(0,89),1,35
(0,106),1,82
(0,147),1,25
(1,44),1,12
(1,89),1,10
(1,106),1,18
(1,147),1,38
(2,4),1,27
(2,10),1,16
(2,12),1,54
(2,13),1,77
(2,14),1,43
(2,19),1,28
(2,29),1,8
(2,30),1,77
(2,34),1,28
(2,36),1,21
(2,40),1,52
(2,45),1,85
(2,60),1,3
(2,62),1,55
(2,64),1,15
(2,69),1,24
(2,73),1,16
(2,82),1,43
(2,84),1,4
(2,87),1,74
(2,92),1,58
(2,96),1,38
(2,97),1,42
(2,101),1,69
(2,104),1,18
(2,110),1,14
(2,113),1,43
(2,114),1,68
(2,117),1,29
(2,126),1,85
(2,130),1,41
(2,134),1,19
(2,135),1,75
(2,138),1,89
(2,140),1,0
(2,141),1,40
(2,145),1,18
(2,146),1,38
(2,147),1,38
(2,150),1,26
(2,154),1,41
(2,158),1,83
(2,162),1,66
(2,164),1,50
(2,165),1,9
(2,173),1,89
(2,174),1,82
(2,178),1,43
(2,185),1,37
(2,196),1,47
(2,197),1,81
(3,0),1,51
(3,4),1,57
(3,10),1,58
(3,12),1,66
(3,13),1,24
(3,19),1,61
(3,30),1,86
(3,34),1,89
(3,36),1,21
(3,45),1,67
(3,57),1,52
(3,58),1,80
(3,60),1,8
(3,62),1,43
(3,64),1,58
(3,68),1,42
(3,69),1,18
(3,73),1,11
(3,78),1,31
(3,82),1,59
(3,84),1,45
(3,94),1,66
(3,96),1,73
(3,97),1,43
(3,101),1,28
(3,104),1,14
(3,106),1,64
(3,107),1,34
(3,109),1,56
(3,110),1,18
(3,113),1,62
(3,114),1,46
(3,117),1,73
(3,126),1,25
(3,130),1,16
(3,134),1,36
(3,135),1,60
(3,138),1,67
(3,140),1,21
(3,142),1,67
(3,145),1,48
(3,146),1,78
(3,147),1,30
(3,149),1,78
(3,151),1,17
(3,154),1,6
(3,158),1,43
(3,160),1,48
(3,162),1,56
(3,164),1,39
(3,165),1,33
(3,173),1,66
(3,174),1,35
(3,178),1,55
(3,186),1,30
(3,196),1,1
(3,197),1,74
(4,40),1,89
(4,44),1,46
(4,147),1,74
(4,185),1,14
(5,106),1,48
(5,147),1,37
(5,172),1,34
(5,185),1,19
(6,89),1,49
(6,147),1,53
(6,156),1,21
(6,185),1,12
(7,71),1,76
(7,89),1,74
(7,106),1,76
(7,107),1,58
(7,147),1,22
(7,185),1,80
(8,40),1,15
(8,106),1,29
(8,107),1,48
(8,147),1,7
(9,0),1,70
(9,4),1,37
(9,10),1,64
(9,12),1,23
(9,13),1,69
(9,14),1,43
(9,30),1,41
(9,34),1,60
(9,36),1,76
(9,42),1,53
(9,45),1,61
(9,55),1,77
(9,57),1,56
(9,60),1,77
(9,62),1,22
(9,64),1,80
(9,68),1,24
(9,69),1,3
(9,73),1,72
(9,78),1,23
(9,82),1,10
(9,96),1,86
(9,97),1,53
(9,101),1,63
(9,104),1,27
(9,107),1,65
(9,110),1,18
(9,113),1,48
(9,114),1,54
(9,117),1,2
(9,126),1,7
(9,130),1,12
(9,135),1,21
(9,138),1,47
(9,140),1,23
(9,145),1,56
(9,146),1,6
(9,147),1,37
(9,150),1,43
(9,154),1,71
(9,156),1,7
(9,158),1,75
(9,164),1,79
(9,165),1,87
(9,173),1,15
(9,174),1,68
(9,178),1,28
(9,183),1,42
(9,185),1,14
(9,196),1,70
(9,197),1,6
(9,198),1,38
(10,40),1,34
(10,55),1,86
(10,89),1,75
(10,106),1,19
(10,147),1,31
(11,4),1,6
(11,10),1,36
(11,12),1,49
(11,13),1,85
(11,28),1,18
(11,30),1,4
(11,34),1,64
(11,36),1,83
(11,40),1,35
(11,45),1,9
(11,56),1,86
(11,59),1,38
(11,62),1,2
(11,64),1,63
(11,69),1,70
(11,73),1,46
(11,82),1,31
(11,84),1,39
(11,87),1,74
(11,96),1,68
(11,97),1,84
(11,101),1,63
(11,104),1,52
(11,106),1,61
(11,107),1,52
(11,110),1,57
(11,113),1,32
(11,114),1,77
(11,117),1,63
(11,118),1,54
(11,120),1,74
(11,121),1,53
(11,128),1,79
(11,130),1,16
(11,134),1,28
(11,135),1,82
(11,138),1,51
(11,140),1,28
(11,141),1,19
(11,142),1,62
(11,145),1,33
(11,146),1,86
(11,147),1,79
(11,154),1,36
(11,155),1,62
(11,158),1,5
(11,165),1,55
(11,173),1,48
(11,177),1,65
(11,178),1,50
(11,183),1,29
(11,185),1,70
(11,186),1,10
(11,196),1,43
(11,197),1,66
(11,198),1,75
(12,59),1,62
(12,106),1,7
(12,147),1,41
(12,185),1,59
(13,33),1,32
(13,89),1,45
(13,147),1,73
(13,156),1,13
(13,185),1,17
(14,89),1,39
(14,106),1,78
(14,147),1,6
(15,0),1,42
(15,3),1,37
(15,4),1,38
(15,10),1,50
(15,12),1,38
(15,13),1,76
(15,14),1,14
(15,29),1,35
(15,30),1,60
(15,33),1,85
(15,34),1,2
(15,36),1,88
(15,45),1,69
(15,60),1,76
(15,62),1,5
(15,64),1,33
(15,69),1,55
(15,73),1,38
(15,82),1,15
(15,84),1,1
(15,87),1,67
(15,96),1,4
(15,97),1,79
(15,101),1,84
(15,102),1,42
(15,104),1,83
(15,107),1,63
(15,113),1,50
(15,114),1,33
(15,117),1,56
(15,126),1,64
(15,130),1,84
(15,134),1,48
(15,135),1,18
(15,138),1,77
(15,139),1,26
(15,140),1,68
(15,145),1,6
(15,146),1,35
(15,147),1,14
(15,149),1,86
(15,150),1,49
(15,154),1,59
(15,158),1,17
(15,162),1,68
(15,165),1,56
(15,173),1,85
(15,174),1,55
(15,178),1,84
(15,185),1,50
(15,196),1,36
(15,197),1,50
(16,0),1,76
(16,3),1,69
(16,4),1,23
(16,10),1,69
(16,12),1,5
(16,13),1,34
(16,29),1,73
(16,30),1,2
(16,34),1,37
(16,36),1,44
(16,44),1,16
(16,45),1,36
(16,58),1,6
(16,62),1,20
(16,64),1,67
(16,68),1,81
(16,69),1,39
(16,73),1,30
(16,78),1,32
(16,82),1,48
(16,84),1,71
(16,89),1,87
(16,96),1,86
(16,97),1,55
(16,101),1,25
(16,102),1,31
(16,104),1,47
(16,106),1,46
(16,107),1,86
(16,113),1,14
(16,114),1,32
(16,117),1,0
(16,126),1,73
(16,130),1,36
(16,135),1,28
(16,138),1,22
(16,140),1,12
(16,145),1,83
(16,146),1,57
(16,147),1,21
(16,150),1,61
(16,154),1,7
(16,158),1,87
(16,162),1,73
(16,164),1,83
(16,165),1,89
(16,173),1,61
(16,178),1,25
(16,186),1,12
(16,196),1,3
(16,197),1,4
(16,198),1,65
(17,3),1,42
(17,4),1,2
(17,10),1,11
(17,12),1,64
(17,13),1,69
(17,14),1,50
(17,29),1,79
(17,30),1,57
(17,33),1,45
(17,34),1,70
(17,36),1,24
(17,45),1,65
(17,60),1,41
(17,62),1,36
(17,64),1,52
(17,66),1,88
(17,68),1,61
(17,69),1,2
(17,73),1,33
(17,82),1,54
(17,89),1,39
(17,94),1,28
(17,96),1,23
(17,97),1,12
(17,101),1,37
(17,104),1,16
(17,106),1,13
(17,107),1,38
(17,110),1,35
(17,113),1,9
(17,114),1,36
(17,117),1,27
(17,118),1,50
(17,126),1,8
(17,134),1,37
(17,135),1,30
(17,138),1,3
(17,140),1,0
(17,141),1,26
(17,142),1,89
(17,145),1,89
(17,146),1,40
(17,147),1,54
(17,149),1,20
(17,150),1,0
(17,154),1,69
(17,158),1,19
(17,159),1,24
(17,164),1,27
(17,165),1,75
(17,173),1,16
(17,177),1,62
(17,178),1,80
(17,185),1,37
(17,186),1,49
(17,196),1,10
(17,197),1,47
(18,4),1,24
(18,9),1,27
(18,10),1,56
(18,12),1,49
(18,13),1,36
(18,26),1,80
(18,29),1,57
(18,30),1,45
(18,34),1,56
(18,36),1,18
(18,41),1,86
(18,45),1,75
(18,57),1,71
(18,60),1,81
(18,62),1,36
(18,64),1,70
(18,66),1,38
(18,68),1,34
(18,69),1,23
(18,73),1,13
(18,76),1,77
(18,78),1,80
(18,82),1,39
(18,84),1,64
(18,87),1,61
(18,96),1,59
(18,97),1,78
(18,101),1,38
(18,104),1,34
(18,106),1,88
(18,107),1,28
(18,110),1,18
(18,113),1,81
(18,114),1,53
(18,117),1,38
(18,126),1,19
(18,130),1,31
(18,135),1,62
(18,138),1,6
(18,140),1,71
(18,142),1,75
(18,145),1,11
(18,146),1,80
(18,147),1,5
(18,149),1,43
(18,150),1,89
(18,154),1,10
(18,156),1,65
(18,158),1,36
(18,162),1,78
(18,165),1,15
(18,173),1,39
(18,174),1,82
(18,178),1,61
(18,185),1,2
(18,186),1,26
(18,191),1,26
(18,196),1,85
(18,197),1,62
(18,198),1,57
(19,4),1,1
(19,9),1,42
(19,10),1,30
(19,12),1,21
(19,13),1,88
(19,14),1,74
(19,28),1,63
(19,30),1,4
(19,34),1,61
(19,36),1,57
(19,40),1,56
(19,44),1,84
(19,45),1,52
(19,60),1,49
(19,62),1,48
(19,64),1,64
(19,68),1,12
(19,69),1,78
(19,73),1,7
(19,78),1,75
(19,82),1,36
(19,87),1,87
(19,96),1,87
(19,97),1,33
(19,101),1,64
(19,104),1,79
(19,109),1,50
(19,110),1,19
(19,113),1,79
(19,114),1,26
(19,117),1,34
(19,126),1,16
(19,127),1,26
(19,130),1,85
(19,134),1,35
(19,135),1,38
(19,138),1,73
(19,140),1,52
(19,142),1,53
(19,145),1,80
(19,146),1,58
(19,147),1,63
(19,154),1,80
(19,158),1,11
(19,162),1,55
(19,164),1,25
(19,165),1,77
(19,173),1,42
(19,174),1,12
(19,178),1,48
(19,186),1,8
(19,191),1,17
(19,193),1,1
(19,196),1,89
(19,197),1,54
(21,0),1,38
(21,4),1,38
(21,10),1,7
(21,12),1,68
(21,13),1,40
(21,14),1,66
(21,19),1,57
(21,26),1,21
(21,28),1,44
(21,30),1,86
(21,34),1,29
(21,36),1,31
(21,45),1,85
(21,60),1,2
(21,62),1,56
(21,64),1,44
(21,69),1,74
(21,73),1,21
(21,78),1,24
(21,82),1,76
(21,87),1,37
(21,89),1,40
(21,96),1,43
(21,97),1,48
(21,101),1,9
(21,104),1,72
(21,106),1,87
(21,107),1,79
(21,110),1,32
(21,111),1,84
(21,113),1,30
(21,114),1,78
(21,117),1,78
(21,126),1,0
(21,130),1,50
(21,134),1,71
(21,135),1,33
(21,138),1,19
(21,140),1,28
(21,145),1,36
(21,146),1,6
(21,147),1,19
(21,150),1,42
(21,154),1,14
(21,158),1,5
(21,162),1,46
(21,164),1,64
(21,165),1,46
(21,173),1,89
(21,174),1,87
(21,178),1,80
(21,185),1,32
(21,186),1,80
(21,196),1,1
(21,197),1,86
(22,106),1,13
(22,147),1,12
(22,185),1,64
(23,0),1,12
(23,4),1,89
(23,8),1,54
(23,10),1,76
(23,12),1,22
(23,13),1,49
(23,19),1,11
(23,26),1,39
(23,29),1,85
(23,30),1,7
(23,34),1,11
(23,36),1,75
(23,40),1,62
(23,45),1,74
(23,60),1,59
(23,62),1,42
(23,64),1,48
(23,68),1,20
(23,69),1,21
(23,73),1,60
(23,82),1,55
(23,84),1,14
(23,94),1,39
(23,96),1,37
(23,98),1,89
(23,101),1,3
(23,104),1,64
(23,106),1,65
(23,107),1,71
(23,113),1,88
(23,114),1,33
(23,117),1,59
(23,130),1,70
(23,134),1,41
(23,135),1,77
(23,137),1,51
(23,138),1,20
(23,140),1,35
(23,141),1,78
(23,145),1,83
(23,146),1,71
(23,147),1,65
(23,150),1,45
(23,151),1,24
(23,154),1,76
(23,158),1,71
(23,160),1,44
(23,165),1,45
(23,173),1,17
(23,174),1,51
(23,178),1,37
(23,183),1,45
(23,185),1,51
(23,196),1,6
(23,197),1,77
(24,40),1,45
(24,89),1,51
(24,147),1,9
(24,185),1,34
(25,4),1,12
(25,12),1,77
(25,13),1,84
(25,26),1,55
(25,29),1,43
(25,30),1,34
(25,34),1,1
(25,36),1,72
(25,41),1,5
(25,44),1,63
(25,45),1,19
(25,60),1,6
(25,62),1,66
(25,64),1,79
(25,66),1,85
(25,68),1,76
(25,69),1,55
(25,73),1,7
(25,82),1,9
(25,84),1,61
(25,96),1,36
(25,101),1,86
(25,104),1,51
(25,107),1,21
(25,113),1,20
(25,114),1,76
(25,117),1,71
(25,120),1,48
(25,126),1,66
(25,134),1,80
(25,135),1,37
(25,138),1,56
(25,140),1,44
(25,141),1,82
(25,142),1,30
(25,145),1,23
(25,146),1,71
(25,147),1,63
(25,154),1,34
(25,158),1,69
(25,162),1,73
(25,165),1,75
(25,173),1,78
(25,174),1,1
(25,177),1,44
(25,178),1,46
(25,185),1,84
(25,191),1,61
(25,196),1,8
(25,197),1,62
(25,199),1,88
(26,44),1,32
(26,90),1,34
(26,107),1,53
(26,147),1,62
(27,89),1,73
(27,106),1,13
(27,147),1,15
(28,0),1,85
(28,4),1,12
(28,10),1,64
(28,12),1,68
(28,13),1,57
(28,19),1,18
(28,30),1,60
(28,34),1,45
(28,36),1,64
(28,41),1,87
(28,45),1,6
(28,60),1,88
(28,62),1,47
(28,64),1,56
(28,68),1,16
(28,69),1,3
(28,73),1,13
(28,82),1,7
(28,84),1,70
(28,87),1,77
(28,89),1,60
(28,96),1,71
(28,97),1,29
(28,101),1,24
(28,104),1,25
(28,105),1,27
(28,107),1,8
(28,111),1,71
(28,113),1,55
(28,114),1,36
(28,117),1,72
(28,130),1,53
(28,134),1,14
(28,135),1,13
(28,138),1,1
(28,140),1,80
(28,145),1,54
(28,146),1,43
(28,147),1,2
(28,150),1,51
(28,154),1,70
(28,158),1,46
(28,160),1,46
(28,162),1,36
(28,164),1,24
(28,165),1,29
(28,174),1,46
(28,178),1,60
(28,181),1,7
(28,196),1,11
(28,197),1,62
(28,198),1,73
(29,92),1,33
(29,107),1,82
(29,147),1,63
(30,8),1,36
(30,89),1,22
(30,147),1,34
(30,172),1,52
(30,185),1,85
(31,45),1,48
(31,60),1,81
(31,69),1,34
(32,3),1,60
(32,4),1,65
(32,10),1,30
(32,12),1,84
(32,13),1,37
(32,14),1,4
(32,26),1,2
(32,30),1,12
(32,34),1,51
(32,36),1,9
(32,40),1,33
(32,45),1,85
(32,58),1,59
(32,60),1,79
(32,62),1,84
(32,64),1,11
(32,68),1,36
(32,69),1,85
(32,73),1,2
(32,78),1,19
(32,82),1,64
(32,87),1,31
(32,94),1,72
(32,96),1,83
(32,97),1,88
(32,101),1,10
(32,113),1,88
(32,114),1,44
(32,117),1,74
(32,134),1,26
(32,135),1,9
(32,138),1,57
(32,140),1,31
(32,142),1,13
(32,145),1,40
(32,146),1,3
(32,147),1,68
(32,150),1,57
(32,154),1,17
(32,158),1,75
(32,165),1,80
(32,169),1,60
(32,173),1,10
(32,178),1,0
(32,186),1,81
(32,196),1,52
(32,197),1,78
(33,89),1,33
(33,106),1,84
(33,147),1,27
(33,180),1,67
(34,8),1,3
(34,89),1,73
(34,147),1,46
(34,172),1,56
(35,4),1,61
(35,10),1,53
(35,12),1,42
(35,13),1,79
(35,19),1,7
(35,26),1,30
(35,30),1,38
(35,34),1,7
(35,36),1,55
(35,45),1,46
(35,60),1,15
(35,62),1,88
(35,64),1,53
(35,65),1,39
(35,66),1,81
(35,68),1,84
(35,69),1,19
(35,73),1,67
(35,78),1,29
(35,82),1,41
(35,87),1,46
(35,94),1,60
(35,96),1,13
(35,97),1,15
(35,101),1,23
(35,106),1,5
(35,110),1,76
(35,113),1,28
(35,114),1,50
(35,117),1,65
(35,120),1,32
(35,126),1,60
(35,130),1,40
(35,134),1,70
(35,135),1,79
(35,138),1,13
(35,140),1,55
(35,145),1,68
(35,146),1,5
(35,147),1,67
(35,150),1,12
(35,154),1,18
(35,158),1,21
(35,162),1,39
(35,165),1,74
(35,173),1,33
(35,177),1,81
(35,178),1,65
(35,186),1,87
(35,196),1,74
(35,197),1,55
(36,8),1,34
(36,89),1,75
(36,92),1,4
(36,106),1,47
(36,147),1,57
(36,185),1,2
(37,33),1,80
(37,89),1,56
(37,147),1,75
(38,107),1,8
(38,147),1,82
(38,185),1,59
(39,4),1,30
(39,10),1,88
(39,12),1,40
(39,13),1,85
(39,14),1,52
(39,30),1,17
(39,34),1,35
(39,36),1,4
(39,42),1,83
(39,45),1,72
(39,60),1,11
(39,62),1,87
(39,64),1,74
(39,68),1,89
(39,69),1,87
(39,73),1,36
(39,82),1,83
(39,84),1,76
(39,87),1,21
(39,90),1,32
(39,96),1,2
(39,101),1,38
(39,104),1,31
(39,106),1,62
(39,110),1,70
(39,113),1,1
(39,114),1,50
(39,116),1,24
(39,117),1,22
(39,132),1,1
(39,134),1,67
(39,135),1,62
(39,138),1,54
(39,140),1,49
(39,142),1,1
(39,145),1,87
(39,146),1,15
(39,147),1,77
(39,149),1,29
(39,154),1,54
(39,158),1,56
(39,165),1,45
(39,173),1,49
(39,174),1,3
(39,178),1,85
(39,183),1,17
(39,186),1,33
(39,191),1,52
(39,193),1,56
(39,196),1,16
(39,197),1,11
(40,3),1,30
(40,4),1,65
(40,10),1,61
(40,12),1,17
(40,13),1,76
(40,29),1,11
(40,30),1,15
(40,34),1,82
(40,36),1,14
(40,45),1,62
(40,58),1,5
(40,60),1,43
(40,62),1,58
(40,64),1,2
(40,66),1,37
(40,68),1,27
(40,69),1,29
(40,73),1,39
(40,82),1,35
(40,87),1,45
(40,96),1,81
(40,101),1,33
(40,104),1,36
(40,108),1,52
(40,113),1,65
(40,114),1,54
(40,117),1,51
(40,126),1,62
(40,130),1,53
(40,134),1,45
(40,135),1,6
(40,138),1,69
(40,140),1,36
(40,142),1,89
(40,145),1,23
(40,146),1,54
(40,147),1,39
(40,150),1,71
(40,154),1,14
(40,155),1,65
(40,158),1,15
(40,164),1,5
(40,165),1,46
(40,174),1,80
(40,177),1,71
(40,178),1,80
(40,185),1,73
(40,196),1,8
(40,197),1,75
(41,45),1,57
(41,60),1,82
(41,69),1,37
(41,136),1,59
(41,162),1,58
(42,4),1,80
(42,12),1,10
(42,13),1,5
(42,14),1,44
(42,19),1,35
(42,28),1,65
(42,30),1,87
(42,34),1,26
(42,36),1,55
(42,37),1,39
(42,44),1,7
(42,45),1,46
(42,62),1,0
(42,64),1,73
(42,68),1,78
(42,69),1,79
(42,73),1,66
(42,75),1,78
(42,78),1,13
(42,82),1,74
(42,87),1,77
(42,96),1,70
(42,97),1,48
(42,101),1,19
(42,105),1,83
(42,106),1,21
(42,113),1,33
(42,114),1,81
(42,117),1,88
(42,119),1,74
(42,126),1,64
(42,128),1,89
(42,129),1,7
(42,130),1,49
(42,134),1,65
(42,135),1,39
(42,138),1,89
(42,140),1,61
(42,145),1,61
(42,146),1,41
(42,147),1,20
(42,151),1,79
(42,154),1,61
(42,156),1,20
(42,158),1,54
(42,164),1,74
(42,165),1,0
(42,169),1,52
(42,173),1,47
(42,178),1,69
(42,186),1,89
(42,196),1,71
(42,197),1,87
(43,4),1,81
(43,9),1,66
(43,10),1,30
(43,12),1,57
(43,13),1,88
(43,29),1,66
(43,30),1,8
(43,34),1,15
(43,36),1,70
(43,45),1,41
(43,60),1,76
(43,62),1,83
(43,64),1,61
(43,69),1,10
(43,73),1,11
(43,82),1,55
(43,84),1,41
(43,87),1,68
(43,94),1,53
(43,95),1,21
(43,96),1,89
(43,101),1,53
(43,104),1,1
(43,110),1,35
(43,111),1,89
(43,113),1,39
(43,114),1,25
(43,117),1,28
(43,126),1,41
(43,134),1,2
(43,135),1,82
(43,138),1,80
(43,140),1,1
(43,142),1,64
(43,145),1,42
(43,146),1,40
(43,147),1,79
(43,150),1,79
(43,151),1,47
(43,154),1,82
(43,155),1,74
(43,158),1,6
(43,162),1,40
(43,164),1,42
(43,165),1,26
(43,173),1,28
(43,174),1,45
(43,178),1,78
(43,185),1,25
(43,196),1,29
(43,197),1,54
(43,199),1,89
(44,40),1,57
(44,59),1,34
(44,106),1,11
(44,107),1,15
(44,147),1,15
(44,185),1,2
(45,40),1,44
(45,44),1,38
(45,106),1,53
(45,147),1,0
(46,45),1,79
(46,49),1,74
(46,60),1,57
(46,69),1,36
(47,71),1,31
(47,89),1,49
(47,107),1,45
(47,147),1,11
(47,172),1,44
(47,185),1,7
(48,4),1,18
(48,12),1,76
(48,13),1,13
(48,19),1,89
(48,29),1,70
(48,30),1,60
(48,34),1,51
(48,36),1,53
(48,45),1,88
(48,58),1,22
(48,60),1,39
(48,62),1,20
(48,64),1,58
(48,68),1,70
(48,69),1,51
(48,73),1,79
(48,78),1,16
(48,82),1,20
(48,84),1,29
(48,89),1,49
(48,96),1,67
(48,97),1,17
(48,101),1,57
(48,104),1,86
(48,106),1,25
(48,107),1,21
(48,113),1,21
(48,114),1,80
(48,117),1,85
(48,118),1,86
(48,127),1,48
(48,130),1,35
(48,134),1,62
(48,135),1,0
(48,138),1,0
(48,140),1,3
(48,141),1,57
(48,142),1,46
(48,145),1,70
(48,146),1,63
(48,147),1,68
(48,150),1,32
(48,154),1,32
(48,158),1,50
(48,164),1,86
(48,165),1,12
(48,173),1,18
(48,174),1,28
(48,177),1,77
(48,178),1,35
(48,180),1,51
(48,183),1,9
(48,186),1,61
(48,196),1,2
(48,197),1,19
(48,198),1,4
(49,40),1,89
(49,106),1,85
(49,107),1,34
(49,147),1,88
(49,172),1,57
(49,185),1,58
(50,89),1,8
(50,93),1,8
(50,147),1,73
(50,172),1,54
(50,185),1,21
(51,4),1,1
(51,8),1,83
(51,12),1,43
(51,13),1,46
(51,14),1,81
(51,19),1,16
(51,30),1,11
(51,34),1,10
(51,36),1,27
(51,45),1,61
(51,52),1,33
(51,60),1,50
(51,62),1,4
(51,64),1,20
(51,68),1,8
(51,69),1,73
(51,71),1,19
(51,73),1,88
(51,78),1,87
(51,82),1,69
(51,87),1,13
(51,94),1,36
(51,96),1,58
(51,98),1,60
(51,101),1,72
(51,106),1,34
(51,107),1,11
(51,110),1,44
(51,113),1,51
(51,114),1,64
(51,116),1,64
(51,117),1,65
(51,126),1,7
(51,130),1,5
(51,135),1,2
(51,138),1,8
(51,140),1,22
(51,141),1,74
(51,142),1,71
(51,145),1,46
(51,146),1,51
(51,147),1,43
(51,149),1,8
(51,150),1,22
(51,154),1,30
(51,158),1,12
(51,164),1,28
(51,165),1,10
(51,169),1,46
(51,174),1,21
(51,178),1,1
(51,183),1,68
(51,185),1,46
(51,191),1,48
(51,196),1,2
(51,197),1,15
(51,199),1,36
(52,40),1,60
(52,89),1,34
(52,95),1,71
(52,106),1,80
(52,147),1,16
(52,156),1,50
(53,3),1,34
(53,4),1,51
(53,10),1,67
(53,12),1,36
(53,13),1,17
(53,29),1,80
(53,30),1,0
(53,34),1,38
(53,36),1,41
(53,45),1,85
(53,47),1,51
(53,57),1,46
(53,60),1,8
(53,62),1,10
(53,64),1,89
(53,69),1,87
(53,73),1,78
(53,82),1,69
(53,96),1,3
(53,101),1,29
(53,107),1,78
(53,110),1,42
(53,113),1,42
(53,114),1,36
(53,117),1,55
(53,126),1,30
(53,134),1,88
(53,135),1,5
(53,138),1,2
(53,140),1,43
(53,145),1,17
(53,146),1,53
(53,147),1,49
(53,150),1,35
(53,154),1,79
(53,158),1,19
(53,159),1,11
(53,165),1,30
(53,169),1,7
(53,173),1,42
(53,174),1,70
(53,177),1,43
(53,178),1,42
(53,185),1,60
(53,194),1,0
(53,196),1,50
(53,197),1,88
(53,198),1,39
(53,199),1,83
(54,59),1,52
(54,106),1,41
(54,147),1,6
(55,7),1,4
(55,44),1,19
(55,59),1,15
(55,106),1,36
(55,147),1,78
(55,156),1,15
(55,185),1,6
(56,40),1,61
(56,147),1,87
(56,185),1,64
(57,3),1,53
(57,4),1,9
(57,10),1,45
(57,12),1,22
(57,13),1,46
(57,29),1,62
(57,30),1,33
(57,34),1,18
(57,36),1,12
(57,38),1,47
(57,45),1,2
(57,60),1,46
(57,62),1,80
(57,63),1,15
(57,64),1,68
(57,68),1,12
(57,69),1,10
(57,73),1,17
(57,82),1,43
(57,87),1,72
(57,96),1,23
(57,97),1,60
(57,101),1,37
(57,104),1,6
(57,105),1,30
(57,106),1,52
(57,110),1,37
(57,113),1,61
(57,114),1,54
(57,117),1,8
(57,126),1,57
(57,130),1,67
(57,135),1,31
(57,138),1,86
(57,140),1,80
(57,142),1,13
(57,145),1,64
(57,146),1,85
(57,147),1,73
(57,151),1,36
(57,154),1,33
(57,158),1,15
(57,164),1,36
(57,165),1,9
(57,173),1,84
(57,174),1,9
(57,178),1,5
(57,183),1,16
(57,186),1,47
(57,196),1,56
(57,197),1,89
(58,59),1,79
(58,89),1,15
(58,106),1,17
(58,107),1,58
(58,128),1,22
(58,147),1,36
(59,41),1,11
(59,45),1,3
(59,69),1,39
(59,149),1,22
(59,162),1,53
(61,4),1,80
(61,8),1,57
(61,10),1,18
(61,12),1,71
(61,13),1,3
(61,17),1,38
(61,19),1,75
(61,29),1,18
(61,30),1,89
(61,34),1,80
(61,36),1,18
(61,45),1,54
(61,55),1,34
(61,60),1,85
(61,62),1,61
(61,64),1,11
(61,68),1,46
(61,69),1,49
(61,70),1,55
(61,73),1,18
(61,78),1,73
(61,82),1,2
(61,89),1,81
(61,96),1,80
(61,97),1,88
(61,101),1,65
(61,104),1,27
(61,106),1,72
(61,113),1,4
(61,114),1,49
(61,117),1,65
(61,120),1,29
(61,126),1,17
(61,130),1,58
(61,134),1,78
(61,135),1,13
(61,138),1,18
(61,140),1,4
(61,145),1,11
(61,146),1,62
(61,147),1,82
(61,150),1,21
(61,151),1,86
(61,154),1,84
(61,158),1,31
(61,164),1,48
(61,165),1,31
(61,169),1,9
(61,172),1,12
(61,173),1,42
(61,178),1,62
(61,180),1,32
(61,183),1,88
(61,185),1,4
(61,186),1,87
(61,196),1,37
(61,197),1,82
(61,198),1,16
(62,8),1,46
(62,106),1,68
(62,147),1,54
(63,107),1,57
(63,147),1,89
(64,147),1,52
(65,4),1,57
(65,10),1,68
(65,12),1,11
(65,13),1,54
(65,14),1,72
(65,19),1,83
(65,26),1,45
(65,29),1,32
(65,30),1,11
(65,34),1,88
(65,36),1,10
(65,45),1,67
(65,60),1,23
(65,62),1,64
(65,64),1,44
(65,68),1,79
(65,69),1,60
(65,73),1,4
(65,82),1,78
(65,84),1,44
(65,87),1,54
(65,96),1,87
(65,101),1,80
(65,104),1,23
(65,106),1,55
(65,110),1,21
(65,113),1,27
(65,114),1,62
(65,117),1,57
(65,126),1,45
(65,130),1,18
(65,134),1,25
(65,135),1,4
(65,138),1,11
(65,140),1,57
(65,142),1,71
(65,145),1,25
(65,146),1,81
(65,147),1,15
(65,150),1,42
(65,154),1,82
(65,158),1,14
(65,159),1,69
(65,165),1,57
(65,169),1,2
(65,173),1,2
(65,174),1,49
(65,178),1,88
(65,185),1,41
(65,186),1,13
(65,191),1,20
(65,196),1,36
(65,197),1,58
(66,40),1,28
(66,147),1,54
(67,0),1,33
(67,4),1,30
(67,9),1,15
(67,10),1,55
(67,12),1,11
(67,13),1,46
(67,29),1,28
(67,30),1,10
(67,34),1,81
(67,36),1,78
(67,38),1,23
(67,45),1,84
(67,60),1,84
(67,62),1,41
(67,64),1,25
(67,69),1,6
(67,73),1,31
(67,78),1,6
(67,82),1,9
(67,84),1,27
(67,87),1,80
(67,96),1,28
(67,97),1,53
(67,101),1,30
(67,107),1,73
(67,110),1,28
(67,113),1,79
(67,114),1,63
(67,117),1,78
(67,126),1,47
(67,130),1,58
(67,134),1,58
(67,135),1,75
(67,138),1,58
(67,140),1,32
(67,142),1,82
(67,145),1,89
(67,146),1,30
(67,147),1,56
(67,154),1,8
(67,158),1,5
(67,164),1,68
(67,165),1,61
(67,177),1,61
(67,178),1,79
(67,186),1,66
(67,196),1,30
(67,197),1,34
(68,107),1,14
(68,119),1,25
(68,147),1,0
(68,156),1,14
(68,185),1,28
(69,8),1,29
(69,44),1,9
(69,106),1,43
(69,107),1,17
(69,147),1,20
(69,185),1,65
(69,195),1,74
(70,8),1,46
(70,147),1,26
(70,156),1,67
(71,4),1,23
(71,10),1,14
(71,12),1,72
(71,13),1,9
(71,14),1,57
(71,30),1,34
(71,34),1,51
(71,36),1,69
(71,37),1,83
(71,45),1,89
(71,55),1,55
(71,57),1,39
(71,60),1,72
(71,62),1,31
(71,64),1,66
(71,66),1,78
(71,68),1,58
(71,69),1,77
(71,73),1,49
(71,78),1,18
(71,82),1,39
(71,84),1,88
(71,87),1,25
(71,96),1,8
(71,97),1,49
(71,101),1,21
(71,102),1,48
(71,104),1,33
(71,106),1,54
(71,110),1,58
(71,113),1,84
(71,114),1,30
(71,117),1,42
(71,126),1,86
(71,130),1,68
(71,134),1,8
(71,135),1,66
(71,138),1,78
(71,140),1,74
(71,141),1,62
(71,142),1,77
(71,145),1,47
(71,146),1,31
(71,147),1,16
(71,150),1,49
(71,154),1,27
(71,155),1,79
(71,158),1,15
(71,165),1,67
(71,173),1,31
(71,174),1,16
(71,178),1,10
(71,185),1,56
(71,186),1,4
(71,196),1,7
(71,197),1,64
(72,0),1,77
(72,4),1,43
(72,7),1,55
(72,8),1,89
(72,10),1,80
(72,12),1,32
(72,13),1,61
(72,30),1,86
(72,34),1,73
(72,36),1,10
(72,45),1,87
(72,60),1,74
(72,62),1,54
(72,64),1,36
(72,66),1,89
(72,69),1,13
(72,73),1,29
(72,78),1,60
(72,82),1,1
(72,87),1,38
(72,89),1,14
(72,96),1,46
(72,97),1,27
(72,101),1,76
(72,104),1,59
(72,106),1,24
(72,113),1,4
(72,114),1,79
(72,117),1,87
(72,121),1,73
(72,134),1,20
(72,135),1,1
(72,138),1,51
(72,140),1,73
(72,141),1,83
(72,142),1,54
(72,145),1,73
(72,146),1,39
(72,147),1,71
(72,149),1,0
(72,150),1,67
(72,151),1,10
(72,154),1,88
(72,158),1,24
(72,159),1,25
(72,164),1,68
(72,165),1,43
(72,173),1,18
(72,174),1,57
(72,178),1,66
(72,183),1,1
(72,196),1,82
(72,197),1,27
(73,89),1,79
(73,119),1,43
(73,147),1,50
(73,185),1,28
(74,106),1,24
(74,147),1,39
(74,185),1,51
(75,8),1,12
(75,50),1,76
(75,106),1,55
(75,107),1,36
(75,147),1,57
(75,185),1,89
(76,89),1,75
(76,106),1,56
(76,107),1,89
(76,147),1,51
(76,185),1,54
(77,0),1,14
(77,4),1,1
(77,12),1,40
(77,13),1,33
(77,30),1,1
(77,34),1,2
(77,36),1,67
(77,40),1,67
(77,45),1,55
(77,60),1,69
(77,62),1,64
(77,64),1,41
(77,66),1,27
(77,68),1,43
(77,69),1,66
(77,73),1,85
(77,75),1,1
(77,78),1,28
(77,82),1,47
(77,87),1,83
(77,96),1,65
(77,97),1,54
(77,101),1,55
(77,106),1,54
(77,113),1,89
(77,114),1,9
(77,116),1,7
(77,117),1,70
(77,134),1,16
(77,135),1,76
(77,138),1,84
(77,140),1,67
(77,142),1,69
(77,145),1,41
(77,146),1,25
(77,147),1,49
(77,150),1,77
(77,151),1,36
(77,154),1,49
(77,158),1,34
(77,165),1,23
(77,173),1,66
(77,178),1,7
(77,185),1,1
(77,195),1,40
(77,196),1,13
(77,197),1,65
(78,45),1,14
(78,69),1,34
(78,162),1,32
(79,45),1,72
(79,60),1,27
(79,69),1,3
(79,136),1,56
(79,155),1,89
(79,177),1,37
(80,45),1,84
(80,60),1,43
(80,69),1,56
(80,155),1,20
(80,162),1,64
(80,177),1,72
(81,4),1,37
(81,12),1,10
(81,13),1,31
(81,14),1,85
(81,26),1,68
(81,29),1,79
(81,30),1,37
(81,34),1,52
(81,36),1,57
(81,45),1,77
(81,60),1,53
(81,62),1,56
(81,64),1,29
(81,69),1,74
(81,73),1,26
(81,82),1,23
(81,87),1,3
(81,96),1,72
(81,97),1,51
(81,101),1,40
(81,102),1,27
(81,104),1,64
(81,106),1,2
(81,113),1,1
(81,114),1,76
(81,117),1,46
(81,126),1,33
(81,130),1,7
(81,134),1,49
(81,135),1,3
(81,138),1,49
(81,140),1,89
(81,145),1,5
(81,146),1,36
(81,147),1,17
(81,150),1,46
(81,151),1,87
(81,154),1,82
(81,158),1,79
(81,159),1,83
(81,164),1,79
(81,165),1,25
(81,174),1,84
(81,177),1,57
(81,178),1,85
(81,183),1,37
(81,186),1,18
(81,196),1,34
(81,197),1,39
(82,89),1,52
(82,106),1,44
(82,147),1,43
(82,185),1,22
(83,0),1,79
(83,4),1,86
(83,10),1,28
(83,12),1,18
(83,13),1,85
(83,30),1,42
(83,34),1,15
(83,36),1,70
(83,40),1,78
(83,41),1,39
(83,45),1,71
(83,52),1,31
(83,60),1,6
(83,62),1,82
(83,64),1,36
(83,68),1,55
(83,69),1,34
(83,73),1,5
(83,82),1,6
(83,87),1,39
(83,95),1,78
(83,96),1,8
(83,97),1,2
(83,101),1,21
(83,106),1,5
(83,107),1,86
(83,110),1,68
(83,113),1,64
(83,114),1,72
(83,117),1,85
(83,126),1,75
(83,130),1,57
(83,134),1,48
(83,135),1,44
(83,138),1,21
(83,140),1,47
(83,142),1,44
(83,145),1,86
(83,146),1,7
(83,147),1,85
(83,150),1,48
(83,151),1,13
(83,154),1,56
(83,155),1,80
(83,158),1,70
(83,160),1,11
(83,165),1,79
(83,172),1,23
(83,173),1,27
(83,174),1,69
(83,178),1,22
(83,187),1,5
(83,196),1,77
(83,197),1,14
(84,0),1,17
(84,4),1,88
(84,8),1,70
(84,10),1,46
(84,12),1,61
(84,13),1,17
(84,14),1,65
(84,30),1,50
(84,34),1,36
(84,36),1,47
(84,45),1,83
(84,57),1,2
(84,58),1,22
(84,60),1,83
(84,62),1,22
(84,64),1,59
(84,68),1,17
(84,69),1,48
(84,73),1,63
(84,82),1,87
(84,94),1,9
(84,96),1,10
(84,101),1,72
(84,102),1,47
(84,104),1,88
(84,106),1,78
(84,110),1,44
(84,113),1,13
(84,114),1,35
(84,117),1,2
(84,119),1,38
(84,126),1,88
(84,130),1,71
(84,134),1,37
(84,135),1,58
(84,138),1,24
(84,140),1,76
(84,142),1,60
(84,145),1,33
(84,146),1,14
(84,147),1,69
(84,150),1,14
(84,154),1,16
(84,158),1,20
(84,164),1,27
(84,165),1,49
(84,169),1,27
(84,173),1,55
(84,174),1,83
(84,178),1,51
(84,186),1,80
(84,196),1,76
(84,197),1,36
(84,199),1,77
(85,4),1,15
(85,8),1,55
(85,10),1,5
(85,12),1,32
(85,13),1,44
(85,14),1,85
(85,19),1,87
(85,28),1,61
(85,30),1,41
(85,34),1,5
(85,36),1,88
(85,42),1,74
(85,45),1,8
(85,57),1,75
(85,62),1,33
(85,64),1,15
(85,66),1,44
(85,68),1,26
(85,69),1,62
(85,70),1,85
(85,73),1,32
(85,82),1,0
(85,84),1,71
(85,87),1,39
(85,89),1,84
(85,93),1,80
(85,96),1,36
(85,101),1,4
(85,104),1,87
(85,106),1,40
(85,113),1,13
(85,114),1,47
(85,116),1,75
(85,117),1,81
(85,126),1,27
(85,130),1,69
(85,134),1,74
(85,135),1,24
(85,138),1,40
(85,140),1,16
(85,141),1,88
(85,142),1,31
(85,145),1,41
(85,146),1,40
(85,147),1,1
(85,151),1,86
(85,154),1,34
(85,158),1,30
(85,165),1,46
(85,169),1,12
(85,173),1,75
(85,174),1,52
(85,178),1,85
(85,183),1,15
(85,186),1,25
(85,192),1,3
(85,196),1,88
(85,197),1,2
(85,198),1,13
(86,8),1,20
(86,106),1,53
(86,147),1,67
(86,185),1,41
(87,106),1,8
(87,147),1,48
(87,185),1,76
(88,45),1,13
(88,69),1,44
(88,155),1,65
(88,177),1,12
(89,3),1,77
(89,4),1,27
(89,9),1,21
(89,10),1,35
(89,12),1,47
(89,13),1,35
(89,14),1,59
(89,19),1,67
(89,30),1,2
(89,34),1,55
(89,36),1,33
(89,45),1,27
(89,62),1,71
(89,64),1,53
(89,68),1,10
(89,69),1,19
(89,73),1,59
(89,82),1,42
(89,87),1,84
(89,94),1,50
(89,96),1,12
(89,97),1,39
(89,101),1,76
(89,102),1,31
(89,104),1,64
(89,109),1,30
(89,110),1,89
(89,113),1,14
(89,114),1,75
(89,117),1,70
(89,127),1,84
(89,130),1,41
(89,134),1,0
(89,135),1,18
(89,138),1,44
(89,140),1,24
(89,145),1,29
(89,146),1,21
(89,147),1,74
(89,154),1,57
(89,155),1,34
(89,158),1,22
(89,164),1,16
(89,165),1,16
(89,169),1,18
(89,173),1,61
(89,174),1,8
(89,178),1,16
(89,186),1,67
(89,196),1,77
(89,197),1,87
(90,40),1,79
(90,106),1,35
(90,147),1,52
(90,185),1,43
(91,45),1,24
(91,49),1,81
(91,60),1,21
(91,69),1,4
(91,177),1,38
(92,40),1,45
(92,106),1,31
(92,147),1,25
(93,59),1,64
(93,106),1,50
(93,107),1,81
(93,147),1,12
(94,44),1,81
(94,90),1,30
(94,125),1,40
(94,147),1,38
(94,185),1,64
(95,40),1,69
(95,71),1,75
(95,89),1,57
(95,107),1,24
(95,128),1,49
(95,147),1,64
(96,107),1,85
(96,147),1,58
(97,89),1,78
(97,106),1,33
(97,107),1,23
(97,147),1,24
(98,45),1,21
(98,60),1,36
(98,69),1,22
(98,177),1,86
(99,3),1,62
(99,4),1,6
(99,12),1,37
(99,13),1,13
(99,30),1,0
(99,34),1,83
(99,36),1,31
(99,38),1,21
(99,45),1,4
(99,62),1,45
(99,64),1,60
(99,68),1,80
(99,69),1,71
(99,73),1,28
(99,78),1,42
(99,82),1,17
(99,87),1,4
(99,94),1,44
(99,96),1,39
(99,97),1,33
(99,101),1,83
(99,104),1,48
(99,106),1,43
(99,107),1,46
(99,108),1,67
(99,110),1,39
(99,113),1,5
(99,114),1,56
(99,117),1,2
(99,118),1,0
(99,120),1,6
(99,126),1,70
(99,127),1,4
(99,130),1,69
(99,132),1,89
(99,134),1,61
(99,135),1,19
(99,138),1,38
(99,140),1,30
(99,142),1,74
(99,145),1,76
(99,146),1,62
(99,147),1,77
(99,150),1,46
(99,154),1,74
(99,158),1,47
(99,159),1,7
(99,165),1,0
(99,174),1,58
(99,177),1,14
(99,178),1,15
(99,183),1,53
(99,185),1,23
(99,193),1,4
(99,196),1,14
(99,197),1,64
(99,198),1,79
(100,89),1,28
(100,106),1,33
(100,147),1,9
(100,185),1,68
(101,45),1,4
(101,60),1,73
(101,69),1,32
(101,149),1,66
(102,8),1,64
(102,106),1,41
(102,107),1,87
(102,147),1,30
(103,40),1,12
(103,106),1,76
(103,147),1,85
(103,185),1,52
(104,90),1,9
(104,107),1,78
(104,147),1,50
(105,45),1,19
(105,60),1,12
(105,69),1,36
(105,155),1,69
(105,162),1,56
(105,191),1,26
(106,45),1,87
(106,60),1,80
(106,69),1,56
(106,187),1,87
(106,191),1,6
(107,40),1,27
(107,44),1,61
(107,90),1,13
(107,106),1,63
(107,128),1,27
(107,147),1,27
(108,45),1,44
(108,60),1,29
(108,69),1,47
(108,155),1,53
(109,0),1,57
(109,4),1,42
(109,10),1,79
(109,12),1,8
(109,13),1,11
(109,26),1,37
(109,30),1,28
(109,34),1,58
(109,36),1,62
(109,40),1,60
(109,45),1,32
(109,62),1,15
(109,64),1,75
(109,68),1,44
(109,69),1,16
(109,73),1,75
(109,80),1,56
(109,82),1,40
(109,89),1,65
(109,96),1,73
(109,101),1,24
(109,104),1,76
(109,106),1,63
(109,107),1,86
(109,110),1,33
(109,113),1,25
(109,114),1,27
(109,117),1,61
(109,120),1,38
(109,126),1,72
(109,134),1,73
(109,135),1,46
(109,138),1,7
(109,140),1,39
(109,145),1,48
(109,146),1,19
(109,147),1,13
(109,150),1,76
(109,151),1,14
(109,154),1,43
(109,158),1,12
(109,162),1,12
(109,164),1,3
(109,165),1,73
(109,173),1,25
(109,174),1,42
(109,178),1,54
(109,185),1,47
(109,186),1,21
(109,191),1,30
(109,192),1,38
(109,196),1,39
(109,197),1,46
(110,8),1,69
(110,40),1,87
(110,44),1,27
(110,89),1,48
(110,106),1,16
(110,107),1,7
(110,147),1,69
(111,147),1,39
(111,185),1,78
(112,4),1,60
(112,12),1,42
(112,13),1,28
(112,19),1,63
(112,30),1,61
(112,34),1,20
(112,36),1,20
(112,45),1,64
(112,48),1,29
(112,52),1,15
(112,60),1,54
(112,62),1,29
(112,64),1,30
(112,66),1,20
(112,69),1,6
(112,73),1,49
(112,82),1,79
(112,87),1,69
(112,96),1,87
(112,97),1,11
(112,101),1,13
(112,104),1,88
(112,107),1,6
(112,110),1,20
(112,113),1,19
(112,114),1,53
(112,117),1,38
(112,119),1,66
(112,125),1,47
(112,126),1,76
(112,130),1,86
(112,135),1,63
(112,138),1,19
(112,140),1,66
(112,141),1,60
(112,142),1,49
(112,145),1,71
(112,146),1,43
(112,147),1,35
(112,150),1,29
(112,151),1,7
(112,154),1,27
(112,156),1,44
(112,158),1,76
(112,164),1,55
(112,165),1,33
(112,173),1,12
(112,178),1,10
(112,186),1,56
(112,196),1,73
(112,197),1,34
(112,198),1,58
(113,40),1,72
(113,89),1,63
(113,107),1,34
(113,147),1,84
(114,106),1,46
(114,107),1,64
(114,147),1,27
(115,0),1,65
(115,4),1,26
(115,10),1,44
(115,12),1,33
(115,13),1,5
(115,26),1,87
(115,28),1,77
(115,29),1,42
(115,30),1,18
(115,34),1,38
(115,36),1,63
(115,45),1,6
(115,60),1,64
(115,62),1,18
(115,64),1,53
(115,69),1,42
(115,73),1,49
(115,82),1,29
(115,84),1,58
(115,87),1,83
(115,89),1,75
(115,96),1,40
(115,97),1,43
(115,101),1,1
(115,102),1,86
(115,104),1,56
(115,106),1,11
(115,113),1,23
(115,114),1,1
(115,117),1,22
(115,118),1,34
(115,120),1,11
(115,126),1,35
(115,134),1,68
(115,135),1,43
(115,138),1,2
(115,140),1,6
(115,145),1,30
(115,146),1,7
(115,147),1,80
(115,154),1,65
(115,155),1,56
(115,158),1,30
(115,164),1,5
(115,165),1,21
(115,169),1,3
(115,173),1,76
(115,174),1,79
(115,178),1,74
(115,183),1,26
(115,186),1,5
(115,193),1,53
(115,196),1,48
(115,197),1,85
(116,40),1,14
(116,90),1,6
(116,147),1,6
(116,156),1,32
(118,40),1,32
(118,89),1,5
(118,106),1,53
(118,147),1,33
(118,156),1,46
(119,40),1,0
(119,107),1,61
(119,147),1,27
(120,40),1,80
(120,89),1,31
(120,106),1,50
(120,147),1,20
(121,0),1,35
(121,4),1,74
(121,11),1,88
(121,12),1,24
(121,13),1,10
(121,19),1,7
(121,29),1,59
(121,30),1,18
(121,34),1,43
(121,36),1,21
(121,40),1,84
(121,45),1,70
(121,57),1,18
(121,62),1,79
(121,64),1,62
(121,68),1,81
(121,69),1,23
(121,73),1,61
(121,82),1,13
(121,84),1,44
(121,87),1,71
(121,89),1,32
(121,94),1,48
(121,96),1,85
(121,97),1,14
(121,101),1,4
(121,109),1,14
(121,110),1,52
(121,113),1,43
(121,114),1,63
(121,117),1,43
(121,126),1,65
(121,130),1,40
(121,134),1,7
(121,135),1,15
(121,138),1,0
(121,140),1,14
(121,141),1,33
(121,143),1,18
(121,145),1,47
(121,146),1,85
(121,147),1,5
(121,150),1,1
(121,151),1,42
(121,154),1,86
(121,158),1,70
(121,164),1,88
(121,165),1,60
(121,173),1,17
(121,174),1,88
(121,177),1,56
(121,178),1,32
(121,185),1,39
(121,186),1,30
(121,193),1,45
(121,196),1,41
(121,197),1,60
(121,199),1,3
(122,0),1,23
(122,4),1,8
(122,10),1,18
(122,12),1,32
(122,13),1,88
(122,14),1,57
(122,30),1,63
(122,33),1,52
(122,34),1,67
(122,36),1,84
(122,38),1,45
(122,44),1,10
(122,45),1,34
(122,60),1,33
(122,62),1,20
(122,64),1,38
(122,69),1,73
(122,73),1,70
(122,82),1,25
(122,87),1,70
(122,96),1,56
(122,97),1,51
(122,101),1,28
(122,104),1,9
(122,106),1,0
(122,110),1,17
(122,113),1,39
(122,114),1,53
(122,117),1,47
(122,130),1,11
(122,133),1,18
(122,134),1,67
(122,135),1,25
(122,138),1,27
(122,140),1,26
(122,145),1,81
(122,146),1,58
(122,147),1,0
(122,151),1,15
(122,154),1,87
(122,158),1,49
(122,164),1,34
(122,165),1,16
(122,173),1,79
(122,174),1,4
(122,178),1,83
(122,186),1,54
(122,191),1,6
(122,196),1,33
(122,197),1,51
(123,0),1,83
(123,4),1,64
(123,12),1,14
(123,13),1,57
(123,14),1,33
(123,19),1,24
(123,29),1,76
(123,30),1,76
(123,34),1,61
(123,36),1,33
(123,40),1,83
(123,45),1,58
(123,58),1,22
(123,60),1,18
(123,62),1,16
(123,64),1,69
(123,69),1,37
(123,73),1,12
(123,78),1,70
(123,82),1,81
(123,84),1,51
(123,87),1,42
(123,96),1,89
(123,97),1,83
(123,101),1,59
(123,104),1,8
(123,108),1,19
(123,110),1,2
(123,113),1,74
(123,114),1,21
(123,117),1,73
(123,126),1,67
(123,130),1,67
(123,135),1,66
(123,138),1,31
(123,140),1,82
(123,142),1,55
(123,145),1,66
(123,146),1,36
(123,147),1,28
(123,150),1,46
(123,151),1,59
(123,154),1,65
(123,158),1,86
(123,165),1,37
(123,172),1,76
(123,173),1,18
(123,174),1,54
(123,178),1,27
(123,183),1,76
(123,186),1,8
(123,196),1,63
(123,197),1,28
(124,0),1,47
(124,3),1,59
(124,4),1,11
(124,10),1,15
(124,12),1,85
(124,13),1,29
(124,14),1,26
(124,22),1,55
(124,26),1,17
(124,30),1,53
(124,34),1,56
(124,36),1,26
(124,40),1,12
(124,45),1,20
(124,62),1,63
(124,64),1,53
(124,68),1,52
(124,69),1,11
(124,73),1,27
(124,78),1,62
(124,82),1,51
(124,84),1,64
(124,87),1,11
(124,89),1,48
(124,96),1,73
(124,97),1,85
(124,101),1,23
(124,102),1,75
(124,104),1,37
(124,106),1,56
(124,113),1,65
(124,114),1,67
(124,117),1,68
(124,126),1,83
(124,130),1,37
(124,134),1,77
(124,135),1,20
(124,138),1,11
(124,140),1,71
(124,142),1,21
(124,145),1,48
(124,146),1,22
(124,147),1,89
(124,150),1,49
(124,151),1,48
(124,154),1,74
(124,155),1,68
(124,158),1,5
(124,159),1,47
(124,164),1,29
(124,165),1,42
(124,173),1,39
(124,174),1,42
(124,177),1,64
(124,178),1,38
(124,186),1,76
(124,196),1,28
(124,197),1,4
(124,198),1,61
(124,199),1,7
(125,8),1,85
(125,106),1,75
(125,107),1,80
(125,147),1,81
(125,180),1,45
(126,45),1,74
(126,60),1,50
(126,69),1,61
(126,155),1,40
(127,4),1,27
(127,10),1,17
(127,12),1,83
(127,13),1,87
(127,14),1,26
(127,19),1,87
(127,26),1,5
(127,30),1,64
(127,34),1,81
(127,36),1,62
(127,37),1,64
(127,45),1,58
(127,59),1,38
(127,60),1,66
(127,62),1,20
(127,64),1,15
(127,69),1,13
(127,73),1,4
(127,82),1,84
(127,84),1,77
(127,96),1,54
(127,97),1,46
(127,101),1,75
(127,104),1,2
(127,110),1,5
(127,113),1,35
(127,114),1,73
(127,117),1,7
(127,126),1,44
(127,134),1,1
(127,135),1,39
(127,138),1,34
(127,140),1,59
(127,142),1,58
(127,145),1,73
(127,146),1,75
(127,147),1,89
(127,149),1,80
(127,150),1,38
(127,151),1,14
(127,154),1,55
(127,158),1,62
(127,162),1,11
(127,164),1,6
(127,165),1,31
(127,169),1,1
(127,173),1,56
(127,174),1,40
(127,177),1,52
(127,178),1,0
(127,185),1,88
(127,186),1,1
(127,196),1,22
(127,197),1,72
(128,0),1,3
(128,4),1,75
(128,10),1,28
(128,12),1,30
(128,13),1,78
(128,30),1,87
(128,34),1,18
(128,36),1,29
(128,41),1,25
(128,45),1,47
(128,50),1,14
(128,57),1,2
(128,62),1,18
(128,64),1,85
(128,68),1,81
(128,69),1,22
(128,73),1,47
(128,82),1,20
(128,87),1,66
(128,90),1,52
(128,94),1,47
(128,96),1,55
(128,97),1,21
(128,101),1,61
(128,104),1,53
(128,106),1,74
(128,107),1,85
(128,113),1,31
(128,114),1,16
(128,117),1,88
(128,126),1,87
(128,130),1,4
(128,134),1,82
(128,135),1,22
(128,138),1,15
(128,140),1,16
(128,142),1,87
(128,145),1,34
(128,146),1,72
(128,147),1,11
(128,154),1,35
(128,158),1,79
(128,159),1,45
(128,165),1,51
(128,173),1,81
(128,178),1,24
(128,183),1,51
(128,191),1,22
(128,196),1,76
(128,197),1,39
(129,3),1,9
(129,4),1,74
(129,10),1,6
(129,12),1,28
(129,13),1,7
(129,19),1,54
(129,26),1,25
(129,30),1,29
(129,34),1,13
(129,36),1,1
(129,41),1,50
(129,45),1,39
(129,52),1,24
(129,56),1,35
(129,57),1,18
(129,60),1,55
(129,62),1,74
(129,64),1,55
(129,68),1,39
(129,69),1,64
(129,73),1,49
(129,82),1,27
(129,84),1,46
(129,87),1,46
(129,96),1,13
(129,101),1,47
(129,104),1,68
(129,106),1,70
(129,110),1,17
(129,113),1,7
(129,114),1,2
(129,116),1,36
(129,117),1,55
(129,126),1,84
(129,130),1,47
(129,134),1,58
(129,135),1,60
(129,138),1,39
(129,140),1,50
(129,145),1,4
(129,146),1,14
(129,147),1,75
(129,149),1,65
(129,154),1,36
(129,158),1,15
(129,164),1,86
(129,165),1,25
(129,173),1,15
(129,174),1,39
(129,178),1,25
(129,181),1,68
(129,185),1,13
(129,186),1,67
(129,196),1,56
(129,197),1,6
(129,199),1,76
(130,40),1,30
(130,90),1,45
(130,106),1,84
(130,107),1,86
(130,147),1,5
(130,185),1,6
(131,8),1,79
(131,44),1,53
(131,106),1,10
(131,147),1,30
(132,3),1,63
(132,4),1,2
(132,10),1,20
(132,12),1,72
(132,13),1,64
(132,26),1,34
(132,29),1,42
(132,30),1,47
(132,34),1,27
(132,36),1,70
(132,45),1,79
(132,47),1,40
(132,60),1,53
(132,62),1,66
(132,64),1,42
(132,68),1,63
(132,69),1,38
(132,73),1,66
(132,78),1,59
(132,82),1,9
(132,87),1,41
(132,96),1,50
(132,101),1,26
(132,104),1,13
(132,105),1,49
(132,106),1,37
(132,108),1,52
(132,110),1,85
(132,113),1,88
(132,114),1,71
(132,117),1,19
(132,126),1,79
(132,130),1,29
(132,134),1,15
(132,135),1,11
(132,138),1,45
(132,140),1,10
(132,142),1,1
(132,145),1,87
(132,146),1,48
(132,147),1,19
(132,150),1,22
(132,154),1,27
(132,158),1,79
(132,159),1,29
(132,160),1,86
(132,165),1,74
(132,173),1,73
(132,178),1,70
(132,180),1,27
(132,185),1,12
(132,196),1,40
(132,197),1,81
(133,89),1,2
(133,106),1,34
(133,147),1,67
(133,185),1,77
(134,33),1,8
(134,95),1,3
(134,106),1,4
(134,147),1,28
(134,156),1,77
(135,44),1,25
(135,106),1,26
(135,147),1,55
(136,45),1,43
(136,60),1,36
(136,69),1,26
(136,155),1,64
(137,45),1,27
(137,60),1,1
(137,69),1,16
(137,155),1,61
(137,162),1,54
(137,177),1,4
(138,89),1,56
(138,107),1,52
(138,147),1,19
(138,185),1,16
(139,106),1,30
(139,147),1,48
(140,8),1,42
(140,59),1,55
(140,106),1,59
(140,147),1,6
(140,185),1,6
(141,89),1,3
(141,107),1,20
(141,147),1,62
(141,172),1,45
(141,185),1,16
(142,89),1,72
(142,128),1,70
(142,147),1,7
(142,172),1,59
(142,185),1,62
(143,4),1,34
(143,10),1,22
(143,12),1,18
(143,13),1,29
(143,19),1,65
(143,29),1,67
(143,30),1,1
(143,34),1,59
(143,36),1,7
(143,45),1,61
(143,62),1,31
(143,64),1,77
(143,68),1,14
(143,69),1,15
(143,73),1,84
(143,82),1,75
(143,87),1,4
(143,94),1,42
(143,96),1,4
(143,97),1,18
(143,98),1,21
(143,101),1,33
(143,104),1,43
(143,106),1,10
(143,107),1,11
(143,110),1,9
(143,113),1,41
(143,114),1,54
(143,117),1,4
(143,126),1,54
(143,130),1,8
(143,134),1,88
(143,135),1,21
(143,138),1,86
(143,140),1,36
(143,142),1,57
(143,145),1,71
(143,146),1,66
(143,147),1,67
(143,150),1,54
(143,154),1,1
(143,158),1,63
(143,162),1,2
(143,165),1,50
(143,167),1,12
(143,173),1,43
(143,174),1,30
(143,178),1,47
(143,186),1,28
(143,196),1,2
(143,197),1,73
(144,0),1,46
(144,4),1,73
(144,10),1,21
(144,12),1,68
(144,13),1,25
(144,26),1,34
(144,30),1,23
(144,34),1,65
(144,36),1,67
(144,40),1,32
(144,45),1,65
(144,52),1,73
(144,60),1,43
(144,62),1,37
(144,64),1,63
(144,66),1,84
(144,69),1,22
(144,73),1,4
(144,78),1,13
(144,82),1,9
(144,84),1,18
(144,94),1,0
(144,96),1,35
(144,97),1,89
(144,101),1,67
(144,104),1,11
(144,106),1,66
(144,107),1,58
(144,110),1,3
(144,113),1,20
(144,114),1,66
(144,117),1,11
(144,118),1,19
(144,120),1,50
(144,126),1,13
(144,130),1,65
(144,134),1,4
(144,135),1,32
(144,138),1,44
(144,140),1,86
(144,142),1,64
(144,145),1,59
(144,146),1,17
(144,147),1,46
(144,150),1,67
(144,151),1,60
(144,154),1,67
(144,158),1,87
(144,159),1,44
(144,164),1,8
(144,165),1,33
(144,168),1,35
(144,169),1,3
(144,173),1,9
(144,174),1,87
(144,178),1,58
(144,180),1,32
(144,196),1,41
(144,197),1,26
(144,198),1,83
(145,8),1,56
(145,40),1,69
(145,89),1,49
(145,106),1,57
(145,107),1,20
(145,128),1,0
(145,147),1,62
(145,185),1,55
(146,8),1,65
(146,89),1,38
(146,147),1,71
(146,185),1,14
(147,45),1,74
(147,60),1,15
(147,69),1,73
(147,155),1,24
(147,162),1,20
(147,191),1,42
(148,106),1,66
(148,147),1,33
(148,185),1,35
(149,0),1,25
(149,3),1,75
(149,4),1,43
(149,10),1,48
(149,12),1,47
(149,13),1,42
(149,14),1,87
(149,30),1,37
(149,34),1,5
(149,36),1,10
(149,40),1,76
(149,45),1,68
(149,60),1,58
(149,62),1,86
(149,64),1,28
(149,69),1,65
(149,73),1,69
(149,78),1,2
(149,82),1,88
(149,87),1,48
(149,89),1,34
(149,94),1,53
(149,96),1,56
(149,101),1,54
(149,102),1,25
(149,104),1,43
(149,107),1,55
(149,110),1,39
(149,113),1,57
(149,114),1,29
(149,117),1,4
(149,126),1,68
(149,130),1,73
(149,134),1,60
(149,135),1,52
(149,138),1,22
(149,140),1,29
(149,142),1,27
(149,145),1,85
(149,146),1,20
(149,147),1,76
(149,150),1,43
(149,154),1,52
(149,158),1,22
(149,164),1,34
(149,165),1,41
(149,173),1,23
(149,177),1,11
(149,178),1,44
(149,185),1,3
(149,186),1,74
(149,193),1,74
(149,196),1,10
(149,197),1,85
(150,106),1,46
(150,147),1,32
(150,180),1,82
(150,185),1,77
(151,4),1,36
(151,10),1,34
(151,12),1,43
(151,13),1,3
(151,14),1,83
(151,29),1,42
(151,30),1,79
(151,34),1,17
(151,36),1,42
(151,45),1,5
(151,60),1,62
(151,62),1,32
(151,64),1,22
(151,69),1,59
(151,73),1,47
(151,82),1,69
(151,87),1,72
(151,94),1,2
(151,96),1,28
(151,97),1,52
(151,101),1,45
(151,104),1,62
(151,107),1,50
(151,110),1,83
(151,113),1,4
(151,114),1,85
(151,117),1,30
(151,126),1,75
(151,130),1,29
(151,134),1,26
(151,135),1,78
(151,138),1,85
(151,140),1,20
(151,142),1,80
(151,145),1,58
(151,146),1,10
(151,147),1,13
(151,150),1,37
(151,154),1,83
(151,158),1,40
(151,165),1,7
(151,172),1,18
(151,173),1,16
(151,174),1,86
(151,177),1,44
(151,178),1,17
(151,185),1,85
(151,186),1,77
(151,196),1,2
(151,197),1,43
(151,198),1,75
(152,4),1,18
(152,8),1,78
(152,10),1,8
(152,12),1,75
(152,13),1,75
(152,19),1,38
(152,26),1,50
(152,29),1,88
(152,30),1,12
(152,34),1,87
(152,36),1,61
(152,38),1,52
(152,45),1,68
(152,60),1,55
(152,62),1,72
(152,64),1,58
(152,68),1,50
(152,69),1,47
(152,73),1,52
(152,82),1,66
(152,96),1,31
(152,97),1,24
(152,101),1,77
(152,104),1,36
(152,110),1,21
(152,113),1,61
(152,114),1,33
(152,116),1,88
(152,117),1,23
(152,126),1,66
(152,133),1,62
(152,134),1,59
(152,135),1,53
(152,138),1,50
(152,140),1,25
(152,142),1,59
(152,145),1,85
(152,146),1,22
(152,147),1,3
(152,151),1,3
(152,154),1,3
(152,155),1,50
(152,158),1,71
(152,165),1,83
(152,167),1,49
(152,173),1,73
(152,174),1,51
(152,178),1,20
(152,185),1,89
(152,186),1,58
(152,196),1,74
(152,197),1,30
(152,199),1,72
(153,40),1,73
(153,107),1,32
(153,147),1,83
(153,185),1,50
(155,4),1,2
(155,7),1,89
(155,10),1,43
(155,12),1,2
(155,13),1,23
(155,14),1,52
(155,26),1,6
(155,29),1,87
(155,30),1,3
(155,34),1,67
(155,36),1,82
(155,40),1,11
(155,45),1,35
(155,60),1,37
(155,62),1,48
(155,64),1,16
(155,68),1,0
(155,69),1,43
(155,73),1,53
(155,82),1,80
(155,87),1,61
(155,89),1,18
(155,95),1,36
(155,96),1,66
(155,101),1,75
(155,104),1,4
(155,106),1,38
(155,110),1,24
(155,113),1,23
(155,114),1,85
(155,116),1,73
(155,117),1,19
(155,126),1,42
(155,130),1,31
(155,134),1,64
(155,135),1,66
(155,138),1,40
(155,140),1,46
(155,142),1,16
(155,145),1,86
(155,146),1,9
(155,147),1,78
(155,154),1,66
(155,158),1,14
(155,165),1,59
(155,173),1,29
(155,178),1,66
(155,185),1,30
(155,186),1,68
(155,196),1,25
(155,197),1,20
(156,40),1,33
(156,89),1,59
(156,106),1,13
(156,107),1,76
(156,119),1,23
(156,147),1,46
(156,180),1,17
(156,185),1,15
(157,4),1,55
(157,10),1,81
(157,12),1,50
(157,13),1,84
(157,19),1,53
(157,30),1,73
(157,34),1,65
(157,36),1,44
(157,45),1,13
(157,58),1,50
(157,59),1,56
(157,60),1,54
(157,62),1,76
(157,64),1,67
(157,66),1,45
(157,68),1,85
(157,69),1,74
(157,73),1,69
(157,82),1,7
(157,87),1,10
(157,94),1,17
(157,96),1,84
(157,97),1,13
(157,101),1,35
(157,104),1,40
(157,106),1,51
(157,107),1,69
(157,110),1,3
(157,113),1,42
(157,114),1,13
(157,117),1,61
(157,126),1,65
(157,130),1,40
(157,134),1,19
(157,135),1,55
(157,138),1,55
(157,140),1,50
(157,145),1,78
(157,146),1,61
(157,147),1,66
(157,154),1,32
(157,158),1,48
(157,159),1,73
(157,164),1,14
(157,165),1,2
(157,169),1,27
(157,178),1,1
(157,185),1,41
(157,186),1,36
(157,191),1,32
(157,196),1,54
(157,197),1,12
(157,198),1,11
(158,40),1,77
(158,89),1,27
(158,106),1,80
(158,107),1,88
(158,147),1,40
(158,185),1,3
(159,106),1,35
(159,147),1,23
(159,185),1,5
(160,3),1,61
(160,4),1,20
(160,12),1,70
(160,13),1,12
(160,14),1,14
(160,19),1,66
(160,30),1,29
(160,34),1,72
(160,36),1,35
(160,40),1,6
(160,45),1,46
(160,48),1,30
(160,60),1,22
(160,62),1,38
(160,64),1,18
(160,69),1,33
(160,73),1,77
(160,82),1,0
(160,84),1,70
(160,87),1,67
(160,89),1,31
(160,93),1,43
(160,96),1,45
(160,101),1,41
(160,102),1,40
(160,110),1,23
(160,113),1,4
(160,114),1,61
(160,117),1,87
(160,118),1,80
(160,120),1,78
(160,130),1,72
(160,134),1,55
(160,135),1,48
(160,138),1,36
(160,140),1,17
(160,141),1,69
(160,142),1,65
(160,145),1,59
(160,146),1,44
(160,147),1,64
(160,154),1,35
(160,155),1,45
(160,158),1,87
(160,162),1,64
(160,164),1,38
(160,165),1,29
(160,173),1,50
(160,178),1,18
(160,186),1,28
(160,196),1,72
(160,197),1,85
(161,3),1,47
(161,4),1,87
(161,10),1,18
(161,12),1,48
(161,13),1,60
(161,14),1,13
(161,30),1,9
(161,34),1,66
(161,36),1,87
(161,40),1,84
(161,45),1,26
(161,62),1,57
(161,64),1,17
(161,68),1,88
(161,69),1,68
(161,73),1,86
(161,82),1,60
(161,87),1,19
(161,89),1,9
(161,94),1,39
(161,96),1,20
(161,101),1,20
(161,104),1,56
(161,106),1,77
(161,110),1,15
(161,113),1,28
(161,114),1,88
(161,117),1,83
(161,130),1,58
(161,134),1,22
(161,135),1,55
(161,138),1,38
(161,140),1,42
(161,145),1,83
(161,146),1,75
(161,147),1,0
(161,150),1,20
(161,151),1,86
(161,154),1,31
(161,155),1,81
(161,158),1,52
(161,162),1,24
(161,165),1,69
(161,173),1,6
(161,174),1,59
(161,178),1,51
(161,185),1,39
(161,186),1,2
(161,191),1,31
(161,196),1,54
(161,197),1,9
(162,106),1,30
(162,147),1,19
(163,4),1,44
(163,10),1,49
(163,12),1,30
(163,13),1,34
(163,19),1,51
(163,30),1,42
(163,34),1,72
(163,36),1,19
(163,45),1,5
(163,60),1,50
(163,62),1,52
(163,64),1,8
(163,68),1,32
(163,69),1,35
(163,73),1,20
(163,78),1,24
(163,82),1,40
(163,87),1,52
(163,96),1,61
(163,97),1,47
(163,101),1,5
(163,104),1,50
(163,110),1,24
(163,113),1,28
(163,114),1,1
(163,117),1,6
(163,126),1,32
(163,130),1,13
(163,134),1,14
(163,135),1,47
(163,138),1,18
(163,140),1,53
(163,142),1,79
(163,145),1,26
(163,146),1,78
(163,147),1,85
(163,150),1,79
(163,154),1,37
(163,158),1,45
(163,164),1,49
(163,165),1,52
(163,173),1,60
(163,178),1,46
(163,186),1,68
(163,196),1,23
(163,197),1,21
(163,199),1,46
(164,8),1,18
(164,55),1,42
(164,147),1,55
(165,45),1,49
(165,60),1,45
(165,69),1,68
(165,162),1,35
(165,177),1,16
(166,0),1,54
(166,4),1,83
(166,8),1,53
(166,12),1,74
(166,13),1,4
(166,19),1,57
(166,30),1,10
(166,34),1,88
(166,36),1,70
(166,37),1,69
(166,45),1,89
(166,60),1,61
(166,62),1,63
(166,64),1,57
(166,66),1,50
(166,69),1,50
(166,73),1,83
(166,82),1,87
(166,84),1,35
(166,87),1,82
(166,89),1,11
(166,94),1,34
(166,96),1,60
(166,97),1,78
(166,98),1,40
(166,101),1,61
(166,102),1,61
(166,104),1,32
(166,106),1,10
(166,110),1,45
(166,113),1,17
(166,114),1,36
(166,117),1,1
(166,118),1,14
(166,126),1,25
(166,130),1,16
(166,134),1,74
(166,135),1,50
(166,138),1,48
(166,140),1,72
(166,142),1,4
(166,145),1,88
(166,146),1,2
(166,147),1,22
(166,150),1,51
(166,154),1,71
(166,158),1,83
(166,160),1,86
(166,162),1,0
(166,164),1,69
(166,165),1,33
(166,173),1,38
(166,174),1,43
(166,178),1,15
(166,185),1,28
(166,196),1,36
(166,197),1,76
(167,8),1,64
(167,44),1,6
(167,89),1,33
(167,106),1,38
(167,147),1,47
(168,147),1,50
(168,172),1,61
(169,45),1,2
(169,60),1,25
(169,69),1,67
(169,149),1,67
(170,89),1,76
(170,107),1,47
(170,147),1,45
(171,33),1,3
(171,89),1,63
(171,106),1,61
(171,107),1,32
(171,147),1,24
(172,89),1,25
(172,90),1,30
(172,147),1,62
(173,7),1,34
(173,95),1,66
(173,106),1,49
(173,147),1,80
(174,106),1,66
(174,147),1,88
(175,106),1,14
(175,147),1,53
(176,59),1,26
(176,106),1,75
(176,147),1,44
(177,45),1,79
(177,60),1,58
(177,69),1,72
(177,155),1,84
(177,162),1,30
(178,44),1,64
(178,107),1,46
(178,119),1,38
(178,147),1,62
(178,172),1,75
(179,89),1,60
(179,147),1,37
(180,4),1,4
(180,10),1,66
(180,12),1,64
(180,13),1,17
(180,14),1,88
(180,29),1,61
(180,30),1,41
(180,34),1,16
(180,36),1,74
(180,45),1,27
(180,62),1,24
(180,64),1,48
(180,68),1,67
(180,69),1,88
(180,73),1,22
(180,78),1,29
(180,82),1,9
(180,87),1,41
(180,96),1,22
(180,97),1,75
(180,101),1,85
(180,106),1,38
(180,108),1,88
(180,110),1,50
(180,113),1,3
(180,114),1,47
(180,117),1,25
(180,126),1,72
(180,134),1,59
(180,135),1,14
(180,138),1,20
(180,140),1,48
(180,145),1,71
(180,146),1,28
(180,147),1,41
(180,150),1,66
(180,154),1,38
(180,158),1,84
(180,162),1,37
(180,165),1,35
(180,173),1,54
(180,174),1,67
(180,177),1,3
(180,178),1,28
(180,183),1,87
(180,185),1,42
(180,186),1,5
(180,196),1,35
(180,197),1,5
(181,89),1,11
(181,106),1,79
(181,147),1,64
(181,185),1,55
(182,4),1,50
(182,10),1,42
(182,12),1,46
(182,13),1,15
(182,14),1,52
(182,28),1,51
(182,30),1,8
(182,34),1,6
(182,36),1,4
(182,45),1,81
(182,55),1,20
(182,60),1,83
(182,62),1,61
(182,64),1,42
(182,68),1,22
(182,69),1,75
(182,73),1,19
(182,82),1,68
(182,89),1,84
(182,94),1,21
(182,96),1,87
(182,101),1,24
(182,104),1,68
(182,106),1,81
(182,113),1,73
(182,114),1,66
(182,117),1,33
(182,126),1,42
(182,128),1,48
(182,130),1,47
(182,134),1,18
(182,135),1,48
(182,138),1,44
(182,140),1,71
(182,142),1,77
(182,145),1,70
(182,146),1,45
(182,147),1,23
(182,154),1,0
(182,158),1,37
(182,159),1,64
(182,162),1,52
(182,164),1,37
(182,165),1,61
(182,174),1,41
(182,178),1,26
(182,183),1,83
(182,186),1,52
(182,192),1,34
(182,196),1,59
(182,197),1,61
(183,4),1,84
(183,10),1,64
(183,11),1,28
(183,12),1,28
(183,13),1,51
(183,14),1,49
(183,19),1,12
(183,28),1,57
(183,30),1,8
(183,34),1,22
(183,36),1,65
(183,40),1,4
(183,45),1,80
(183,48),1,65
(183,60),1,85
(183,62),1,25
(183,64),1,34
(183,69),1,66
(183,73),1,43
(183,78),1,51
(183,82),1,24
(183,87),1,32
(183,89),1,30
(183,96),1,67
(183,97),1,59
(183,101),1,78
(183,102),1,58
(183,104),1,72
(183,106),1,68
(183,107),1,82
(183,113),1,56
(183,114),1,44
(183,117),1,1
(183,121),1,12
(183,126),1,8
(183,134),1,32
(183,135),1,41
(183,138),1,26
(183,140),1,56
(183,142),1,1
(183,145),1,51
(183,146),1,85
(183,147),1,28
(183,150),1,81
(183,154),1,32
(183,158),1,21
(183,164),1,12
(183,165),1,70
(183,172),1,61
(183,174),1,0
(183,177),1,25
(183,178),1,37
(183,186),1,74
(183,196),1,35
(183,197),1,57
(184,40),1,29
(184,106),1,84
(184,107),1,74
(184,147),1,20
(185,45),1,32
(185,69),1,70
(185,155),1,27
(185,162),1,32
(185,177),1,4
(186,45),1,45
(186,69),1,31
(187,45),1,67
(187,60),1,64
(187,69),1,65
(188,8),1,60
(188,40),1,9
(188,106),1,12
(188,147),1,37
(189,40),1,10
(189,106),1,63
(189,147),1,82
(189,185),1,81
(190,40),1,28
(190,106),1,31
(190,128),1,12
(190,147),1,66
(191,41),1,45
(191,45),1,42
(191,69),1,76
(191,177),1,29
(192,65),1,60
(192,106),1,88
(192,147),1,20
(192,168),1,10
(193,41),1,70
(193,45),1,56
(193,69),1,73
(194,0),1,55
(194,3),1,0
(194,4),1,54
(194,10),1,28
(194,12),1,57
(194,13),1,11
(194,26),1,42
(194,28),1,76
(194,30),1,78
(194,34),1,32
(194,36),1,34
(194,40),1,50
(194,45),1,8
(194,62),1,82
(194,64),1,41
(194,68),1,68
(194,69),1,11
(194,73),1,81
(194,78),1,4
(194,82),1,80
(194,87),1,78
(194,89),1,56
(194,96),1,73
(194,97),1,48
(194,101),1,78
(194,104),1,41
(194,106),1,53
(194,107),1,10
(194,110),1,81
(194,113),1,83
(194,114),1,85
(194,117),1,29
(194,125),1,11
(194,130),1,56
(194,134),1,61
(194,135),1,76
(194,138),1,69
(194,140),1,18
(194,141),1,83
(194,142),1,50
(194,145),1,81
(194,146),1,70
(194,147),1,24
(194,150),1,17
(194,154),1,43
(194,155),1,70
(194,158),1,27
(194,165),1,5
(194,173),1,75
(194,174),1,61
(194,177),1,64
(194,178),1,84
(194,181),1,47
(194,186),1,71
(194,196),1,47
(194,197),1,48
(194,198),1,84
(195,106),1,31
(195,147),1,35
(195,156),1,66
(195,185),1,55
(196,8),1,43
(196,147),1,67
(196,185),1,37
(197,90),1,67
(197,106),1,19
(197,128),1,22
(197,147),1,23
(197,185),1,76
(198,7),1,74
(198,147),1,86
(198,185),1,45
(199,0),1,47
(199,4),1,79
(199,12),1,68
(199,13),1,8
(199,14),1,81
(199,19),1,8
(199,26),1,79
(199,28),1,25
(199,29),1,79
(199,30),1,27
(199,34),1,76
(199,36),1,39
(199,45),1,54
(199,60),1,12
(199,62),1,44
(199,64),1,51
(199,66),1,51
(199,69),1,8
(199,73),1,87
(199,78),1,37
(199,82),1,2
(199,84),1,25
(199,87),1,47
(199,89),1,88
(199,94),1,71
(199,96),1,62
(199,97),1,59
(199,101),1,22
(199,104),1,86
(199,106),1,6
(199,110),1,7
(199,113),1,54
(199,114),1,3
(199,117),1,39
(199,120),1,59
(199,126),1,3
(199,130),1,69
(199,134),1,22
(199,135),1,11
(199,138),1,16
(199,140),1,83
(199,141),1,65
(199,145),1,4
(199,146),1,83
(199,147),1,14
(199,150),1,80
(199,151),1,26
(199,154),1,20
(199,158),1,54
(199,162),1,72
(199,165),1,70
(199,172),1,59
(199,178),1,61
(199,183),1,61
(199,185),1,29
(199,186),1,34
(199,196),1,46
(199,197),1,36
