Nr_Pairs = 190
Nr_NDD = 10
Nr_Arcs = 3394
0,0,0,0,2
1,0,1,3,2
2,0,1,1,2
3,0,0,2,2
4,0,1,1,2
5,0,0,0,2
6,0,2,0,2
7,0,1,2,0
8,0,0,0,2
9,0,1,0,2
10,0,1,0,0
11,0,1,0,0
12,0,2,0,0
13,0,0,0,1
14,0,2,1,0
15,0,1,0,0
16,0,0,0,2
17,0,1,0,0
18,0,1,0,2
19,0,0,0,2
20,0,0,0,2
21,0,1,0,1
22,0,1,0,0
23,0,0,0,2
24,0,1,0,0
25,0,1,1,2
26,0,0,0,2
27,0,2,0,1
28,0,0,1,2
29,0,0,0,2
30,0,2,0,0
31,0,2,2,2
32,0,1,0,1
33,0,2,1,1
34,0,1,1,2
35,0,2,0,0
36,0,1,0,1
37,0,0,0,2
38,0,1,0,2
39,0,0,2,2
40,0,0,0,2
41,0,2,0,2
42,0,0,0,2
43,0,1,2,1
44,0,2,0,2
45,0,1,0,2
46,0,0,0,2
47,0,1,2,1
48,0,1,0,0
49,0,0,1,2
50,0,2,0,0
51,0,1,1,2
52,0,1,0,0
53,0,1,0,2
54,0,1,0,2
55,0,1,0,2
56,0,2,0,0
57,0,1,0,2
58,0,0,0,2
59,0,1,0,1
60,0,1,0,2
61,0,0,0,2
62,0,1,1,2
63,0,1,0,0
64,0,1,0,2
65,0,1,0,0
66,0,2,0,2
67,0,0,2,2
68,0,1,0,0
69,0,1,0,2
70,0,1,1,1
71,0,1,0,0
72,0,2,2,2
73,0,1,2,0
74,0,0,1,2
75,0,1,0,0
76,0,1,0,2
77,0,0,2,2
78,0,1,1,2
79,0,1,0,2
80,0,0,2,2
81,0,1,2,2
82,0,1,0,0
83,0,1,0,0
84,0,0,0,2
85,0,0,3,2
86,0,3,0,0
87,0,1,1,2
88,0,2,2,2
89,0,1,0,0
90,0,3,2,0
91,0,1,1,2
92,0,3,1,2
93,0,3,0,0
94,0,1,1,2
95,0,0,1,2
96,0,1,0,1
97,0,1,0,0
98,0,1,0,2
99,0,1,0,0
100,0,1,0,0
101,0,0,0,2
102,0,0,0,1
103,0,1,1,1
104,0,1,3,2
105,0,1,1,1
106,0,0,0,2
107,0,1,0,1
108,0,1,1,2
109,0,1,0,1
110,0,2,0,2
111,0,1,1,2
112,0,1,0,2
113,0,2,1,0
114,0,1,1,2
115,0,1,1,2
116,0,0,0,1
117,0,0,0,2
118,0,1,0,2
119,0,1,1,2
120,0,1,0,2
121,0,1,0,0
122,0,1,0,2
123,0,1,0,0
124,0,1,1,2
125,0,3,1,0
126,0,1,1,2
127,0,1,2,0
128,0,1,0,0
129,0,1,3,2
130,0,1,0,2
131,0,1,0,0
132,0,2,3,2
133,0,0,0,2
134,0,2,2,2
135,0,1,0,2
136,0,0,0,2
137,0,1,1,1
138,0,3,2,0
139,0,2,1,0
140,0,1,0,0
141,0,0,0,2
142,0,1,1,2
143,0,1,1,2
144,0,1,0,1
145,0,1,0,2
146,0,1,0,2
147,0,1,0,0
148,0,1,0,2
149,0,1,0,1
150,0,3,2,0
151,0,2,2,2
152,0,1,1,2
153,0,1,1,2
154,0,0,0,2
155,0,0,2,2
156,0,0,1,2
157,0,0,0,2
158,0,1,1,2
159,0,1,0,0
160,0,1,1,2
161,0,1,1,2
162,0,0,0,2
163,0,2,0,2
164,0,3,2,2
165,0,1,1,2
166,0,2,2,2
167,0,0,0,2
168,0,1,1,2
169,0,1,0,1
170,0,1,0,0
171,0,0,2,2
172,0,0,0,2
173,0,1,1,2
174,0,2,0,0
175,0,0,0,2
176,0,0,0,2
177,0,2,0,0
178,0,1,0,0
179,0,1,0,1
180,0,0,0,2
181,0,1,0,0
182,0,1,1,2
183,0,2,0,2
184,0,3,0,2
185,0,0,0,2
186,0,1,0,2
187,0,1,1,2
188,0,1,1,2
189,0,1,0,2
190,1,0,0,0
191,1,2,0,0
192,1,0,0,0
193,1,1,0,0
194,1,0,0,0
195,1,2,0,0
196,1,1,0,0
197,1,1,0,0
198,1,1,0,0
199,1,0,2,2
(0,7),1,1
(0,10),1,1
(0,11),1,1
(0,12),1,1
(0,15),1,1
(0,17),1,1
(0,24),1,1
(0,30),1,1
(0,32),1,1
(0,33),1,1
(0,35),1,1
(0,50),1,1
(0,52),1,1
(0,53),1,1
(0,55),1,1
(0,63),1,1
(0,65),1,1
(0,68),1,1
(0,71),1,1
(0,73),1,1
(0,75),1,1
(0,82),1,1
(0,83),1,1
(0,86),1,1
(0,89),1,1
(0,90),1,1
(0,93),1,1
(0,97),1,1
(0,99),1,1
(0,100),1,1
(0,107),1,1
(0,116),1,1
(0,121),1,1
(0,123),1,1
(0,125),1,1
(0,127),1,1
(0,128),1,1
(0,131),1,1
(0,138),1,1
(0,139),1,1
(0,140),1,1
(0,147),1,1
(0,149),1,1
(0,150),1,1
(0,159),1,1
(0,170),1,1
(0,174),1,1
(0,177),1,1
(0,181),1,1
(0,187),1,1
(1,4),1,1
(1,14),1,1
(1,104),1,1
(1,113),1,1
(1,125),1,1
(1,137),1,1
(1,139),1,1
(1,182),1,1
(1,187),1,1
(2,70),1,1
(2,125),1,1
(2,139),1,1
(3,5),1,1
(3,7),1,1
(3,10),1,1
(3,11),1,1
(3,12),1,1
(3,13),1,1
(3,14),1,1
(3,15),1,1
(3,17),1,1
(3,21),1,1
(3,24),1,1
(3,30),1,1
(3,48),1,1
(3,50),1,1
(3,52),1,1
(3,56),1,1
(3,59),1,1
(3,63),1,1
(3,65),1,1
(3,68),1,1
(3,70),1,1
(3,71),1,1
(3,73),1,1
(3,75),1,1
(3,82),1,1
(3,83),1,1
(3,86),1,1
(3,90),1,1
(3,93),1,1
(3,97),1,1
(3,99),1,1
(3,100),1,1
(3,102),1,1
(3,107),1,1
(3,113),1,1
(3,121),1,1
(3,123),1,1
(3,125),1,1
(3,127),1,1
(3,128),1,1
(3,131),1,1
(3,138),1,1
(3,139),1,1
(3,140),1,1
(3,144),1,1
(3,147),1,1
(3,150),1,1
(3,159),1,1
(3,169),1,1
(3,170),1,1
(3,174),1,1
(3,177),1,1
(3,178),1,1
(3,181),1,1
(4,14),1,1
(4,70),1,1
(4,103),1,1
(4,105),1,1
(4,113),1,1
(4,125),1,1
(4,139),1,1
(4,188),1,1
(5,10),1,1
(5,11),1,1
(5,12),1,1
(5,15),1,1
(5,17),1,1
(5,22),1,1
(5,24),1,1
(5,30),1,1
(5,50),1,1
(5,52),1,1
(5,56),1,1
(5,63),1,1
(5,65),1,1
(5,68),1,1
(5,71),1,1
(5,73),1,1
(5,75),1,1
(5,82),1,1
(5,83),1,1
(5,86),1,1
(5,89),1,1
(5,90),1,1
(5,93),1,1
(5,96),1,1
(5,97),1,1
(5,99),1,1
(5,100),1,1
(5,113),1,1
(5,116),1,1
(5,121),1,1
(5,125),1,1
(5,127),1,1
(5,128),1,1
(5,131),1,1
(5,138),1,1
(5,139),1,1
(5,140),1,1
(5,147),1,1
(5,149),1,1
(5,150),1,1
(5,159),1,1
(5,170),1,1
(5,174),1,1
(5,177),1,1
(5,178),1,1
(5,181),1,1
(6,7),1,1
(6,73),1,1
(6,90),1,1
(6,127),1,1
(6,138),1,1
(6,150),1,1
(7,14),1,1
(7,33),1,1
(7,70),1,1
(7,103),1,1
(7,105),1,1
(7,113),1,1
(7,125),1,1
(7,139),1,1
(8,7),1,1
(8,10),1,1
(8,11),1,1
(8,12),1,1
(8,15),1,1
(8,16),1,1
(8,17),1,1
(8,21),1,1
(8,22),1,1
(8,24),1,1
(8,30),1,1
(8,35),1,1
(8,43),1,1
(8,48),1,1
(8,50),1,1
(8,52),1,1
(8,55),1,1
(8,56),1,1
(8,63),1,1
(8,65),1,1
(8,68),1,1
(8,70),1,1
(8,71),1,1
(8,73),1,1
(8,75),1,1
(8,83),1,1
(8,86),1,1
(8,89),1,1
(8,90),1,1
(8,93),1,1
(8,97),1,1
(8,99),1,1
(8,100),1,1
(8,109),1,1
(8,113),1,1
(8,116),1,1
(8,121),1,1
(8,123),1,1
(8,125),1,1
(8,127),1,1
(8,128),1,1
(8,131),1,1
(8,138),1,1
(8,139),1,1
(8,140),1,1
(8,144),1,1
(8,147),1,1
(8,149),1,1
(8,150),1,1
(8,170),1,1
(8,174),1,1
(8,176),1,1
(8,177),1,1
(8,178),1,1
(8,179),1,1
(8,181),1,1
(9,14),1,1
(9,103),1,1
(9,113),1,1
(9,125),1,1
(9,139),1,1
(10,14),1,1
(10,33),1,1
(10,125),1,1
(10,139),1,1
(11,14),1,1
(11,33),1,1
(11,70),1,1
(11,113),1,1
(11,125),1,1
(11,139),1,1
(11,182),1,1
(12,7),1,1
(12,73),1,1
(12,90),1,1
(12,127),1,1
(12,138),1,1
(12,150),1,1
(13,7),1,1
(13,10),1,1
(13,11),1,1
(13,12),1,1
(13,14),1,1
(13,15),1,1
(13,17),1,1
(13,21),1,1
(13,24),1,1
(13,27),1,1
(13,30),1,1
(13,32),1,1
(13,35),1,1
(13,36),1,1
(13,48),1,1
(13,50),1,1
(13,52),1,1
(13,56),1,1
(13,63),1,1
(13,65),1,1
(13,68),1,1
(13,71),1,1
(13,73),1,1
(13,75),1,1
(13,83),1,1
(13,86),1,1
(13,89),1,1
(13,90),1,1
(13,93),1,1
(13,97),1,1
(13,99),1,1
(13,100),1,1
(13,103),1,1
(13,113),1,1
(13,121),1,1
(13,122),1,1
(13,123),1,1
(13,125),1,1
(13,127),1,1
(13,128),1,1
(13,131),1,1
(13,137),1,1
(13,138),1,1
(13,139),1,1
(13,140),1,1
(13,144),1,1
(13,147),1,1
(13,150),1,1
(13,159),1,1
(13,170),1,1
(13,174),1,1
(13,177),1,1
(13,181),1,1
(13,183),1,1
(14,7),1,1
(14,73),1,1
(14,90),1,1
(14,127),1,1
(14,138),1,1
(14,150),1,1
(15,14),1,1
(15,113),1,1
(15,125),1,1
(15,139),1,1
(16,7),1,1
(16,10),1,1
(16,11),1,1
(16,12),1,1
(16,14),1,1
(16,15),1,1
(16,22),1,1
(16,24),1,1
(16,30),1,1
(16,47),1,1
(16,48),1,1
(16,50),1,1
(16,52),1,1
(16,63),1,1
(16,65),1,1
(16,68),1,1
(16,71),1,1
(16,73),1,1
(16,75),1,1
(16,82),1,1
(16,83),1,1
(16,86),1,1
(16,89),1,1
(16,90),1,1
(16,93),1,1
(16,99),1,1
(16,100),1,1
(16,107),1,1
(16,121),1,1
(16,123),1,1
(16,125),1,1
(16,127),1,1
(16,128),1,1
(16,131),1,1
(16,137),1,1
(16,138),1,1
(16,139),1,1
(16,140),1,1
(16,147),1,1
(16,150),1,1
(16,159),1,1
(16,170),1,1
(16,174),1,1
(16,176),1,1
(16,177),1,1
(16,178),1,1
(16,181),1,1
(16,189),1,1
(17,14),1,1
(17,103),1,1
(17,105),1,1
(17,113),1,1
(17,125),1,1
(17,139),1,1
(18,14),1,1
(18,70),1,1
(18,105),1,1
(18,113),1,1
(18,125),1,1
(18,139),1,1
(19,7),1,1
(19,10),1,1
(19,11),1,1
(19,12),1,1
(19,14),1,1
(19,15),1,1
(19,17),1,1
(19,21),1,1
(19,22),1,1
(19,24),1,1
(19,30),1,1
(19,32),1,1
(19,40),1,1
(19,48),1,1
(19,50),1,1
(19,52),1,1
(19,58),1,1
(19,63),1,1
(19,68),1,1
(19,71),1,1
(19,73),1,1
(19,75),1,1
(19,82),1,1
(19,83),1,1
(19,86),1,1
(19,89),1,1
(19,90),1,1
(19,93),1,1
(19,97),1,1
(19,99),1,1
(19,100),1,1
(19,113),1,1
(19,121),1,1
(19,123),1,1
(19,125),1,1
(19,127),1,1
(19,128),1,1
(19,131),1,1
(19,138),1,1
(19,139),1,1
(19,140),1,1
(19,144),1,1
(19,147),1,1
(19,150),1,1
(19,159),1,1
(19,170),1,1
(19,174),1,1
(19,177),1,1
(19,181),1,1
(20,10),1,1
(20,11),1,1
(20,12),1,1
(20,14),1,1
(20,15),1,1
(20,17),1,1
(20,22),1,1
(20,24),1,1
(20,30),1,1
(20,35),1,1
(20,48),1,1
(20,50),1,1
(20,52),1,1
(20,55),1,1
(20,63),1,1
(20,65),1,1
(20,68),1,1
(20,71),1,1
(20,75),1,1
(20,83),1,1
(20,86),1,1
(20,89),1,1
(20,90),1,1
(20,93),1,1
(20,99),1,1
(20,100),1,1
(20,102),1,1
(20,105),1,1
(20,113),1,1
(20,121),1,1
(20,123),1,1
(20,125),1,1
(20,127),1,1
(20,128),1,1
(20,131),1,1
(20,137),1,1
(20,138),1,1
(20,139),1,1
(20,140),1,1
(20,147),1,1
(20,150),1,1
(20,170),1,1
(20,174),1,1
(20,177),1,1
(20,178),1,1
(20,181),1,1
(21,14),1,1
(21,113),1,1
(21,125),1,1
(21,139),1,1
(22,14),1,1
(22,103),1,1
(22,113),1,1
(22,125),1,1
(22,139),1,1
(22,188),1,1
(23,10),1,1
(23,11),1,1
(23,12),1,1
(23,14),1,1
(23,15),1,1
(23,17),1,1
(23,22),1,1
(23,24),1,1
(23,30),1,1
(23,33),1,1
(23,50),1,1
(23,52),1,1
(23,63),1,1
(23,68),1,1
(23,71),1,1
(23,73),1,1
(23,75),1,1
(23,82),1,1
(23,83),1,1
(23,86),1,1
(23,89),1,1
(23,90),1,1
(23,93),1,1
(23,97),1,1
(23,99),1,1
(23,100),1,1
(23,113),1,1
(23,121),1,1
(23,125),1,1
(23,127),1,1
(23,128),1,1
(23,131),1,1
(23,138),1,1
(23,139),1,1
(23,140),1,1
(23,147),1,1
(23,150),1,1
(23,170),1,1
(23,174),1,1
(23,177),1,1
(23,181),1,1
(24,14),1,1
(24,103),1,1
(24,113),1,1
(24,125),1,1
(24,139),1,1
(25,14),1,1
(25,113),1,1
(25,125),1,1
(25,139),1,1
(26,10),1,1
(26,11),1,1
(26,12),1,1
(26,14),1,1
(26,15),1,1
(26,17),1,1
(26,24),1,1
(26,30),1,1
(26,32),1,1
(26,35),1,1
(26,48),1,1
(26,50),1,1
(26,51),1,1
(26,52),1,1
(26,56),1,1
(26,58),1,1
(26,63),1,1
(26,68),1,1
(26,71),1,1
(26,73),1,1
(26,75),1,1
(26,82),1,1
(26,83),1,1
(26,86),1,1
(26,89),1,1
(26,90),1,1
(26,93),1,1
(26,96),1,1
(26,97),1,1
(26,99),1,1
(26,100),1,1
(26,103),1,1
(26,105),1,1
(26,109),1,1
(26,113),1,1
(26,121),1,1
(26,122),1,1
(26,123),1,1
(26,125),1,1
(26,127),1,1
(26,128),1,1
(26,131),1,1
(26,137),1,1
(26,138),1,1
(26,139),1,1
(26,140),1,1
(26,144),1,1
(26,147),1,1
(26,150),1,1
(26,169),1,1
(26,170),1,1
(26,174),1,1
(26,177),1,1
(26,178),1,1
(26,181),1,1
(26,188),1,1
(27,7),1,1
(27,67),1,1
(27,73),1,1
(27,90),1,1
(27,127),1,1
(27,138),1,1
(27,150),1,1
(28,7),1,1
(28,10),1,1
(28,11),1,1
(28,12),1,1
(28,14),1,1
(28,15),1,1
(28,17),1,1
(28,24),1,1
(28,27),1,1
(28,30),1,1
(28,35),1,1
(28,47),1,1
(28,48),1,1
(28,50),1,1
(28,52),1,1
(28,56),1,1
(28,65),1,1
(28,68),1,1
(28,71),1,1
(28,75),1,1
(28,82),1,1
(28,83),1,1
(28,86),1,1
(28,89),1,1
(28,90),1,1
(28,93),1,1
(28,97),1,1
(28,99),1,1
(28,100),1,1
(28,107),1,1
(28,121),1,1
(28,123),1,1
(28,125),1,1
(28,127),1,1
(28,128),1,1
(28,131),1,1
(28,138),1,1
(28,139),1,1
(28,140),1,1
(28,147),1,1
(28,150),1,1
(28,159),1,1
(28,170),1,1
(28,172),1,1
(28,174),1,1
(28,177),1,1
(28,178),1,1
(28,181),1,1
(29,10),1,1
(29,11),1,1
(29,12),1,1
(29,14),1,1
(29,15),1,1
(29,17),1,1
(29,22),1,1
(29,24),1,1
(29,30),1,1
(29,35),1,1
(29,48),1,1
(29,50),1,1
(29,52),1,1
(29,68),1,1
(29,71),1,1
(29,73),1,1
(29,75),1,1
(29,83),1,1
(29,86),1,1
(29,89),1,1
(29,90),1,1
(29,93),1,1
(29,97),1,1
(29,100),1,1
(29,105),1,1
(29,107),1,1
(29,109),1,1
(29,123),1,1
(29,125),1,1
(29,127),1,1
(29,128),1,1
(29,131),1,1
(29,135),1,1
(29,138),1,1
(29,139),1,1
(29,140),1,1
(29,147),1,1
(29,150),1,1
(29,159),1,1
(29,169),1,1
(29,170),1,1
(29,174),1,1
(29,177),1,1
(29,181),1,1
(30,7),1,1
(30,43),1,1
(30,73),1,1
(30,90),1,1
(30,127),1,1
(30,138),1,1
(30,150),1,1
(31,7),1,1
(31,90),1,1
(31,127),1,1
(31,138),1,1
(31,150),1,1
(32,14),1,1
(32,105),1,1
(32,113),1,1
(32,125),1,1
(32,139),1,1
(33,7),1,1
(33,47),1,1
(33,73),1,1
(33,90),1,1
(33,127),1,1
(33,138),1,1
(33,150),1,1
(34,14),1,1
(34,113),1,1
(34,125),1,1
(34,137),1,1
(34,139),1,1
(35,7),1,1
(35,47),1,1
(35,73),1,1
(35,90),1,1
(35,127),1,1
(35,138),1,1
(35,150),1,1
(36,14),1,1
(36,70),1,1
(36,113),1,1
(36,125),1,1
(36,137),1,1
(36,139),1,1
(37,7),1,1
(37,10),1,1
(37,11),1,1
(37,12),1,1
(37,15),1,1
(37,17),1,1
(37,21),1,1
(37,22),1,1
(37,24),1,1
(37,30),1,1
(37,35),1,1
(37,36),1,1
(37,47),1,1
(37,48),1,1
(37,50),1,1
(37,52),1,1
(37,56),1,1
(37,63),1,1
(37,65),1,1
(37,68),1,1
(37,71),1,1
(37,75),1,1
(37,82),1,1
(37,83),1,1
(37,86),1,1
(37,88),1,1
(37,90),1,1
(37,93),1,1
(37,97),1,1
(37,99),1,1
(37,100),1,1
(37,107),1,1
(37,109),1,1
(37,121),1,1
(37,123),1,1
(37,125),1,1
(37,127),1,1
(37,128),1,1
(37,131),1,1
(37,135),1,1
(37,138),1,1
(37,139),1,1
(37,140),1,1
(37,144),1,1
(37,147),1,1
(37,150),1,1
(37,159),1,1
(37,169),1,1
(37,170),1,1
(37,172),1,1
(37,174),1,1
(37,177),1,1
(37,178),1,1
(37,181),1,1
(38,49),1,1
(38,70),1,1
(38,105),1,1
(38,125),1,1
(38,137),1,1
(38,139),1,1
(39,6),1,1
(39,10),1,1
(39,11),1,1
(39,12),1,1
(39,14),1,1
(39,15),1,1
(39,24),1,1
(39,27),1,1
(39,30),1,1
(39,32),1,1
(39,48),1,1
(39,50),1,1
(39,52),1,1
(39,55),1,1
(39,56),1,1
(39,59),1,1
(39,63),1,1
(39,68),1,1
(39,71),1,1
(39,73),1,1
(39,75),1,1
(39,83),1,1
(39,86),1,1
(39,90),1,1
(39,93),1,1
(39,99),1,1
(39,100),1,1
(39,103),1,1
(39,105),1,1
(39,109),1,1
(39,113),1,1
(39,121),1,1
(39,123),1,1
(39,125),1,1
(39,127),1,1
(39,128),1,1
(39,131),1,1
(39,135),1,1
(39,138),1,1
(39,139),1,1
(39,140),1,1
(39,147),1,1
(39,149),1,1
(39,150),1,1
(39,159),1,1
(39,170),1,1
(39,174),1,1
(39,177),1,1
(39,181),1,1
(40,4),1,1
(40,7),1,1
(40,10),1,1
(40,11),1,1
(40,12),1,1
(40,14),1,1
(40,15),1,1
(40,17),1,1
(40,21),1,1
(40,22),1,1
(40,24),1,1
(40,30),1,1
(40,31),1,1
(40,35),1,1
(40,43),1,1
(40,47),1,1
(40,48),1,1
(40,50),1,1
(40,52),1,1
(40,55),1,1
(40,68),1,1
(40,71),1,1
(40,75),1,1
(40,82),1,1
(40,83),1,1
(40,86),1,1
(40,89),1,1
(40,90),1,1
(40,93),1,1
(40,99),1,1
(40,100),1,1
(40,109),1,1
(40,113),1,1
(40,121),1,1
(40,123),1,1
(40,125),1,1
(40,127),1,1
(40,128),1,1
(40,131),1,1
(40,137),1,1
(40,138),1,1
(40,139),1,1
(40,140),1,1
(40,144),1,1
(40,147),1,1
(40,149),1,1
(40,150),1,1
(40,162),1,1
(40,169),1,1
(40,170),1,1
(40,174),1,1
(40,177),1,1
(40,178),1,1
(40,179),1,1
(40,181),1,1
(41,7),1,1
(41,43),1,1
(41,47),1,1
(41,73),1,1
(41,90),1,1
(41,127),1,1
(41,138),1,1
(41,150),1,1
(42,7),1,1
(42,10),1,1
(42,11),1,1
(42,12),1,1
(42,15),1,1
(42,17),1,1
(42,22),1,1
(42,24),1,1
(42,27),1,1
(42,30),1,1
(42,35),1,1
(42,36),1,1
(42,48),1,1
(42,50),1,1
(42,52),1,1
(42,63),1,1
(42,68),1,1
(42,71),1,1
(42,73),1,1
(42,75),1,1
(42,82),1,1
(42,83),1,1
(42,86),1,1
(42,89),1,1
(42,90),1,1
(42,93),1,1
(42,99),1,1
(42,100),1,1
(42,103),1,1
(42,113),1,1
(42,122),1,1
(42,123),1,1
(42,125),1,1
(42,127),1,1
(42,128),1,1
(42,130),1,1
(42,131),1,1
(42,135),1,1
(42,138),1,1
(42,139),1,1
(42,140),1,1
(42,147),1,1
(42,150),1,1
(42,159),1,1
(42,170),1,1
(42,174),1,1
(42,177),1,1
(42,178),1,1
(42,181),1,1
(43,14),1,1
(43,113),1,1
(43,125),1,1
(43,137),1,1
(43,139),1,1
(43,187),1,1
(44,47),1,1
(44,73),1,1
(44,90),1,1
(44,127),1,1
(44,138),1,1
(44,150),1,1
(45,70),1,1
(45,113),1,1
(45,125),1,1
(45,139),1,1
(46,7),1,1
(46,10),1,1
(46,11),1,1
(46,12),1,1
(46,13),1,1
(46,14),1,1
(46,15),1,1
(46,24),1,1
(46,30),1,1
(46,35),1,1
(46,36),1,1
(46,38),1,1
(46,43),1,1
(46,48),1,1
(46,50),1,1
(46,52),1,1
(46,63),1,1
(46,68),1,1
(46,70),1,1
(46,71),1,1
(46,75),1,1
(46,83),1,1
(46,86),1,1
(46,90),1,1
(46,93),1,1
(46,96),1,1
(46,97),1,1
(46,99),1,1
(46,100),1,1
(46,103),1,1
(46,105),1,1
(46,113),1,1
(46,123),1,1
(46,125),1,1
(46,127),1,1
(46,128),1,1
(46,131),1,1
(46,135),1,1
(46,138),1,1
(46,139),1,1
(46,140),1,1
(46,141),1,1
(46,144),1,1
(46,147),1,1
(46,150),1,1
(46,159),1,1
(46,170),1,1
(46,174),1,1
(46,177),1,1
(46,178),1,1
(46,179),1,1
(46,181),1,1
(46,187),1,1
(47,14),1,1
(47,33),1,1
(47,103),1,1
(47,113),1,1
(47,125),1,1
(47,139),1,1
(48,33),1,1
(48,70),1,1
(48,114),1,1
(48,125),1,1
(48,139),1,1
(49,10),1,1
(49,11),1,1
(49,12),1,1
(49,14),1,1
(49,15),1,1
(49,17),1,1
(49,22),1,1
(49,24),1,1
(49,30),1,1
(49,32),1,1
(49,33),1,1
(49,35),1,1
(49,50),1,1
(49,52),1,1
(49,56),1,1
(49,65),1,1
(49,68),1,1
(49,70),1,1
(49,71),1,1
(49,73),1,1
(49,75),1,1
(49,83),1,1
(49,86),1,1
(49,89),1,1
(49,90),1,1
(49,93),1,1
(49,96),1,1
(49,99),1,1
(49,100),1,1
(49,102),1,1
(49,121),1,1
(49,122),1,1
(49,123),1,1
(49,125),1,1
(49,127),1,1
(49,128),1,1
(49,131),1,1
(49,137),1,1
(49,138),1,1
(49,139),1,1
(49,140),1,1
(49,145),1,1
(49,147),1,1
(49,149),1,1
(49,150),1,1
(49,159),1,1
(49,169),1,1
(49,170),1,1
(49,174),1,1
(49,176),1,1
(49,177),1,1
(49,178),1,1
(49,179),1,1
(49,181),1,1
(49,187),1,1
(50,7),1,1
(50,43),1,1
(50,47),1,1
(50,73),1,1
(50,90),1,1
(50,127),1,1
(50,138),1,1
(50,150),1,1
(51,14),1,1
(51,113),1,1
(51,125),1,1
(51,137),1,1
(51,139),1,1
(52,14),1,1
(52,113),1,1
(52,125),1,1
(52,139),1,1
(53,14),1,1
(53,70),1,1
(53,103),1,1
(53,113),1,1
(53,125),1,1
(53,139),1,1
(54,14),1,1
(54,33),1,1
(54,70),1,1
(54,103),1,1
(54,113),1,1
(54,125),1,1
(54,137),1,1
(54,139),1,1
(55,14),1,1
(55,103),1,1
(55,113),1,1
(55,125),1,1
(55,139),1,1
(56,7),1,1
(56,47),1,1
(56,73),1,1
(56,90),1,1
(56,127),1,1
(56,138),1,1
(56,150),1,1
(57,103),1,1
(57,105),1,1
(57,113),1,1
(57,125),1,1
(57,139),1,1
(58,7),1,1
(58,10),1,1
(58,11),1,1
(58,12),1,1
(58,14),1,1
(58,15),1,1
(58,17),1,1
(58,30),1,1
(58,32),1,1
(58,40),1,1
(58,46),1,1
(58,47),1,1
(58,48),1,1
(58,50),1,1
(58,52),1,1
(58,63),1,1
(58,68),1,1
(58,71),1,1
(58,73),1,1
(58,75),1,1
(58,76),1,1
(58,83),1,1
(58,86),1,1
(58,89),1,1
(58,90),1,1
(58,93),1,1
(58,97),1,1
(58,99),1,1
(58,100),1,1
(58,109),1,1
(58,113),1,1
(58,116),1,1
(58,121),1,1
(58,123),1,1
(58,125),1,1
(58,127),1,1
(58,128),1,1
(58,131),1,1
(58,138),1,1
(58,139),1,1
(58,140),1,1
(58,147),1,1
(58,149),1,1
(58,150),1,1
(58,170),1,1
(58,172),1,1
(58,174),1,1
(58,177),1,1
(58,178),1,1
(58,181),1,1
(59,14),1,1
(59,113),1,1
(59,125),1,1
(59,137),1,1
(59,139),1,1
(60,14),1,1
(60,125),1,1
(60,126),1,1
(60,139),1,1
(61,5),1,1
(61,7),1,1
(61,10),1,1
(61,11),1,1
(61,12),1,1
(61,13),1,1
(61,14),1,1
(61,15),1,1
(61,21),1,1
(61,22),1,1
(61,24),1,1
(61,27),1,1
(61,30),1,1
(61,32),1,1
(61,35),1,1
(61,38),1,1
(61,48),1,1
(61,50),1,1
(61,52),1,1
(61,58),1,1
(61,59),1,1
(61,68),1,1
(61,70),1,1
(61,71),1,1
(61,73),1,1
(61,75),1,1
(61,83),1,1
(61,86),1,1
(61,89),1,1
(61,90),1,1
(61,93),1,1
(61,96),1,1
(61,99),1,1
(61,100),1,1
(61,102),1,1
(61,103),1,1
(61,121),1,1
(61,123),1,1
(61,125),1,1
(61,127),1,1
(61,128),1,1
(61,131),1,1
(61,138),1,1
(61,139),1,1
(61,140),1,1
(61,147),1,1
(61,150),1,1
(61,159),1,1
(61,170),1,1
(61,174),1,1
(61,176),1,1
(61,177),1,1
(61,178),1,1
(61,181),1,1
(62,14),1,1
(62,70),1,1
(62,103),1,1
(62,113),1,1
(62,115),1,1
(62,125),1,1
(62,139),1,1
(63,14),1,1
(63,103),1,1
(63,113),1,1
(63,125),1,1
(63,139),1,1
(64,14),1,1
(64,103),1,1
(64,113),1,1
(64,125),1,1
(64,139),1,1
(65,14),1,1
(65,33),1,1
(65,113),1,1
(65,125),1,1
(65,137),1,1
(65,139),1,1
(66,7),1,1
(66,73),1,1
(66,90),1,1
(66,127),1,1
(66,138),1,1
(66,150),1,1
(67,10),1,1
(67,11),1,1
(67,12),1,1
(67,14),1,1
(67,15),1,1
(67,19),1,1
(67,24),1,1
(67,30),1,1
(67,32),1,1
(67,38),1,1
(67,43),1,1
(67,47),1,1
(67,48),1,1
(67,50),1,1
(67,52),1,1
(67,59),1,1
(67,63),1,1
(67,65),1,1
(67,68),1,1
(67,71),1,1
(67,73),1,1
(67,75),1,1
(67,83),1,1
(67,86),1,1
(67,89),1,1
(67,90),1,1
(67,93),1,1
(67,96),1,1
(67,100),1,1
(67,105),1,1
(67,113),1,1
(67,121),1,1
(67,123),1,1
(67,125),1,1
(67,127),1,1
(67,128),1,1
(67,131),1,1
(67,138),1,1
(67,139),1,1
(67,140),1,1
(67,144),1,1
(67,147),1,1
(67,149),1,1
(67,150),1,1
(67,151),1,1
(67,170),1,1
(67,174),1,1
(67,177),1,1
(67,178),1,1
(67,181),1,1
(68,105),1,1
(68,113),1,1
(68,125),1,1
(68,139),1,1
(68,156),1,1
(68,187),1,1
(69,14),1,1
(69,103),1,1
(69,113),1,1
(69,125),1,1
(69,139),1,1
(70,14),1,1
(70,113),1,1
(70,125),1,1
(70,139),1,1
(71,14),1,1
(71,125),1,1
(71,139),1,1
(72,47),1,1
(72,73),1,1
(72,90),1,1
(72,127),1,1
(72,138),1,1
(72,150),1,1
(73,103),1,1
(73,113),1,1
(73,125),1,1
(73,137),1,1
(73,139),1,1
(74,7),1,1
(74,10),1,1
(74,11),1,1
(74,12),1,1
(74,14),1,1
(74,15),1,1
(74,17),1,1
(74,22),1,1
(74,24),1,1
(74,27),1,1
(74,30),1,1
(74,33),1,1
(74,35),1,1
(74,36),1,1
(74,46),1,1
(74,47),1,1
(74,48),1,1
(74,50),1,1
(74,52),1,1
(74,58),1,1
(74,68),1,1
(74,71),1,1
(74,73),1,1
(74,75),1,1
(74,83),1,1
(74,86),1,1
(74,89),1,1
(74,90),1,1
(74,93),1,1
(74,97),1,1
(74,99),1,1
(74,100),1,1
(74,113),1,1
(74,115),1,1
(74,121),1,1
(74,123),1,1
(74,125),1,1
(74,127),1,1
(74,128),1,1
(74,131),1,1
(74,138),1,1
(74,139),1,1
(74,140),1,1
(74,144),1,1
(74,147),1,1
(74,149),1,1
(74,150),1,1
(74,159),1,1
(74,170),1,1
(74,174),1,1
(74,177),1,1
(74,179),1,1
(74,181),1,1
(75,103),1,1
(75,113),1,1
(75,125),1,1
(75,137),1,1
(75,139),1,1
(75,160),1,1
(76,14),1,1
(76,33),1,1
(76,113),1,1
(76,125),1,1
(76,139),1,1
(77,7),1,1
(77,10),1,1
(77,11),1,1
(77,12),1,1
(77,14),1,1
(77,15),1,1
(77,17),1,1
(77,22),1,1
(77,24),1,1
(77,30),1,1
(77,32),1,1
(77,35),1,1
(77,50),1,1
(77,52),1,1
(77,56),1,1
(77,65),1,1
(77,68),1,1
(77,70),1,1
(77,71),1,1
(77,73),1,1
(77,75),1,1
(77,82),1,1
(77,83),1,1
(77,86),1,1
(77,89),1,1
(77,90),1,1
(77,93),1,1
(77,100),1,1
(77,103),1,1
(77,105),1,1
(77,107),1,1
(77,125),1,1
(77,127),1,1
(77,128),1,1
(77,131),1,1
(77,135),1,1
(77,138),1,1
(77,139),1,1
(77,140),1,1
(77,144),1,1
(77,147),1,1
(77,149),1,1
(77,150),1,1
(77,159),1,1
(77,168),1,1
(77,170),1,1
(77,174),1,1
(77,177),1,1
(77,178),1,1
(77,181),1,1
(78,14),1,1
(78,33),1,1
(78,125),1,1
(78,139),1,1
(78,187),1,1
(79,33),1,1
(79,103),1,1
(79,105),1,1
(79,125),1,1
(79,139),1,1
(79,188),1,1
(80,7),1,1
(80,10),1,1
(80,11),1,1
(80,12),1,1
(80,14),1,1
(80,15),1,1
(80,17),1,1
(80,21),1,1
(80,22),1,1
(80,24),1,1
(80,30),1,1
(80,32),1,1
(80,35),1,1
(80,36),1,1
(80,48),1,1
(80,50),1,1
(80,52),1,1
(80,56),1,1
(80,63),1,1
(80,65),1,1
(80,68),1,1
(80,71),1,1
(80,73),1,1
(80,75),1,1
(80,82),1,1
(80,83),1,1
(80,86),1,1
(80,90),1,1
(80,93),1,1
(80,96),1,1
(80,97),1,1
(80,99),1,1
(80,100),1,1
(80,102),1,1
(80,116),1,1
(80,121),1,1
(80,123),1,1
(80,125),1,1
(80,127),1,1
(80,128),1,1
(80,131),1,1
(80,138),1,1
(80,139),1,1
(80,140),1,1
(80,147),1,1
(80,150),1,1
(80,170),1,1
(80,174),1,1
(80,177),1,1
(80,178),1,1
(80,181),1,1
(80,184),1,1
(81,14),1,1
(81,33),1,1
(81,103),1,1
(81,125),1,1
(81,137),1,1
(81,139),1,1
(82,14),1,1
(82,33),1,1
(82,103),1,1
(82,105),1,1
(82,113),1,1
(82,125),1,1
(82,139),1,1
(83,70),1,1
(83,103),1,1
(83,113),1,1
(83,125),1,1
(83,139),1,1
(84,7),1,1
(84,10),1,1
(84,11),1,1
(84,12),1,1
(84,15),1,1
(84,17),1,1
(84,22),1,1
(84,24),1,1
(84,30),1,1
(84,33),1,1
(84,48),1,1
(84,50),1,1
(84,52),1,1
(84,63),1,1
(84,68),1,1
(84,71),1,1
(84,75),1,1
(84,82),1,1
(84,83),1,1
(84,86),1,1
(84,89),1,1
(84,90),1,1
(84,93),1,1
(84,99),1,1
(84,100),1,1
(84,102),1,1
(84,109),1,1
(84,125),1,1
(84,127),1,1
(84,128),1,1
(84,131),1,1
(84,138),1,1
(84,139),1,1
(84,140),1,1
(84,144),1,1
(84,147),1,1
(84,149),1,1
(84,150),1,1
(84,170),1,1
(84,174),1,1
(84,176),1,1
(84,177),1,1
(84,181),1,1
(84,187),1,1
(85,7),1,1
(85,10),1,1
(85,11),1,1
(85,12),1,1
(85,14),1,1
(85,15),1,1
(85,21),1,1
(85,30),1,1
(85,35),1,1
(85,47),1,1
(85,50),1,1
(85,52),1,1
(85,56),1,1
(85,63),1,1
(85,68),1,1
(85,71),1,1
(85,75),1,1
(85,82),1,1
(85,83),1,1
(85,86),1,1
(85,89),1,1
(85,90),1,1
(85,93),1,1
(85,97),1,1
(85,99),1,1
(85,100),1,1
(85,107),1,1
(85,113),1,1
(85,121),1,1
(85,123),1,1
(85,125),1,1
(85,126),1,1
(85,127),1,1
(85,128),1,1
(85,131),1,1
(85,135),1,1
(85,137),1,1
(85,138),1,1
(85,139),1,1
(85,140),1,1
(85,147),1,1
(85,150),1,1
(85,159),1,1
(85,169),1,1
(85,170),1,1
(85,174),1,1
(85,177),1,1
(85,178),1,1
(85,181),1,1
(87,14),1,1
(87,33),1,1
(87,113),1,1
(87,125),1,1
(87,139),1,1
(87,187),1,1
(88,47),1,1
(88,90),1,1
(88,127),1,1
(88,138),1,1
(88,150),1,1
(89,14),1,1
(89,70),1,1
(89,105),1,1
(89,113),1,1
(89,114),1,1
(89,125),1,1
(89,139),1,1
(91,125),1,1
(91,139),1,1
(94,14),1,1
(94,33),1,1
(94,70),1,1
(94,113),1,1
(94,125),1,1
(94,139),1,1
(95,7),1,1
(95,10),1,1
(95,11),1,1
(95,12),1,1
(95,14),1,1
(95,15),1,1
(95,17),1,1
(95,21),1,1
(95,22),1,1
(95,24),1,1
(95,30),1,1
(95,33),1,1
(95,35),1,1
(95,48),1,1
(95,50),1,1
(95,52),1,1
(95,65),1,1
(95,68),1,1
(95,71),1,1
(95,73),1,1
(95,75),1,1
(95,82),1,1
(95,83),1,1
(95,86),1,1
(95,89),1,1
(95,90),1,1
(95,93),1,1
(95,96),1,1
(95,97),1,1
(95,99),1,1
(95,100),1,1
(95,103),1,1
(95,113),1,1
(95,116),1,1
(95,121),1,1
(95,125),1,1
(95,127),1,1
(95,128),1,1
(95,131),1,1
(95,137),1,1
(95,138),1,1
(95,139),1,1
(95,140),1,1
(95,147),1,1
(95,150),1,1
(95,159),1,1
(95,170),1,1
(95,174),1,1
(95,177),1,1
(95,178),1,1
(95,181),1,1
(96,113),1,1
(96,114),1,1
(96,125),1,1
(96,137),1,1
(96,139),1,1
(97,33),1,1
(97,113),1,1
(97,125),1,1
(97,137),1,1
(97,139),1,1
(98,14),1,1
(98,33),1,1
(98,113),1,1
(98,125),1,1
(98,137),1,1
(98,139),1,1
(99,14),1,1
(99,113),1,1
(99,125),1,1
(99,137),1,1
(99,139),1,1
(100,14),1,1
(100,70),1,1
(100,103),1,1
(100,113),1,1
(100,125),1,1
(100,139),1,1
(101,7),1,1
(101,10),1,1
(101,11),1,1
(101,12),1,1
(101,14),1,1
(101,15),1,1
(101,24),1,1
(101,30),1,1
(101,32),1,1
(101,33),1,1
(101,43),1,1
(101,48),1,1
(101,50),1,1
(101,51),1,1
(101,52),1,1
(101,56),1,1
(101,68),1,1
(101,71),1,1
(101,73),1,1
(101,75),1,1
(101,76),1,1
(101,83),1,1
(101,86),1,1
(101,89),1,1
(101,90),1,1
(101,93),1,1
(101,99),1,1
(101,100),1,1
(101,105),1,1
(101,113),1,1
(101,121),1,1
(101,123),1,1
(101,125),1,1
(101,127),1,1
(101,128),1,1
(101,130),1,1
(101,131),1,1
(101,138),1,1
(101,139),1,1
(101,140),1,1
(101,147),1,1
(101,149),1,1
(101,150),1,1
(101,170),1,1
(101,174),1,1
(101,177),1,1
(101,178),1,1
(101,181),1,1
(101,187),1,1
(102,10),1,1
(102,11),1,1
(102,12),1,1
(102,13),1,1
(102,14),1,1
(102,15),1,1
(102,17),1,1
(102,21),1,1
(102,22),1,1
(102,24),1,1
(102,26),1,1
(102,27),1,1
(102,30),1,1
(102,35),1,1
(102,47),1,1
(102,48),1,1
(102,50),1,1
(102,52),1,1
(102,56),1,1
(102,63),1,1
(102,65),1,1
(102,68),1,1
(102,70),1,1
(102,71),1,1
(102,73),1,1
(102,75),1,1
(102,82),1,1
(102,83),1,1
(102,86),1,1
(102,89),1,1
(102,90),1,1
(102,93),1,1
(102,97),1,1
(102,99),1,1
(102,100),1,1
(102,103),1,1
(102,105),1,1
(102,109),1,1
(102,121),1,1
(102,122),1,1
(102,123),1,1
(102,125),1,1
(102,127),1,1
(102,128),1,1
(102,131),1,1
(102,138),1,1
(102,139),1,1
(102,140),1,1
(102,144),1,1
(102,147),1,1
(102,150),1,1
(102,157),1,1
(102,159),1,1
(102,170),1,1
(102,174),1,1
(102,177),1,1
(102,181),1,1
(103,14),1,1
(103,105),1,1
(103,113),1,1
(103,125),1,1
(103,139),1,1
(104,14),1,1
(104,33),1,1
(104,125),1,1
(104,139),1,1
(105,14),1,1
(105,104),1,1
(105,113),1,1
(105,125),1,1
(105,139),1,1
(106,7),1,1
(106,10),1,1
(106,11),1,1
(106,12),1,1
(106,14),1,1
(106,15),1,1
(106,17),1,1
(106,21),1,1
(106,22),1,1
(106,24),1,1
(106,25),1,1
(106,27),1,1
(106,30),1,1
(106,32),1,1
(106,35),1,1
(106,48),1,1
(106,50),1,1
(106,52),1,1
(106,56),1,1
(106,58),1,1
(106,63),1,1
(106,65),1,1
(106,68),1,1
(106,71),1,1
(106,73),1,1
(106,75),1,1
(106,83),1,1
(106,86),1,1
(106,89),1,1
(106,90),1,1
(106,93),1,1
(106,97),1,1
(106,99),1,1
(106,100),1,1
(106,107),1,1
(106,113),1,1
(106,121),1,1
(106,125),1,1
(106,127),1,1
(106,128),1,1
(106,131),1,1
(106,137),1,1
(106,138),1,1
(106,139),1,1
(106,140),1,1
(106,147),1,1
(106,149),1,1
(106,150),1,1
(106,159),1,1
(106,169),1,1
(106,170),1,1
(106,174),1,1
(106,177),1,1
(106,178),1,1
(106,181),1,1
(107,103),1,1
(107,113),1,1
(107,114),1,1
(107,125),1,1
(107,139),1,1
(108,103),1,1
(108,105),1,1
(108,113),1,1
(108,125),1,1
(108,139),1,1
(109,14),1,1
(109,103),1,1
(109,113),1,1
(109,125),1,1
(109,139),1,1
(110,7),1,1
(110,73),1,1
(110,90),1,1
(110,127),1,1
(110,138),1,1
(110,150),1,1
(111,14),1,1
(111,33),1,1
(111,70),1,1
(111,105),1,1
(111,113),1,1
(111,125),1,1
(111,139),1,1
(111,160),1,1
(112,70),1,1
(112,105),1,1
(112,113),1,1
(112,125),1,1
(112,139),1,1
(113,7),1,1
(113,73),1,1
(113,90),1,1
(113,127),1,1
(113,138),1,1
(113,150),1,1
(114,14),1,1
(114,125),1,1
(114,139),1,1
(115,14),1,1
(115,70),1,1
(115,125),1,1
(115,139),1,1
(115,188),1,1
(116,7),1,1
(116,10),1,1
(116,11),1,1
(116,12),1,1
(116,14),1,1
(116,15),1,1
(116,24),1,1
(116,30),1,1
(116,43),1,1
(116,47),1,1
(116,48),1,1
(116,50),1,1
(116,52),1,1
(116,59),1,1
(116,63),1,1
(116,68),1,1
(116,71),1,1
(116,75),1,1
(116,83),1,1
(116,86),1,1
(116,90),1,1
(116,93),1,1
(116,97),1,1
(116,99),1,1
(116,100),1,1
(116,102),1,1
(116,103),1,1
(116,109),1,1
(116,113),1,1
(116,121),1,1
(116,123),1,1
(116,125),1,1
(116,127),1,1
(116,128),1,1
(116,131),1,1
(116,138),1,1
(116,139),1,1
(116,140),1,1
(116,144),1,1
(116,147),1,1
(116,149),1,1
(116,150),1,1
(116,159),1,1
(116,170),1,1
(116,174),1,1
(116,177),1,1
(116,178),1,1
(116,179),1,1
(116,181),1,1
(117,7),1,1
(117,10),1,1
(117,11),1,1
(117,12),1,1
(117,14),1,1
(117,15),1,1
(117,22),1,1
(117,24),1,1
(117,30),1,1
(117,32),1,1
(117,35),1,1
(117,38),1,1
(117,48),1,1
(117,50),1,1
(117,52),1,1
(117,56),1,1
(117,58),1,1
(117,63),1,1
(117,68),1,1
(117,71),1,1
(117,73),1,1
(117,75),1,1
(117,83),1,1
(117,86),1,1
(117,89),1,1
(117,90),1,1
(117,93),1,1
(117,99),1,1
(117,100),1,1
(117,103),1,1
(117,105),1,1
(117,121),1,1
(117,125),1,1
(117,127),1,1
(117,128),1,1
(117,131),1,1
(117,138),1,1
(117,139),1,1
(117,140),1,1
(117,144),1,1
(117,147),1,1
(117,150),1,1
(117,159),1,1
(117,169),1,1
(117,170),1,1
(117,174),1,1
(117,177),1,1
(117,181),1,1
(118,70),1,1
(118,113),1,1
(118,125),1,1
(118,139),1,1
(119,14),1,1
(119,103),1,1
(119,105),1,1
(119,113),1,1
(119,125),1,1
(119,139),1,1
(119,188),1,1
(120,14),1,1
(120,33),1,1
(120,70),1,1
(120,103),1,1
(120,105),1,1
(120,113),1,1
(120,125),1,1
(120,139),1,1
(121,14),1,1
(121,33),1,1
(121,113),1,1
(121,125),1,1
(121,139),1,1
(122,14),1,1
(122,33),1,1
(122,51),1,1
(122,113),1,1
(122,125),1,1
(122,139),1,1
(123,14),1,1
(123,70),1,1
(123,103),1,1
(123,113),1,1
(123,125),1,1
(123,139),1,1
(124,14),1,1
(124,103),1,1
(124,105),1,1
(124,113),1,1
(124,125),1,1
(124,139),1,1
(126,70),1,1
(126,103),1,1
(126,113),1,1
(126,125),1,1
(126,139),1,1
(127,14),1,1
(127,103),1,1
(127,113),1,1
(127,125),1,1
(127,139),1,1
(128,14),1,1
(128,103),1,1
(128,113),1,1
(128,125),1,1
(128,139),1,1
(129,14),1,1
(129,33),1,1
(129,105),1,1
(129,113),1,1
(129,125),1,1
(129,137),1,1
(129,139),1,1
(130,14),1,1
(130,113),1,1
(130,125),1,1
(130,137),1,1
(130,139),1,1
(130,156),1,1
(131,14),1,1
(131,33),1,1
(131,103),1,1
(131,113),1,1
(131,125),1,1
(131,137),1,1
(131,139),1,1
(131,187),1,1
(132,7),1,1
(132,43),1,1
(132,47),1,1
(132,73),1,1
(132,90),1,1
(132,104),1,1
(132,127),1,1
(132,138),1,1
(132,150),1,1
(133,10),1,1
(133,11),1,1
(133,12),1,1
(133,14),1,1
(133,15),1,1
(133,22),1,1
(133,24),1,1
(133,30),1,1
(133,35),1,1
(133,50),1,1
(133,52),1,1
(133,56),1,1
(133,63),1,1
(133,65),1,1
(133,68),1,1
(133,70),1,1
(133,71),1,1
(133,73),1,1
(133,75),1,1
(133,82),1,1
(133,83),1,1
(133,86),1,1
(133,90),1,1
(133,93),1,1
(133,97),1,1
(133,99),1,1
(133,100),1,1
(133,121),1,1
(133,123),1,1
(133,125),1,1
(133,127),1,1
(133,128),1,1
(133,131),1,1
(133,138),1,1
(133,139),1,1
(133,140),1,1
(133,147),1,1
(133,149),1,1
(133,150),1,1
(133,159),1,1
(133,170),1,1
(133,174),1,1
(133,177),1,1
(133,179),1,1
(133,181),1,1
(133,183),1,1
(134,7),1,1
(134,90),1,1
(134,127),1,1
(134,138),1,1
(134,150),1,1
(135,103),1,1
(135,105),1,1
(135,113),1,1
(135,125),1,1
(135,139),1,1
(135,160),1,1
(136,7),1,1
(136,10),1,1
(136,11),1,1
(136,12),1,1
(136,14),1,1
(136,15),1,1
(136,17),1,1
(136,21),1,1
(136,24),1,1
(136,30),1,1
(136,38),1,1
(136,47),1,1
(136,48),1,1
(136,50),1,1
(136,52),1,1
(136,56),1,1
(136,65),1,1
(136,68),1,1
(136,71),1,1
(136,73),1,1
(136,75),1,1
(136,82),1,1
(136,83),1,1
(136,86),1,1
(136,90),1,1
(136,93),1,1
(136,96),1,1
(136,97),1,1
(136,99),1,1
(136,100),1,1
(136,107),1,1
(136,113),1,1
(136,121),1,1
(136,123),1,1
(136,125),1,1
(136,127),1,1
(136,128),1,1
(136,131),1,1
(136,137),1,1
(136,138),1,1
(136,139),1,1
(136,140),1,1
(136,147),1,1
(136,150),1,1
(136,159),1,1
(136,170),1,1
(136,174),1,1
(136,177),1,1
(136,178),1,1
(136,181),1,1
(137,14),1,1
(137,105),1,1
(137,113),1,1
(137,125),1,1
(137,139),1,1
(139,7),1,1
(139,73),1,1
(139,90),1,1
(139,127),1,1
(139,138),1,1
(139,150),1,1
(140,70),1,1
(140,103),1,1
(140,113),1,1
(140,125),1,1
(140,139),1,1
(141,7),1,1
(141,10),1,1
(141,11),1,1
(141,12),1,1
(141,13),1,1
(141,15),1,1
(141,17),1,1
(141,24),1,1
(141,26),1,1
(141,30),1,1
(141,32),1,1
(141,33),1,1
(141,35),1,1
(141,36),1,1
(141,48),1,1
(141,50),1,1
(141,52),1,1
(141,63),1,1
(141,65),1,1
(141,68),1,1
(141,71),1,1
(141,73),1,1
(141,75),1,1
(141,82),1,1
(141,83),1,1
(141,86),1,1
(141,88),1,1
(141,89),1,1
(141,90),1,1
(141,93),1,1
(141,96),1,1
(141,97),1,1
(141,99),1,1
(141,100),1,1
(141,102),1,1
(141,105),1,1
(141,109),1,1
(141,113),1,1
(141,121),1,1
(141,125),1,1
(141,127),1,1
(141,128),1,1
(141,131),1,1
(141,138),1,1
(141,139),1,1
(141,140),1,1
(141,144),1,1
(141,147),1,1
(141,150),1,1
(141,159),1,1
(141,170),1,1
(141,174),1,1
(141,177),1,1
(141,178),1,1
(141,181),1,1
(141,189),1,1
(142,14),1,1
(142,113),1,1
(142,125),1,1
(142,139),1,1
(143,14),1,1
(143,51),1,1
(143,70),1,1
(143,125),1,1
(143,137),1,1
(143,139),1,1
(143,187),1,1
(144,14),1,1
(144,103),1,1
(144,105),1,1
(144,113),1,1
(144,125),1,1
(144,139),1,1
(145,70),1,1
(145,125),1,1
(145,137),1,1
(145,139),1,1
(146,14),1,1
(146,51),1,1
(146,70),1,1
(146,125),1,1
(146,139),1,1
(146,187),1,1
(147,14),1,1
(147,103),1,1
(147,125),1,1
(147,139),1,1
(148,14),1,1
(148,70),1,1
(148,113),1,1
(148,125),1,1
(148,139),1,1
(148,160),1,1
(149,14),1,1
(149,103),1,1
(149,105),1,1
(149,113),1,1
(149,125),1,1
(149,139),1,1
(149,187),1,1
(151,7),1,1
(151,43),1,1
(151,73),1,1
(151,90),1,1
(151,127),1,1
(151,138),1,1
(151,150),1,1
(152,33),1,1
(152,111),1,1
(152,113),1,1
(152,125),1,1
(152,137),1,1
(152,139),1,1
(153,14),1,1
(153,103),1,1
(153,105),1,1
(153,113),1,1
(153,125),1,1
(153,137),1,1
(153,139),1,1
(154,7),1,1
(154,10),1,1
(154,11),1,1
(154,12),1,1
(154,14),1,1
(154,15),1,1
(154,17),1,1
(154,24),1,1
(154,30),1,1
(154,35),1,1
(154,43),1,1
(154,50),1,1
(154,52),1,1
(154,56),1,1
(154,63),1,1
(154,65),1,1
(154,68),1,1
(154,70),1,1
(154,71),1,1
(154,73),1,1
(154,75),1,1
(154,82),1,1
(154,83),1,1
(154,86),1,1
(154,89),1,1
(154,90),1,1
(154,93),1,1
(154,96),1,1
(154,99),1,1
(154,100),1,1
(154,103),1,1
(154,105),1,1
(154,113),1,1
(154,114),1,1
(154,123),1,1
(154,125),1,1
(154,127),1,1
(154,128),1,1
(154,131),1,1
(154,137),1,1
(154,138),1,1
(154,139),1,1
(154,140),1,1
(154,147),1,1
(154,149),1,1
(154,150),1,1
(154,170),1,1
(154,174),1,1
(154,177),1,1
(154,178),1,1
(154,181),1,1
(154,189),1,1
(155,7),1,1
(155,10),1,1
(155,11),1,1
(155,12),1,1
(155,15),1,1
(155,17),1,1
(155,21),1,1
(155,22),1,1
(155,24),1,1
(155,30),1,1
(155,32),1,1
(155,38),1,1
(155,46),1,1
(155,47),1,1
(155,48),1,1
(155,50),1,1
(155,52),1,1
(155,56),1,1
(155,63),1,1
(155,65),1,1
(155,68),1,1
(155,71),1,1
(155,73),1,1
(155,75),1,1
(155,82),1,1
(155,83),1,1
(155,86),1,1
(155,88),1,1
(155,90),1,1
(155,93),1,1
(155,99),1,1
(155,100),1,1
(155,107),1,1
(155,109),1,1
(155,110),1,1
(155,113),1,1
(155,121),1,1
(155,125),1,1
(155,127),1,1
(155,128),1,1
(155,131),1,1
(155,138),1,1
(155,139),1,1
(155,140),1,1
(155,144),1,1
(155,147),1,1
(155,149),1,1
(155,150),1,1
(155,157),1,1
(155,159),1,1
(155,170),1,1
(155,174),1,1
(155,177),1,1
(155,181),1,1
(156,6),1,1
(156,7),1,1
(156,10),1,1
(156,11),1,1
(156,12),1,1
(156,13),1,1
(156,15),1,1
(156,17),1,1
(156,24),1,1
(156,30),1,1
(156,32),1,1
(156,48),1,1
(156,50),1,1
(156,52),1,1
(156,53),1,1
(156,56),1,1
(156,63),1,1
(156,68),1,1
(156,71),1,1
(156,73),1,1
(156,75),1,1
(156,83),1,1
(156,86),1,1
(156,89),1,1
(156,90),1,1
(156,93),1,1
(156,99),1,1
(156,100),1,1
(156,107),1,1
(156,118),1,1
(156,121),1,1
(156,125),1,1
(156,127),1,1
(156,128),1,1
(156,131),1,1
(156,138),1,1
(156,139),1,1
(156,140),1,1
(156,144),1,1
(156,147),1,1
(156,149),1,1
(156,150),1,1
(156,159),1,1
(156,170),1,1
(156,174),1,1
(156,176),1,1
(156,177),1,1
(156,178),1,1
(156,181),1,1
(157,10),1,1
(157,11),1,1
(157,12),1,1
(157,14),1,1
(157,15),1,1
(157,17),1,1
(157,21),1,1
(157,22),1,1
(157,24),1,1
(157,27),1,1
(157,30),1,1
(157,32),1,1
(157,36),1,1
(157,38),1,1
(157,43),1,1
(157,48),1,1
(157,50),1,1
(157,52),1,1
(157,55),1,1
(157,56),1,1
(157,63),1,1
(157,68),1,1
(157,71),1,1
(157,73),1,1
(157,75),1,1
(157,83),1,1
(157,86),1,1
(157,89),1,1
(157,90),1,1
(157,93),1,1
(157,99),1,1
(157,100),1,1
(157,109),1,1
(157,110),1,1
(157,113),1,1
(157,121),1,1
(157,123),1,1
(157,125),1,1
(157,127),1,1
(157,128),1,1
(157,131),1,1
(157,138),1,1
(157,139),1,1
(157,140),1,1
(157,147),1,1
(157,150),1,1
(157,159),1,1
(157,169),1,1
(157,170),1,1
(157,174),1,1
(157,177),1,1
(157,178),1,1
(157,179),1,1
(157,181),1,1
(158,4),1,1
(158,113),1,1
(158,114),1,1
(158,125),1,1
(158,139),1,1
(159,14),1,1
(159,113),1,1
(159,125),1,1
(159,139),1,1
(160,70),1,1
(160,105),1,1
(160,113),1,1
(160,125),1,1
(160,139),1,1
(161,14),1,1
(161,33),1,1
(161,70),1,1
(161,113),1,1
(161,125),1,1
(161,139),1,1
(162,7),1,1
(162,10),1,1
(162,11),1,1
(162,12),1,1
(162,14),1,1
(162,15),1,1
(162,17),1,1
(162,22),1,1
(162,24),1,1
(162,27),1,1
(162,30),1,1
(162,32),1,1
(162,35),1,1
(162,48),1,1
(162,50),1,1
(162,52),1,1
(162,54),1,1
(162,56),1,1
(162,63),1,1
(162,68),1,1
(162,70),1,1
(162,71),1,1
(162,73),1,1
(162,75),1,1
(162,83),1,1
(162,86),1,1
(162,89),1,1
(162,90),1,1
(162,93),1,1
(162,99),1,1
(162,100),1,1
(162,107),1,1
(162,109),1,1
(162,113),1,1
(162,121),1,1
(162,123),1,1
(162,125),1,1
(162,127),1,1
(162,128),1,1
(162,131),1,1
(162,138),1,1
(162,139),1,1
(162,140),1,1
(162,147),1,1
(162,150),1,1
(162,169),1,1
(162,170),1,1
(162,174),1,1
(162,177),1,1
(162,181),1,1
(163,43),1,1
(163,73),1,1
(163,90),1,1
(163,127),1,1
(163,138),1,1
(163,150),1,1
(165,14),1,1
(165,103),1,1
(165,113),1,1
(165,125),1,1
(165,139),1,1
(166,47),1,1
(166,90),1,1
(166,127),1,1
(166,138),1,1
(166,150),1,1
(167,7),1,1
(167,10),1,1
(167,11),1,1
(167,12),1,1
(167,14),1,1
(167,15),1,1
(167,17),1,1
(167,22),1,1
(167,24),1,1
(167,27),1,1
(167,30),1,1
(167,32),1,1
(167,50),1,1
(167,52),1,1
(167,56),1,1
(167,63),1,1
(167,65),1,1
(167,68),1,1
(167,71),1,1
(167,73),1,1
(167,75),1,1
(167,76),1,1
(167,83),1,1
(167,86),1,1
(167,89),1,1
(167,90),1,1
(167,93),1,1
(167,99),1,1
(167,100),1,1
(167,103),1,1
(167,110),1,1
(167,113),1,1
(167,123),1,1
(167,125),1,1
(167,127),1,1
(167,128),1,1
(167,131),1,1
(167,138),1,1
(167,139),1,1
(167,140),1,1
(167,144),1,1
(167,147),1,1
(167,150),1,1
(167,170),1,1
(167,174),1,1
(167,177),1,1
(167,178),1,1
(167,181),1,1
(168,14),1,1
(168,70),1,1
(168,103),1,1
(168,113),1,1
(168,114),1,1
(168,125),1,1
(168,139),1,1
(168,187),1,1
(169,14),1,1
(169,33),1,1
(169,70),1,1
(169,113),1,1
(169,125),1,1
(169,139),1,1
(170,14),1,1
(170,103),1,1
(170,125),1,1
(170,139),1,1
(171,10),1,1
(171,11),1,1
(171,12),1,1
(171,15),1,1
(171,17),1,1
(171,22),1,1
(171,24),1,1
(171,27),1,1
(171,30),1,1
(171,47),1,1
(171,48),1,1
(171,50),1,1
(171,52),1,1
(171,59),1,1
(171,63),1,1
(171,68),1,1
(171,70),1,1
(171,71),1,1
(171,73),1,1
(171,75),1,1
(171,82),1,1
(171,83),1,1
(171,86),1,1
(171,89),1,1
(171,90),1,1
(171,93),1,1
(171,97),1,1
(171,99),1,1
(171,100),1,1
(171,103),1,1
(171,109),1,1
(171,113),1,1
(171,121),1,1
(171,125),1,1
(171,127),1,1
(171,128),1,1
(171,131),1,1
(171,138),1,1
(171,139),1,1
(171,140),1,1
(171,144),1,1
(171,147),1,1
(171,148),1,1
(171,150),1,1
(171,159),1,1
(171,170),1,1
(171,174),1,1
(171,176),1,1
(171,177),1,1
(171,178),1,1
(171,180),1,1
(171,181),1,1
(172,7),1,1
(172,10),1,1
(172,11),1,1
(172,12),1,1
(172,15),1,1
(172,17),1,1
(172,22),1,1
(172,24),1,1
(172,30),1,1
(172,32),1,1
(172,48),1,1
(172,50),1,1
(172,52),1,1
(172,56),1,1
(172,63),1,1
(172,68),1,1
(172,71),1,1
(172,73),1,1
(172,75),1,1
(172,82),1,1
(172,83),1,1
(172,86),1,1
(172,90),1,1
(172,93),1,1
(172,100),1,1
(172,103),1,1
(172,107),1,1
(172,110),1,1
(172,113),1,1
(172,121),1,1
(172,123),1,1
(172,125),1,1
(172,127),1,1
(172,128),1,1
(172,131),1,1
(172,137),1,1
(172,138),1,1
(172,139),1,1
(172,140),1,1
(172,147),1,1
(172,149),1,1
(172,150),1,1
(172,159),1,1
(172,170),1,1
(172,174),1,1
(172,177),1,1
(172,178),1,1
(172,181),1,1
(172,184),1,1
(173,33),1,1
(173,51),1,1
(173,113),1,1
(173,125),1,1
(173,139),1,1
(174,7),1,1
(174,47),1,1
(174,73),1,1
(174,90),1,1
(174,127),1,1
(174,138),1,1
(174,150),1,1
(175,7),1,1
(175,10),1,1
(175,11),1,1
(175,12),1,1
(175,14),1,1
(175,15),1,1
(175,17),1,1
(175,21),1,1
(175,22),1,1
(175,24),1,1
(175,30),1,1
(175,32),1,1
(175,36),1,1
(175,47),1,1
(175,48),1,1
(175,50),1,1
(175,52),1,1
(175,56),1,1
(175,65),1,1
(175,68),1,1
(175,71),1,1
(175,73),1,1
(175,75),1,1
(175,82),1,1
(175,83),1,1
(175,84),1,1
(175,86),1,1
(175,90),1,1
(175,93),1,1
(175,95),1,1
(175,96),1,1
(175,97),1,1
(175,99),1,1
(175,100),1,1
(175,105),1,1
(175,109),1,1
(175,113),1,1
(175,116),1,1
(175,121),1,1
(175,123),1,1
(175,125),1,1
(175,127),1,1
(175,128),1,1
(175,131),1,1
(175,137),1,1
(175,138),1,1
(175,139),1,1
(175,140),1,1
(175,147),1,1
(175,150),1,1
(175,159),1,1
(175,170),1,1
(175,174),1,1
(175,177),1,1
(175,178),1,1
(175,181),1,1
(175,187),1,1
(176,7),1,1
(176,10),1,1
(176,11),1,1
(176,12),1,1
(176,14),1,1
(176,15),1,1
(176,24),1,1
(176,27),1,1
(176,30),1,1
(176,32),1,1
(176,48),1,1
(176,49),1,1
(176,50),1,1
(176,52),1,1
(176,63),1,1
(176,68),1,1
(176,71),1,1
(176,73),1,1
(176,75),1,1
(176,82),1,1
(176,83),1,1
(176,86),1,1
(176,90),1,1
(176,93),1,1
(176,97),1,1
(176,99),1,1
(176,100),1,1
(176,103),1,1
(176,105),1,1
(176,109),1,1
(176,112),1,1
(176,113),1,1
(176,121),1,1
(176,125),1,1
(176,127),1,1
(176,128),1,1
(176,131),1,1
(176,138),1,1
(176,139),1,1
(176,140),1,1
(176,147),1,1
(176,150),1,1
(176,159),1,1
(176,170),1,1
(176,174),1,1
(176,177),1,1
(176,178),1,1
(176,181),1,1
(177,7),1,1
(177,73),1,1
(177,90),1,1
(177,127),1,1
(177,138),1,1
(177,150),1,1
(178,105),1,1
(178,113),1,1
(178,115),1,1
(178,125),1,1
(178,139),1,1
(179,14),1,1
(179,33),1,1
(179,113),1,1
(179,125),1,1
(179,139),1,1
(180,7),1,1
(180,10),1,1
(180,11),1,1
(180,12),1,1
(180,14),1,1
(180,15),1,1
(180,17),1,1
(180,22),1,1
(180,24),1,1
(180,27),1,1
(180,30),1,1
(180,32),1,1
(180,48),1,1
(180,50),1,1
(180,52),1,1
(180,56),1,1
(180,58),1,1
(180,63),1,1
(180,65),1,1
(180,68),1,1
(180,70),1,1
(180,71),1,1
(180,73),1,1
(180,75),1,1
(180,82),1,1
(180,83),1,1
(180,86),1,1
(180,89),1,1
(180,90),1,1
(180,93),1,1
(180,96),1,1
(180,97),1,1
(180,99),1,1
(180,100),1,1
(180,105),1,1
(180,107),1,1
(180,113),1,1
(180,121),1,1
(180,123),1,1
(180,125),1,1
(180,127),1,1
(180,128),1,1
(180,131),1,1
(180,135),1,1
(180,138),1,1
(180,139),1,1
(180,140),1,1
(180,144),1,1
(180,146),1,1
(180,147),1,1
(180,149),1,1
(180,150),1,1
(180,170),1,1
(180,174),1,1
(180,176),1,1
(180,177),1,1
(180,178),1,1
(180,181),1,1
(181,14),1,1
(181,113),1,1
(181,125),1,1
(181,137),1,1
(181,139),1,1
(181,156),1,1
(182,4),1,1
(182,14),1,1
(182,33),1,1
(182,49),1,1
(182,113),1,1
(182,125),1,1
(182,139),1,1
(183,7),1,1
(183,73),1,1
(183,90),1,1
(183,127),1,1
(183,138),1,1
(183,150),1,1
(185,3),1,1
(185,7),1,1
(185,10),1,1
(185,11),1,1
(185,12),1,1
(185,13),1,1
(185,14),1,1
(185,15),1,1
(185,17),1,1
(185,22),1,1
(185,24),1,1
(185,30),1,1
(185,48),1,1
(185,50),1,1
(185,52),1,1
(185,59),1,1
(185,63),1,1
(185,65),1,1
(185,68),1,1
(185,71),1,1
(185,73),1,1
(185,75),1,1
(185,83),1,1
(185,86),1,1
(185,89),1,1
(185,90),1,1
(185,93),1,1
(185,99),1,1
(185,100),1,1
(185,103),1,1
(185,105),1,1
(185,113),1,1
(185,114),1,1
(185,121),1,1
(185,123),1,1
(185,125),1,1
(185,127),1,1
(185,128),1,1
(185,131),1,1
(185,138),1,1
(185,139),1,1
(185,140),1,1
(185,144),1,1
(185,147),1,1
(185,149),1,1
(185,150),1,1
(185,159),1,1
(185,170),1,1
(185,174),1,1
(185,177),1,1
(185,179),1,1
(185,181),1,1
(186,33),1,1
(186,49),1,1
(186,125),1,1
(186,139),1,1
(186,156),1,1
(187,33),1,1
(187,49),1,1
(187,113),1,1
(187,125),1,1
(187,139),1,1
(188,51),1,1
(188,105),1,1
(188,113),1,1
(188,125),1,1
(188,139),1,1
(189,33),1,1
(189,113),1,1
(189,114),1,1
(189,125),1,1
(189,137),1,1
(189,139),1,1
(190,7),1,1
(190,10),1,1
(190,11),1,1
(190,12),1,1
(190,13),1,1
(190,14),1,1
(190,15),1,1
(190,17),1,1
(190,22),1,1
(190,24),1,1
(190,30),1,1
(190,32),1,1
(190,48),1,1
(190,50),1,1
(190,52),1,1
(190,55),1,1
(190,56),1,1
(190,63),1,1
(190,68),1,1
(190,71),1,1
(190,73),1,1
(190,75),1,1
(190,82),1,1
(190,83),1,1
(190,86),1,1
(190,89),1,1
(190,90),1,1
(190,93),1,1
(190,97),1,1
(190,99),1,1
(190,100),1,1
(190,116),1,1
(190,121),1,1
(190,123),1,1
(190,125),1,1
(190,127),1,1
(190,128),1,1
(190,131),1,1
(190,138),1,1
(190,139),1,1
(190,140),1,1
(190,144),1,1
(190,147),1,1
(190,150),1,1
(190,159),1,1
(190,170),1,1
(190,172),1,1
(190,174),1,1
(190,177),1,1
(190,178),1,1
(190,180),1,1
(190,181),1,1
(191,7),1,1
(191,73),1,1
(191,90),1,1
(191,127),1,1
(191,138),1,1
(191,150),1,1
(192,10),1,1
(192,11),1,1
(192,12),1,1
(192,14),1,1
(192,15),1,1
(192,17),1,1
(192,22),1,1
(192,24),1,1
(192,30),1,1
(192,35),1,1
(192,36),1,1
(192,43),1,1
(192,48),1,1
(192,50),1,1
(192,52),1,1
(192,56),1,1
(192,63),1,1
(192,65),1,1
(192,68),1,1
(192,70),1,1
(192,71),1,1
(192,75),1,1
(192,82),1,1
(192,83),1,1
(192,86),1,1
(192,89),1,1
(192,90),1,1
(192,93),1,1
(192,97),1,1
(192,99),1,1
(192,100),1,1
(192,102),1,1
(192,109),1,1
(192,121),1,1
(192,123),1,1
(192,125),1,1
(192,127),1,1
(192,128),1,1
(192,131),1,1
(192,137),1,1
(192,138),1,1
(192,139),1,1
(192,140),1,1
(192,144),1,1
(192,147),1,1
(192,149),1,1
(192,150),1,1
(192,170),1,1
(192,174),1,1
(192,177),1,1
(192,178),1,1
(192,181),1,1
(193,14),1,1
(193,105),1,1
(193,113),1,1
(193,125),1,1
(193,139),1,1
(194,7),1,1
(194,10),1,1
(194,11),1,1
(194,12),1,1
(194,14),1,1
(194,17),1,1
(194,22),1,1
(194,30),1,1
(194,32),1,1
(194,36),1,1
(194,38),1,1
(194,40),1,1
(194,47),1,1
(194,50),1,1
(194,52),1,1
(194,63),1,1
(194,65),1,1
(194,68),1,1
(194,71),1,1
(194,73),1,1
(194,75),1,1
(194,83),1,1
(194,86),1,1
(194,89),1,1
(194,90),1,1
(194,93),1,1
(194,97),1,1
(194,99),1,1
(194,100),1,1
(194,102),1,1
(194,107),1,1
(194,121),1,1
(194,123),1,1
(194,125),1,1
(194,127),1,1
(194,128),1,1
(194,131),1,1
(194,138),1,1
(194,139),1,1
(194,140),1,1
(194,144),1,1
(194,147),1,1
(194,150),1,1
(194,157),1,1
(194,159),1,1
(194,170),1,1
(194,174),1,1
(194,176),1,1
(194,177),1,1
(194,178),1,1
(194,181),1,1
(195,7),1,1
(195,43),1,1
(195,90),1,1
(195,127),1,1
(195,138),1,1
(195,150),1,1
(196,14),1,1
(196,70),1,1
(196,103),1,1
(196,113),1,1
(196,125),1,1
(196,139),1,1
(196,187),1,1
(197,14),1,1
(197,113),1,1
(197,125),1,1
(197,139),1,1
(198,4),1,1
(198,70),1,1
(198,103),1,1
(198,113),1,1
(198,125),1,1
(198,139),1,1
(198,187),1,1
(199,10),1,1
(199,11),1,1
(199,12),1,1
(199,15),1,1
(199,17),1,1
(199,22),1,1
(199,24),1,1
(199,30),1,1
(199,33),1,1
(199,35),1,1
(199,43),1,1
(199,47),1,1
(199,48),1,1
(199,50),1,1
(199,52),1,1
(199,59),1,1
(199,63),1,1
(199,68),1,1
(199,70),1,1
(199,71),1,1
(199,73),1,1
(199,75),1,1
(199,83),1,1
(199,86),1,1
(199,89),1,1
(199,90),1,1
(199,93),1,1
(199,97),1,1
(199,100),1,1
(199,103),1,1
(199,109),1,1
(199,110),1,1
(199,113),1,1
(199,121),1,1
(199,123),1,1
(199,125),1,1
(199,127),1,1
(199,128),1,1
(199,131),1,1
(199,138),1,1
(199,139),1,1
(199,140),1,1
(199,141),1,1
(199,147),1,1
(199,150),1,1
(199,157),1,1
(199,159),1,1
(199,170),1,1
(199,174),1,1
(199,177),1,1
(199,178),1,1
(199,181),1,1
(199,184),1,1
(199,187),1,1
