Nr_Pairs = 200
Nr_NDD = 0
Nr_Arcs = 3737
0,0,2,0,2
1,0,2,1,2
2,0,1,2,0
3,0,1,0,0
4,0,1,0,0
5,0,1,0,2
6,0,1,3,2
7,0,0,0,2
8,0,1,1,2
9,0,0,1,2
10,0,1,1,2
11,0,1,0,2
12,0,2,0,0
13,0,0,0,1
14,0,1,1,2
15,0,1,0,0
16,0,1,0,0
17,0,1,0,0
18,0,1,0,2
19,0,2,0,0
20,0,2,0,0
21,0,0,0,2
22,0,1,0,0
23,0,1,0,2
24,0,2,2,2
25,0,2,3,2
26,0,0,1,2
27,0,1,0,2
28,0,1,0,1
29,0,1,0,2
30,0,1,0,2
31,0,2,2,2
32,0,2,0,2
33,0,1,0,0
34,0,0,0,2
35,0,1,2,0
36,0,1,0,0
37,0,1,0,0
38,0,1,0,2
39,0,0,0,2
40,0,0,2,2
41,0,0,0,2
42,0,2,0,2
43,0,2,2,2
44,0,1,0,1
45,0,0,1,2
46,0,3,0,0
47,0,1,0,1
48,0,1,1,2
49,0,0,1,2
50,0,3,2,1
51,0,0,0,2
52,0,0,1,2
53,0,1,0,0
54,0,2,1,1
55,0,2,0,1
56,0,1,0,2
57,0,1,0,1
58,0,3,0,0
59,0,1,1,1
60,0,0,0,2
61,0,2,0,1
62,0,0,0,2
63,0,1,0,0
64,0,1,0,2
65,0,1,0,1
66,0,0,2,2
67,0,0,0,2
68,0,0,0,0
69,0,1,1,2
70,0,2,1,0
71,0,2,1,2
72,0,0,0,2
73,0,1,0,0
74,0,1,1,2
75,0,2,0,2
76,0,3,2,2
77,0,1,1,2
78,0,0,0,2
79,0,1,0,0
80,0,1,1,2
81,0,1,0,2
82,0,1,1,2
83,0,0,0,2
84,0,1,2,2
85,0,1,0,0
86,0,1,1,1
87,0,1,2,0
88,0,1,0,1
89,0,0,0,2
90,0,1,1,2
91,0,1,1,2
92,0,1,0,2
93,0,1,0,0
94,0,0,0,2
95,0,1,0,2
96,0,0,1,2
97,0,2,2,2
98,0,1,0,0
99,0,2,1,0
100,0,1,0,0
101,0,0,0,2
102,0,1,0,2
103,0,1,1,2
104,0,2,0,1
105,0,1,1,2
106,0,0,0,2
107,0,0,0,2
108,0,0,0,2
109,0,3,2,2
110,0,3,1,0
111,0,0,1,2
112,0,1,0,0
113,0,1,0,0
114,0,1,0,0
115,0,0,0,1
116,0,0,0,2
117,0,1,0,1
118,0,0,0,2
119,0,1,0,2
120,0,2,0,2
121,0,1,0,2
122,0,1,0,0
123,0,1,1,2
124,0,0,2,2
125,0,0,2,2
126,0,0,0,2
127,0,2,2,2
128,0,1,3,2
129,0,2,0,0
130,0,0,0,2
131,0,1,0,2
132,0,1,0,0
133,0,0,0,2
134,0,0,2,2
135,0,1,1,1
136,0,2,1,2
137,0,1,0,0
138,0,1,0,2
139,0,2,2,2
140,0,1,1,2
141,0,0,0,2
142,0,3,2,2
143,0,1,0,1
144,0,1,0,2
145,0,1,0,2
146,0,2,0,1
147,0,1,0,2
148,0,0,0,2
149,0,1,0,2
150,0,1,0,2
151,0,1,0,0
152,0,1,2,0
153,0,0,0,2
154,0,0,0,2
155,0,1,1,2
156,0,1,1,2
157,0,0,0,2
158,0,2,1,0
159,0,1,0,1
160,0,0,2,2
161,0,0,0,1
162,0,1,0,0
163,0,1,0,2
164,0,1,0,1
165,0,1,0,1
166,0,0,0,2
167,0,0,0,2
168,0,1,1,2
169,0,1,0,2
170,0,0,0,2
171,0,2,0,2
172,0,2,3,2
173,0,1,1,2
174,0,1,0,2
175,0,0,0,2
176,0,1,3,2
177,0,2,0,2
178,0,1,0,1
179,0,0,1,2
180,0,1,0,2
181,0,0,0,2
182,0,1,0,0
183,0,0,1,2
184,0,0,0,2
185,0,1,1,2
186,0,0,0,2
187,0,1,3,2
188,0,2,0,0
189,0,1,1,1
190,0,1,0,2
191,0,0,0,2
192,0,0,0,2
193,0,0,2,2
194,0,1,1,2
195,0,1,0,1
196,0,1,2,1
197,0,0,0,2
198,0,0,1,2
199,0,1,0,2
(0,2),1,76
(0,35),1,24
(0,50),1,20
(0,87),1,34
(0,152),1,72
(1,2),1,37
(1,35),1,82
(1,50),1,47
(1,87),1,43
(1,152),1,68
(2,70),1,31
(2,99),1,43
(2,158),1,22
(3,70),1,3
(3,86),1,85
(3,99),1,67
(3,110),1,51
(3,135),1,68
(3,158),1,47
(4,70),1,64
(4,99),1,5
(4,110),1,63
(4,158),1,37
(4,189),1,34
(5,70),1,73
(5,99),1,54
(5,158),1,20
(5,189),1,85
(6,48),1,84
(6,70),1,80
(6,99),1,76
(6,110),1,79
(6,135),1,79
(6,158),1,21
(7,2),1,30
(7,4),1,73
(7,10),1,49
(7,12),1,37
(7,15),1,42
(7,17),1,20
(7,19),1,48
(7,20),1,11
(7,22),1,35
(7,28),1,61
(7,33),1,72
(7,36),1,65
(7,37),1,53
(7,44),1,20
(7,46),1,81
(7,50),1,87
(7,53),1,22
(7,54),1,80
(7,58),1,84
(7,63),1,84
(7,68),1,69
(7,70),1,61
(7,73),1,59
(7,79),1,86
(7,85),1,49
(7,87),1,47
(7,88),1,55
(7,93),1,71
(7,98),1,23
(7,99),1,76
(7,100),1,16
(7,110),1,80
(7,112),1,51
(7,113),1,24
(7,114),1,75
(7,117),1,76
(7,121),1,0
(7,122),1,1
(7,129),1,4
(7,132),1,18
(7,137),1,71
(7,151),1,67
(7,152),1,64
(7,158),1,48
(7,162),1,8
(7,164),1,66
(7,169),1,14
(7,182),1,35
(7,186),1,9
(7,188),1,9
(7,195),1,34
(8,10),1,47
(8,48),1,2
(8,59),1,65
(8,70),1,38
(8,99),1,6
(8,158),1,84
(8,189),1,44
(9,2),1,71
(9,4),1,80
(9,12),1,73
(9,13),1,30
(9,15),1,5
(9,16),1,19
(9,17),1,73
(9,19),1,34
(9,22),1,21
(9,29),1,82
(9,33),1,62
(9,35),1,16
(9,36),1,39
(9,37),1,18
(9,40),1,19
(9,46),1,75
(9,47),1,61
(9,53),1,68
(9,54),1,13
(9,55),1,2
(9,58),1,52
(9,61),1,29
(9,63),1,39
(9,70),1,74
(9,73),1,32
(9,79),1,14
(9,85),1,44
(9,87),1,32
(9,88),1,22
(9,93),1,76
(9,95),1,71
(9,98),1,43
(9,99),1,15
(9,100),1,9
(9,104),1,65
(9,110),1,72
(9,112),1,31
(9,113),1,10
(9,114),1,67
(9,122),1,33
(9,127),1,40
(9,129),1,0
(9,132),1,39
(9,137),1,80
(9,146),1,86
(9,151),1,60
(9,152),1,42
(9,158),1,75
(9,161),1,79
(9,162),1,17
(9,164),1,7
(9,165),1,11
(9,166),1,64
(9,182),1,80
(9,188),1,66
(9,194),1,88
(9,195),1,58
(9,196),1,10
(10,70),1,88
(10,99),1,60
(10,158),1,59
(10,183),1,75
(10,189),1,33
(11,59),1,74
(11,70),1,54
(11,86),1,67
(11,99),1,10
(11,110),1,86
(11,111),1,26
(11,135),1,21
(11,158),1,66
(11,189),1,5
(12,2),1,31
(12,35),1,42
(12,50),1,25
(12,87),1,86
(12,139),1,68
(12,152),1,14
(13,2),1,56
(13,3),1,89
(13,4),1,43
(13,12),1,64
(13,15),1,87
(13,16),1,25
(13,17),1,16
(13,19),1,30
(13,20),1,38
(13,22),1,78
(13,23),1,48
(13,28),1,46
(13,33),1,68
(13,35),1,65
(13,36),1,74
(13,37),1,37
(13,44),1,71
(13,46),1,5
(13,50),1,41
(13,53),1,40
(13,58),1,17
(13,63),1,1
(13,68),1,65
(13,70),1,49
(13,79),1,35
(13,85),1,57
(13,87),1,25
(13,88),1,61
(13,93),1,31
(13,98),1,4
(13,99),1,9
(13,100),1,78
(13,104),1,9
(13,110),1,74
(13,112),1,24
(13,113),1,5
(13,114),1,41
(13,122),1,68
(13,127),1,29
(13,129),1,63
(13,132),1,36
(13,137),1,11
(13,143),1,63
(13,151),1,3
(13,152),1,80
(13,158),1,30
(13,161),1,75
(13,162),1,56
(13,165),1,17
(13,166),1,52
(13,170),1,73
(13,178),1,27
(13,182),1,33
(13,194),1,70
(13,196),1,84
(13,197),1,82
(14,54),1,54
(14,70),1,6
(14,99),1,27
(14,158),1,84
(15,70),1,49
(15,99),1,73
(15,110),1,14
(15,135),1,37
(15,158),1,77
(16,70),1,7
(16,99),1,69
(16,110),1,79
(16,156),1,33
(16,158),1,60
(17,59),1,43
(17,70),1,68
(17,99),1,0
(17,158),1,51
(17,194),1,55
(18,26),1,54
(18,70),1,55
(18,86),1,89
(18,99),1,10
(18,110),1,62
(18,158),1,37
(18,189),1,78
(18,194),1,36
(19,2),1,20
(19,87),1,51
(19,152),1,69
(20,2),1,17
(20,87),1,78
(20,127),1,62
(20,152),1,79
(21,2),1,10
(21,3),1,66
(21,4),1,42
(21,12),1,52
(21,15),1,41
(21,17),1,35
(21,19),1,29
(21,20),1,85
(21,22),1,63
(21,33),1,11
(21,36),1,11
(21,37),1,21
(21,44),1,9
(21,46),1,35
(21,47),1,50
(21,53),1,81
(21,54),1,76
(21,58),1,17
(21,63),1,69
(21,70),1,42
(21,79),1,52
(21,85),1,68
(21,87),1,1
(21,93),1,87
(21,98),1,17
(21,99),1,28
(21,100),1,9
(21,110),1,13
(21,112),1,36
(21,113),1,31
(21,114),1,14
(21,115),1,3
(21,122),1,44
(21,129),1,69
(21,132),1,9
(21,137),1,3
(21,151),1,43
(21,158),1,68
(21,161),1,33
(21,162),1,53
(21,171),1,82
(21,178),1,7
(21,182),1,58
(22,70),1,23
(22,99),1,69
(22,158),1,66
(23,70),1,11
(23,86),1,70
(23,99),1,81
(23,158),1,77
(23,189),1,27
(24,2),1,70
(24,87),1,44
(24,152),1,28
(25,2),1,24
(25,87),1,61
(26,2),1,65
(26,3),1,41
(26,4),1,77
(26,12),1,19
(26,15),1,71
(26,17),1,29
(26,19),1,16
(26,20),1,7
(26,22),1,68
(26,33),1,13
(26,36),1,15
(26,37),1,66
(26,46),1,41
(26,53),1,8
(26,55),1,28
(26,58),1,73
(26,63),1,26
(26,70),1,82
(26,79),1,55
(26,85),1,12
(26,87),1,50
(26,93),1,22
(26,98),1,8
(26,99),1,19
(26,100),1,30
(26,104),1,22
(26,112),1,83
(26,113),1,13
(26,114),1,58
(26,122),1,47
(26,129),1,28
(26,132),1,41
(26,135),1,13
(26,137),1,10
(26,141),1,25
(26,143),1,67
(26,151),1,25
(26,152),1,46
(26,156),1,84
(26,158),1,41
(26,161),1,43
(26,162),1,80
(26,164),1,41
(26,169),1,14
(26,170),1,6
(26,182),1,21
(26,188),1,67
(26,197),1,11
(27,70),1,57
(27,99),1,74
(27,110),1,88
(27,158),1,60
(27,194),1,38
(28,70),1,39
(28,99),1,42
(28,110),1,68
(28,128),1,77
(28,158),1,8
(28,189),1,74
(29,70),1,39
(29,99),1,22
(29,110),1,17
(29,128),1,67
(29,158),1,36
(29,183),1,8
(30,70),1,1
(30,99),1,64
(30,110),1,32
(30,158),1,64
(30,183),1,43
(30,189),1,68
(31,2),1,82
(31,35),1,70
(31,87),1,39
(31,152),1,85
(32,2),1,52
(32,35),1,23
(32,50),1,22
(32,87),1,23
(32,142),1,48
(32,152),1,55
(33,59),1,59
(33,70),1,35
(33,99),1,32
(33,128),1,11
(33,158),1,79
(33,194),1,80
(33,198),1,50
(34,2),1,9
(34,4),1,66
(34,10),1,9
(34,12),1,6
(34,13),1,25
(34,15),1,73
(34,17),1,30
(34,19),1,28
(34,20),1,14
(34,22),1,34
(34,29),1,79
(34,33),1,84
(34,36),1,26
(34,37),1,80
(34,44),1,23
(34,46),1,26
(34,47),1,12
(34,50),1,10
(34,53),1,87
(34,58),1,18
(34,61),1,3
(34,63),1,21
(34,70),1,25
(34,73),1,28
(34,79),1,42
(34,81),1,30
(34,85),1,51
(34,87),1,46
(34,93),1,63
(34,95),1,36
(34,98),1,41
(34,99),1,23
(34,100),1,60
(34,104),1,85
(34,105),1,41
(34,112),1,49
(34,113),1,22
(34,114),1,84
(34,117),1,54
(34,122),1,41
(34,129),1,79
(34,132),1,5
(34,135),1,6
(34,137),1,12
(34,143),1,14
(34,144),1,63
(34,146),1,48
(34,147),1,70
(34,151),1,66
(34,152),1,59
(34,158),1,72
(34,161),1,20
(34,162),1,9
(34,164),1,65
(34,169),1,26
(34,178),1,60
(34,182),1,62
(34,188),1,9
(35,9),1,7
(35,59),1,52
(35,70),1,2
(35,99),1,49
(35,110),1,66
(35,158),1,1
(35,189),1,52
(36,59),1,43
(36,70),1,33
(36,99),1,6
(36,110),1,60
(36,128),1,35
(36,158),1,14
(36,194),1,29
(36,198),1,84
(37,70),1,89
(37,86),1,51
(37,99),1,20
(37,158),1,81
(37,189),1,20
(38,70),1,26
(38,99),1,41
(38,158),1,5
(38,194),1,79
(39,2),1,69
(39,3),1,18
(39,4),1,16
(39,12),1,76
(39,13),1,82
(39,15),1,24
(39,16),1,48
(39,17),1,43
(39,19),1,34
(39,20),1,5
(39,22),1,59
(39,27),1,75
(39,36),1,2
(39,37),1,40
(39,46),1,75
(39,50),1,30
(39,53),1,67
(39,58),1,22
(39,63),1,13
(39,65),1,7
(39,68),1,19
(39,70),1,59
(39,73),1,35
(39,79),1,19
(39,85),1,50
(39,86),1,24
(39,87),1,77
(39,88),1,50
(39,93),1,73
(39,98),1,16
(39,99),1,57
(39,100),1,65
(39,104),1,84
(39,112),1,73
(39,113),1,51
(39,114),1,53
(39,116),1,85
(39,122),1,31
(39,129),1,45
(39,132),1,10
(39,137),1,43
(39,143),1,78
(39,147),1,29
(39,151),1,82
(39,158),1,6
(39,162),1,68
(39,183),1,66
(39,188),1,79
(40,2),1,4
(40,3),1,37
(40,4),1,59
(40,12),1,81
(40,15),1,25
(40,17),1,26
(40,19),1,83
(40,20),1,85
(40,22),1,4
(40,27),1,40
(40,28),1,8
(40,29),1,2
(40,33),1,2
(40,36),1,79
(40,37),1,16
(40,46),1,14
(40,50),1,76
(40,53),1,66
(40,58),1,53
(40,60),1,21
(40,63),1,74
(40,65),1,15
(40,70),1,30
(40,79),1,69
(40,85),1,58
(40,87),1,49
(40,93),1,4
(40,98),1,28
(40,99),1,69
(40,100),1,15
(40,110),1,25
(40,112),1,8
(40,114),1,74
(40,115),1,65
(40,117),1,63
(40,122),1,78
(40,129),1,42
(40,132),1,24
(40,137),1,11
(40,143),1,88
(40,151),1,65
(40,157),1,74
(40,158),1,42
(40,161),1,18
(40,162),1,81
(40,164),1,75
(40,165),1,87
(40,178),1,28
(40,182),1,72
(40,188),1,13
(41,2),1,70
(41,4),1,83
(41,12),1,36
(41,15),1,46
(41,16),1,21
(41,17),1,5
(41,19),1,42
(41,20),1,16
(41,22),1,87
(41,32),1,89
(41,33),1,7
(41,35),1,87
(41,36),1,4
(41,37),1,3
(41,46),1,1
(41,53),1,64
(41,58),1,83
(41,63),1,29
(41,65),1,57
(41,68),1,29
(41,70),1,45
(41,73),1,52
(41,79),1,52
(41,85),1,36
(41,87),1,10
(41,92),1,30
(41,93),1,70
(41,98),1,12
(41,99),1,53
(41,100),1,6
(41,104),1,84
(41,108),1,66
(41,112),1,1
(41,113),1,25
(41,114),1,27
(41,122),1,49
(41,128),1,40
(41,129),1,23
(41,132),1,21
(41,137),1,73
(41,151),1,16
(41,152),1,3
(41,158),1,60
(41,159),1,2
(41,162),1,31
(41,188),1,65
(41,195),1,36
(41,198),1,66
(42,2),1,48
(42,87),1,77
(42,152),1,30
(43,2),1,49
(43,50),1,64
(43,87),1,75
(43,152),1,47
(44,48),1,14
(44,59),1,66
(44,70),1,30
(44,99),1,59
(44,110),1,2
(44,158),1,18
(45,2),1,49
(45,4),1,7
(45,12),1,75
(45,15),1,13
(45,17),1,27
(45,19),1,21
(45,20),1,1
(45,22),1,19
(45,23),1,50
(45,36),1,14
(45,37),1,82
(45,41),1,87
(45,46),1,23
(45,53),1,22
(45,58),1,36
(45,60),1,71
(45,63),1,86
(45,68),1,74
(45,70),1,80
(45,79),1,52
(45,85),1,8
(45,87),1,13
(45,88),1,55
(45,90),1,5
(45,93),1,13
(45,95),1,56
(45,98),1,14
(45,99),1,42
(45,100),1,42
(45,110),1,29
(45,112),1,6
(45,113),1,69
(45,114),1,54
(45,122),1,39
(45,128),1,31
(45,129),1,49
(45,132),1,34
(45,137),1,31
(45,151),1,9
(45,152),1,52
(45,158),1,26
(45,159),1,44
(45,161),1,16
(45,162),1,51
(45,164),1,59
(45,182),1,76
(45,183),1,14
(45,195),1,47
(47,25),1,87
(47,70),1,55
(47,99),1,20
(47,110),1,45
(47,158),1,62
(48,70),1,0
(48,99),1,32
(48,128),1,85
(48,158),1,8
(49,2),1,32
(49,4),1,15
(49,12),1,38
(49,13),1,19
(49,15),1,36
(49,16),1,7
(49,17),1,1
(49,19),1,44
(49,20),1,43
(49,22),1,16
(49,23),1,41
(49,30),1,32
(49,33),1,20
(49,35),1,57
(49,36),1,67
(49,37),1,24
(49,46),1,22
(49,53),1,88
(49,54),1,53
(49,58),1,52
(49,59),1,67
(49,63),1,76
(49,68),1,0
(49,70),1,75
(49,79),1,3
(49,85),1,0
(49,87),1,56
(49,92),1,39
(49,93),1,61
(49,98),1,53
(49,99),1,45
(49,100),1,28
(49,104),1,80
(49,112),1,77
(49,113),1,81
(49,114),1,80
(49,122),1,37
(49,129),1,33
(49,132),1,38
(49,135),1,66
(49,137),1,11
(49,143),1,20
(49,151),1,54
(49,152),1,38
(49,158),1,15
(49,159),1,54
(49,162),1,2
(49,164),1,58
(49,171),1,73
(49,178),1,32
(49,182),1,68
(49,188),1,76
(49,189),1,70
(51,2),1,82
(51,4),1,30
(51,10),1,10
(51,12),1,80
(51,13),1,80
(51,15),1,3
(51,16),1,87
(51,17),1,24
(51,19),1,23
(51,20),1,72
(51,22),1,29
(51,26),1,21
(51,28),1,16
(51,30),1,64
(51,35),1,83
(51,36),1,21
(51,37),1,19
(51,44),1,88
(51,46),1,38
(51,50),1,14
(51,53),1,9
(51,54),1,68
(51,58),1,69
(51,60),1,80
(51,63),1,32
(51,70),1,30
(51,73),1,23
(51,79),1,37
(51,85),1,85
(51,87),1,81
(51,93),1,19
(51,98),1,65
(51,99),1,36
(51,100),1,75
(51,104),1,26
(51,112),1,8
(51,113),1,54
(51,114),1,19
(51,122),1,52
(51,129),1,24
(51,132),1,64
(51,135),1,82
(51,137),1,61
(51,151),1,81
(51,152),1,9
(51,156),1,31
(51,158),1,79
(51,162),1,28
(51,178),1,0
(51,182),1,71
(51,188),1,11
(52,2),1,25
(52,4),1,47
(52,9),1,47
(52,12),1,12
(52,15),1,49
(52,17),1,74
(52,19),1,82
(52,20),1,15
(52,22),1,88
(52,27),1,46
(52,33),1,19
(52,36),1,66
(52,37),1,75
(52,41),1,40
(52,44),1,49
(52,46),1,7
(52,47),1,64
(52,50),1,49
(52,53),1,21
(52,58),1,9
(52,63),1,40
(52,65),1,23
(52,68),1,6
(52,70),1,31
(52,79),1,39
(52,85),1,11
(52,87),1,48
(52,93),1,35
(52,98),1,26
(52,99),1,76
(52,100),1,89
(52,110),1,1
(52,112),1,44
(52,114),1,19
(52,122),1,15
(52,129),1,24
(52,132),1,78
(52,137),1,14
(52,143),1,48
(52,151),1,28
(52,152),1,9
(52,158),1,0
(52,161),1,33
(52,162),1,21
(52,182),1,32
(52,188),1,52
(52,189),1,48
(52,195),1,11
(53,48),1,74
(53,70),1,44
(53,99),1,56
(53,158),1,81
(54,2),1,18
(54,35),1,55
(54,87),1,40
(54,152),1,12
(55,2),1,56
(55,40),1,46
(55,50),1,59
(55,66),1,33
(55,87),1,53
(55,152),1,82
(55,196),1,76
(56,69),1,69
(56,70),1,35
(56,99),1,39
(56,110),1,40
(56,135),1,78
(56,158),1,67
(56,189),1,1
(57,70),1,52
(57,99),1,7
(57,158),1,68
(59,70),1,33
(59,86),1,33
(59,99),1,10
(59,110),1,2
(59,128),1,38
(59,158),1,20
(60,2),1,45
(60,4),1,77
(60,12),1,70
(60,15),1,11
(60,16),1,43
(60,17),1,6
(60,19),1,49
(60,20),1,43
(60,22),1,23
(60,29),1,27
(60,33),1,0
(60,36),1,15
(60,37),1,3
(60,46),1,72
(60,47),1,84
(60,48),1,66
(60,53),1,73
(60,58),1,9
(60,61),1,81
(60,63),1,61
(60,65),1,62
(60,70),1,59
(60,73),1,44
(60,79),1,83
(60,85),1,28
(60,87),1,66
(60,90),1,44
(60,93),1,47
(60,98),1,25
(60,99),1,86
(60,100),1,22
(60,104),1,80
(60,110),1,71
(60,112),1,32
(60,113),1,42
(60,114),1,17
(60,117),1,31
(60,122),1,35
(60,129),1,50
(60,132),1,62
(60,137),1,15
(60,145),1,23
(60,146),1,30
(60,151),1,31
(60,152),1,74
(60,158),1,73
(60,161),1,25
(60,162),1,89
(60,166),1,21
(60,171),1,21
(60,177),1,1
(60,182),1,32
(60,188),1,32
(60,195),1,75
(61,2),1,70
(61,35),1,10
(61,87),1,48
(61,152),1,14
(62,2),1,51
(62,3),1,52
(62,4),1,6
(62,12),1,35
(62,15),1,38
(62,16),1,74
(62,17),1,82
(62,19),1,44
(62,20),1,64
(62,22),1,14
(62,23),1,15
(62,29),1,0
(62,33),1,11
(62,35),1,7
(62,36),1,63
(62,37),1,41
(62,44),1,70
(62,46),1,14
(62,53),1,1
(62,58),1,88
(62,61),1,70
(62,63),1,55
(62,68),1,45
(62,70),1,40
(62,79),1,16
(62,85),1,30
(62,87),1,76
(62,88),1,72
(62,93),1,26
(62,98),1,38
(62,99),1,82
(62,100),1,80
(62,104),1,88
(62,110),1,63
(62,112),1,56
(62,113),1,74
(62,114),1,85
(62,115),1,79
(62,122),1,49
(62,129),1,63
(62,132),1,33
(62,133),1,45
(62,137),1,83
(62,143),1,64
(62,151),1,19
(62,158),1,12
(62,162),1,45
(62,164),1,87
(62,169),1,12
(62,178),1,7
(62,182),1,79
(62,188),1,57
(63,54),1,51
(63,70),1,69
(63,99),1,78
(63,110),1,32
(63,158),1,30
(63,198),1,80
(64,70),1,84
(64,86),1,37
(64,99),1,44
(64,110),1,43
(64,111),1,32
(64,158),1,26
(65,70),1,49
(65,86),1,45
(65,99),1,4
(65,135),1,7
(65,158),1,76
(65,189),1,60
(66,2),1,31
(66,3),1,86
(66,4),1,54
(66,12),1,64
(66,13),1,71
(66,15),1,30
(66,17),1,30
(66,19),1,65
(66,20),1,29
(66,22),1,23
(66,35),1,0
(66,36),1,63
(66,37),1,68
(66,46),1,40
(66,47),1,2
(66,50),1,86
(66,53),1,68
(66,54),1,10
(66,57),1,25
(66,58),1,21
(66,63),1,44
(66,68),1,40
(66,70),1,39
(66,79),1,81
(66,85),1,81
(66,86),1,86
(66,87),1,55
(66,88),1,77
(66,90),1,37
(66,93),1,76
(66,98),1,44
(66,99),1,9
(66,100),1,52
(66,110),1,36
(66,112),1,56
(66,113),1,62
(66,114),1,9
(66,115),1,43
(66,122),1,82
(66,129),1,69
(66,132),1,57
(66,137),1,72
(66,148),1,46
(66,151),1,69
(66,152),1,47
(66,158),1,77
(66,162),1,54
(66,163),1,33
(66,164),1,36
(66,182),1,67
(66,186),1,64
(66,188),1,32
(66,189),1,75
(66,197),1,16
(67,2),1,87
(67,3),1,41
(67,4),1,22
(67,12),1,84
(67,13),1,83
(67,15),1,66
(67,16),1,17
(67,17),1,51
(67,19),1,57
(67,20),1,42
(67,22),1,50
(67,28),1,50
(67,33),1,71
(67,36),1,30
(67,37),1,47
(67,40),1,41
(67,46),1,4
(67,50),1,26
(67,53),1,51
(67,54),1,45
(67,58),1,5
(67,63),1,52
(67,68),1,31
(67,70),1,89
(67,73),1,76
(67,79),1,69
(67,87),1,3
(67,88),1,36
(67,93),1,27
(67,98),1,89
(67,99),1,3
(67,100),1,3
(67,112),1,37
(67,113),1,46
(67,114),1,12
(67,115),1,44
(67,117),1,43
(67,121),1,56
(67,122),1,21
(67,129),1,48
(67,132),1,82
(67,135),1,66
(67,137),1,89
(67,146),1,56
(67,151),1,18
(67,158),1,31
(67,162),1,75
(67,165),1,85
(67,182),1,50
(67,188),1,11
(67,189),1,82
(68,2),1,3
(68,3),1,64
(68,4),1,58
(68,12),1,42
(68,15),1,22
(68,16),1,27
(68,17),1,0
(68,19),1,27
(68,20),1,76
(68,22),1,51
(68,23),1,50
(68,30),1,85
(68,33),1,10
(68,35),1,79
(68,36),1,59
(68,37),1,70
(68,46),1,46
(68,47),1,71
(68,50),1,0
(68,53),1,1
(68,54),1,57
(68,58),1,22
(68,59),1,85
(68,61),1,80
(68,63),1,81
(68,70),1,11
(68,79),1,22
(68,85),1,41
(68,86),1,58
(68,87),1,3
(68,93),1,37
(68,98),1,87
(68,99),1,41
(68,100),1,80
(68,101),1,20
(68,110),1,65
(68,111),1,13
(68,112),1,16
(68,113),1,5
(68,114),1,51
(68,117),1,84
(68,122),1,49
(68,129),1,38
(68,132),1,23
(68,137),1,82
(68,143),1,66
(68,147),1,5
(68,151),1,67
(68,152),1,14
(68,158),1,22
(68,159),1,45
(68,162),1,47
(68,165),1,16
(68,180),1,85
(68,182),1,57
(68,188),1,37
(69,70),1,73
(69,86),1,66
(69,99),1,34
(69,110),1,50
(69,111),1,24
(69,158),1,24
(69,183),1,60
(69,189),1,59
(70,2),1,21
(70,43),1,39
(70,87),1,20
(70,152),1,64
(71,2),1,31
(71,35),1,38
(71,50),1,31
(71,87),1,39
(71,152),1,81
(71,196),1,23
(72,2),1,30
(72,3),1,28
(72,4),1,57
(72,12),1,81
(72,15),1,48
(72,16),1,44
(72,17),1,59
(72,19),1,64
(72,20),1,68
(72,22),1,61
(72,28),1,7
(72,33),1,40
(72,35),1,22
(72,36),1,9
(72,37),1,69
(72,44),1,56
(72,46),1,76
(72,53),1,2
(72,58),1,2
(72,61),1,48
(72,63),1,52
(72,68),1,48
(72,70),1,84
(72,79),1,32
(72,85),1,35
(72,87),1,15
(72,93),1,12
(72,98),1,71
(72,99),1,45
(72,100),1,54
(72,110),1,53
(72,112),1,63
(72,113),1,79
(72,114),1,32
(72,122),1,29
(72,129),1,70
(72,132),1,22
(72,137),1,38
(72,143),1,11
(72,146),1,52
(72,151),1,62
(72,152),1,34
(72,158),1,8
(72,162),1,11
(72,165),1,9
(72,182),1,63
(72,188),1,33
(72,194),1,29
(73,9),1,28
(73,48),1,52
(73,70),1,36
(73,99),1,88
(73,110),1,87
(73,158),1,25
(73,183),1,5
(73,189),1,20
(74,59),1,53
(74,70),1,53
(74,99),1,70
(74,110),1,12
(74,135),1,80
(74,158),1,75
(75,2),1,62
(75,35),1,20
(75,87),1,4
(77,59),1,60
(77,70),1,87
(77,86),1,71
(77,99),1,31
(77,158),1,76
(77,189),1,53
(78,2),1,17
(78,3),1,70
(78,4),1,31
(78,12),1,63
(78,15),1,22
(78,17),1,45
(78,19),1,83
(78,20),1,2
(78,22),1,85
(78,23),1,78
(78,29),1,18
(78,30),1,52
(78,33),1,68
(78,35),1,7
(78,36),1,88
(78,37),1,80
(78,43),1,2
(78,46),1,28
(78,53),1,18
(78,58),1,14
(78,63),1,72
(78,65),1,0
(78,68),1,49
(78,70),1,14
(78,79),1,51
(78,85),1,38
(78,86),1,38
(78,87),1,8
(78,93),1,42
(78,98),1,63
(78,99),1,53
(78,100),1,25
(78,101),1,8
(78,110),1,87
(78,112),1,39
(78,113),1,83
(78,114),1,80
(78,122),1,25
(78,129),1,68
(78,132),1,87
(78,137),1,3
(78,141),1,18
(78,151),1,44
(78,152),1,41
(78,158),1,38
(78,161),1,36
(78,162),1,58
(78,165),1,50
(78,166),1,86
(78,182),1,45
(78,186),1,76
(78,188),1,34
(79,69),1,13
(79,70),1,24
(79,99),1,44
(79,110),1,11
(79,156),1,24
(79,158),1,61
(80,70),1,64
(80,90),1,1
(80,99),1,59
(80,110),1,22
(80,128),1,86
(80,156),1,35
(80,158),1,53
(81,59),1,2
(81,70),1,49
(81,86),1,47
(81,99),1,22
(81,110),1,55
(81,158),1,10
(82,70),1,42
(82,86),1,73
(82,99),1,65
(82,110),1,57
(82,158),1,20
(82,173),1,27
(83,2),1,36
(83,4),1,78
(83,12),1,21
(83,15),1,18
(83,16),1,73
(83,17),1,18
(83,19),1,18
(83,20),1,29
(83,22),1,20
(83,29),1,26
(83,33),1,50
(83,35),1,9
(83,36),1,66
(83,37),1,14
(83,46),1,26
(83,53),1,45
(83,55),1,32
(83,57),1,36
(83,58),1,66
(83,59),1,3
(83,63),1,21
(83,68),1,58
(83,70),1,69
(83,73),1,66
(83,79),1,19
(83,85),1,63
(83,87),1,7
(83,88),1,74
(83,93),1,89
(83,98),1,23
(83,99),1,69
(83,100),1,62
(83,110),1,5
(83,112),1,57
(83,113),1,24
(83,114),1,3
(83,115),1,87
(83,117),1,45
(83,122),1,48
(83,129),1,58
(83,132),1,65
(83,137),1,89
(83,143),1,72
(83,151),1,48
(83,152),1,58
(83,158),1,58
(83,159),1,3
(83,162),1,72
(83,164),1,86
(83,166),1,38
(83,182),1,5
(83,188),1,69
(84,70),1,77
(84,99),1,14
(84,158),1,53
(85,14),1,54
(85,70),1,81
(85,86),1,30
(85,99),1,33
(85,128),1,49
(85,135),1,49
(85,158),1,61
(85,189),1,70
(86,70),1,8
(86,99),1,27
(86,110),1,76
(86,158),1,34
(86,183),1,18
(86,194),1,14
(87,70),1,6
(87,99),1,55
(87,110),1,30
(87,158),1,23
(87,194),1,72
(88,54),1,57
(88,70),1,0
(88,99),1,34
(88,110),1,26
(88,135),1,39
(88,158),1,59
(88,189),1,85
(89,2),1,1
(89,3),1,9
(89,4),1,72
(89,12),1,81
(89,15),1,18
(89,16),1,50
(89,17),1,9
(89,19),1,69
(89,20),1,67
(89,22),1,68
(89,35),1,56
(89,36),1,33
(89,37),1,1
(89,46),1,74
(89,53),1,36
(89,54),1,34
(89,58),1,85
(89,63),1,59
(89,65),1,7
(89,68),1,74
(89,70),1,55
(89,73),1,44
(89,79),1,69
(89,85),1,5
(89,86),1,51
(89,87),1,7
(89,88),1,42
(89,93),1,31
(89,98),1,84
(89,99),1,44
(89,100),1,40
(89,101),1,11
(89,104),1,31
(89,110),1,48
(89,112),1,83
(89,114),1,85
(89,122),1,68
(89,129),1,12
(89,132),1,10
(89,137),1,44
(89,143),1,77
(89,146),1,77
(89,151),1,11
(89,158),1,56
(89,161),1,70
(89,162),1,41
(89,169),1,54
(89,182),1,79
(89,188),1,10
(89,195),1,36
(90,54),1,20
(90,59),1,41
(90,70),1,74
(90,99),1,10
(90,110),1,88
(90,158),1,57
(91,54),1,34
(91,59),1,7
(91,70),1,63
(91,99),1,32
(91,110),1,54
(91,158),1,69
(91,183),1,49
(92,59),1,72
(92,70),1,89
(92,86),1,30
(92,99),1,12
(92,158),1,77
(92,183),1,36
(92,189),1,13
(93,54),1,63
(93,70),1,68
(93,99),1,76
(93,110),1,76
(93,111),1,50
(93,128),1,18
(93,158),1,9
(93,189),1,55
(94,2),1,8
(94,3),1,70
(94,4),1,47
(94,12),1,21
(94,13),1,24
(94,15),1,50
(94,16),1,77
(94,17),1,73
(94,19),1,45
(94,20),1,36
(94,22),1,76
(94,33),1,31
(94,35),1,36
(94,36),1,48
(94,37),1,86
(94,40),1,4
(94,46),1,65
(94,50),1,67
(94,53),1,67
(94,57),1,23
(94,58),1,56
(94,63),1,76
(94,66),1,28
(94,68),1,4
(94,70),1,1
(94,79),1,44
(94,85),1,42
(94,86),1,81
(94,87),1,59
(94,92),1,89
(94,93),1,26
(94,98),1,80
(94,99),1,4
(94,100),1,10
(94,110),1,87
(94,112),1,23
(94,113),1,51
(94,114),1,43
(94,122),1,74
(94,129),1,13
(94,132),1,48
(94,137),1,56
(94,143),1,45
(94,151),1,61
(94,152),1,3
(94,158),1,50
(94,162),1,54
(94,165),1,28
(94,169),1,25
(94,182),1,42
(94,188),1,84
(94,189),1,79
(94,195),1,8
(95,48),1,34
(95,70),1,28
(95,86),1,23
(95,99),1,20
(95,110),1,65
(95,140),1,2
(95,158),1,35
(95,189),1,34
(96,2),1,39
(96,4),1,36
(96,12),1,54
(96,15),1,83
(96,17),1,25
(96,19),1,54
(96,20),1,21
(96,22),1,15
(96,33),1,86
(96,36),1,31
(96,37),1,68
(96,41),1,38
(96,46),1,80
(96,47),1,34
(96,53),1,39
(96,58),1,0
(96,61),1,16
(96,63),1,86
(96,65),1,47
(96,68),1,14
(96,70),1,82
(96,73),1,8
(96,79),1,39
(96,85),1,23
(96,86),1,30
(96,87),1,48
(96,88),1,17
(96,93),1,30
(96,98),1,22
(96,99),1,38
(96,100),1,20
(96,110),1,43
(96,112),1,60
(96,114),1,20
(96,115),1,57
(96,117),1,74
(96,122),1,67
(96,129),1,11
(96,132),1,53
(96,137),1,68
(96,151),1,46
(96,152),1,80
(96,158),1,9
(96,162),1,66
(96,164),1,49
(96,181),1,64
(96,182),1,44
(96,188),1,56
(96,197),1,47
(97,2),1,73
(97,35),1,33
(97,87),1,86
(97,128),1,17
(97,152),1,14
(98,70),1,6
(98,99),1,0
(98,110),1,67
(98,158),1,25
(98,183),1,1
(99,2),1,19
(99,50),1,81
(99,87),1,85
(99,134),1,87
(99,152),1,67
(99,196),1,13
(100,70),1,62
(100,99),1,84
(100,110),1,33
(100,128),1,31
(100,158),1,5
(101,2),1,9
(101,4),1,36
(101,12),1,1
(101,13),1,9
(101,15),1,72
(101,16),1,57
(101,17),1,56
(101,18),1,31
(101,19),1,30
(101,20),1,71
(101,22),1,11
(101,28),1,62
(101,29),1,21
(101,33),1,70
(101,36),1,17
(101,37),1,65
(101,46),1,32
(101,48),1,0
(101,53),1,68
(101,58),1,13
(101,61),1,76
(101,62),1,54
(101,63),1,27
(101,68),1,69
(101,70),1,47
(101,73),1,1
(101,79),1,63
(101,85),1,89
(101,87),1,22
(101,93),1,60
(101,98),1,55
(101,99),1,50
(101,100),1,84
(101,104),1,42
(101,110),1,6
(101,112),1,74
(101,113),1,8
(101,114),1,14
(101,122),1,25
(101,129),1,12
(101,132),1,57
(101,137),1,14
(101,145),1,37
(101,151),1,67
(101,152),1,5
(101,158),1,1
(101,161),1,28
(101,162),1,56
(101,164),1,83
(101,178),1,56
(101,182),1,37
(101,188),1,56
(101,189),1,29
(101,192),1,87
(102,70),1,24
(102,99),1,13
(102,110),1,20
(102,158),1,87
(102,183),1,4
(103,48),1,38
(103,70),1,7
(103,86),1,52
(103,90),1,83
(103,99),1,87
(103,158),1,47
(103,189),1,25
(104,2),1,43
(104,40),1,21
(104,50),1,43
(104,87),1,52
(104,152),1,58
(104,176),1,49
(105,70),1,38
(105,99),1,50
(105,110),1,3
(105,158),1,53
(105,189),1,72
(106,2),1,3
(106,3),1,62
(106,4),1,41
(106,10),1,11
(106,12),1,49
(106,15),1,19
(106,16),1,64
(106,17),1,34
(106,19),1,51
(106,20),1,11
(106,22),1,42
(106,29),1,80
(106,35),1,38
(106,36),1,19
(106,37),1,50
(106,46),1,59
(106,47),1,24
(106,50),1,25
(106,53),1,56
(106,58),1,47
(106,63),1,65
(106,68),1,11
(106,70),1,18
(106,73),1,50
(106,79),1,26
(106,85),1,51
(106,87),1,41
(106,93),1,9
(106,98),1,17
(106,99),1,28
(106,100),1,40
(106,108),1,40
(106,112),1,78
(106,113),1,7
(106,114),1,32
(106,122),1,36
(106,129),1,6
(106,132),1,67
(106,137),1,43
(106,143),1,50
(106,147),1,71
(106,151),1,87
(106,152),1,62
(106,158),1,33
(106,161),1,37
(106,162),1,29
(106,165),1,76
(106,178),1,55
(106,182),1,89
(106,188),1,67
(106,189),1,0
(107,2),1,58
(107,3),1,0
(107,4),1,9
(107,12),1,19
(107,13),1,23
(107,15),1,2
(107,16),1,87
(107,17),1,53
(107,19),1,42
(107,20),1,82
(107,22),1,2
(107,33),1,55
(107,35),1,67
(107,36),1,22
(107,37),1,26
(107,46),1,53
(107,50),1,48
(107,53),1,6
(107,55),1,67
(107,58),1,24
(107,63),1,2
(107,68),1,31
(107,70),1,77
(107,73),1,36
(107,79),1,24
(107,85),1,13
(107,87),1,39
(107,93),1,33
(107,98),1,46
(107,99),1,26
(107,100),1,80
(107,104),1,2
(107,110),1,62
(107,112),1,57
(107,113),1,8
(107,114),1,23
(107,117),1,71
(107,122),1,9
(107,129),1,57
(107,132),1,88
(107,137),1,51
(107,143),1,30
(107,148),1,20
(107,151),1,48
(107,158),1,70
(107,161),1,4
(107,162),1,34
(107,164),1,57
(107,182),1,79
(107,184),1,45
(108,2),1,20
(108,3),1,71
(108,4),1,36
(108,12),1,43
(108,15),1,63
(108,16),1,23
(108,17),1,83
(108,19),1,59
(108,20),1,60
(108,22),1,69
(108,33),1,0
(108,35),1,66
(108,36),1,50
(108,37),1,1
(108,46),1,12
(108,53),1,21
(108,57),1,28
(108,58),1,13
(108,63),1,0
(108,68),1,56
(108,70),1,49
(108,73),1,60
(108,79),1,32
(108,85),1,51
(108,86),1,36
(108,87),1,56
(108,93),1,60
(108,98),1,49
(108,99),1,31
(108,100),1,3
(108,104),1,67
(108,110),1,20
(108,112),1,65
(108,113),1,27
(108,114),1,10
(108,117),1,64
(108,122),1,23
(108,129),1,55
(108,132),1,55
(108,137),1,7
(108,143),1,4
(108,146),1,12
(108,151),1,42
(108,152),1,45
(108,158),1,62
(108,161),1,32
(108,162),1,27
(108,164),1,61
(108,165),1,6
(108,188),1,27
(108,189),1,78
(108,196),1,10
(111,2),1,61
(111,3),1,21
(111,4),1,20
(111,12),1,27
(111,13),1,46
(111,15),1,10
(111,16),1,84
(111,17),1,7
(111,19),1,62
(111,20),1,2
(111,22),1,71
(111,33),1,63
(111,36),1,9
(111,37),1,49
(111,46),1,15
(111,47),1,88
(111,53),1,2
(111,54),1,44
(111,58),1,46
(111,59),1,24
(111,63),1,41
(111,70),1,28
(111,73),1,7
(111,79),1,54
(111,85),1,62
(111,87),1,17
(111,88),1,15
(111,93),1,18
(111,98),1,54
(111,99),1,14
(111,100),1,32
(111,110),1,26
(111,112),1,73
(111,113),1,78
(111,114),1,41
(111,115),1,36
(111,122),1,78
(111,128),1,60
(111,129),1,3
(111,132),1,6
(111,137),1,22
(111,151),1,23
(111,158),1,86
(111,161),1,42
(111,162),1,58
(111,182),1,27
(111,188),1,24
(111,197),1,84
(112,70),1,50
(112,99),1,45
(112,128),1,59
(112,158),1,58
(113,70),1,56
(113,90),1,13
(113,99),1,2
(113,110),1,72
(113,128),1,38
(113,158),1,60
(114,70),1,46
(114,99),1,48
(114,110),1,40
(114,135),1,68
(114,158),1,61
(115,2),1,70
(115,3),1,74
(115,4),1,29
(115,12),1,17
(115,15),1,33
(115,16),1,32
(115,17),1,21
(115,19),1,87
(115,20),1,89
(115,22),1,22
(115,33),1,75
(115,35),1,13
(115,36),1,50
(115,37),1,13
(115,46),1,31
(115,53),1,51
(115,57),1,77
(115,58),1,30
(115,63),1,20
(115,68),1,36
(115,70),1,1
(115,73),1,33
(115,79),1,76
(115,85),1,35
(115,87),1,75
(115,93),1,15
(115,98),1,7
(115,99),1,71
(115,100),1,88
(115,104),1,73
(115,112),1,23
(115,114),1,64
(115,122),1,15
(115,129),1,69
(115,132),1,6
(115,137),1,1
(115,143),1,76
(115,151),1,73
(115,158),1,50
(115,162),1,83
(115,163),1,19
(115,177),1,51
(115,182),1,43
(115,189),1,52
(115,196),1,77
(115,197),1,46
(116,2),1,46
(116,4),1,70
(116,12),1,45
(116,15),1,39
(116,16),1,66
(116,17),1,39
(116,19),1,14
(116,20),1,14
(116,22),1,37
(116,30),1,75
(116,33),1,9
(116,35),1,61
(116,36),1,78
(116,37),1,88
(116,44),1,63
(116,46),1,70
(116,47),1,6
(116,48),1,32
(116,50),1,23
(116,53),1,87
(116,57),1,27
(116,58),1,44
(116,61),1,54
(116,63),1,69
(116,70),1,41
(116,79),1,49
(116,85),1,66
(116,87),1,47
(116,90),1,39
(116,93),1,27
(116,98),1,66
(116,99),1,45
(116,100),1,37
(116,104),1,53
(116,110),1,66
(116,112),1,71
(116,113),1,24
(116,114),1,31
(116,117),1,53
(116,122),1,8
(116,129),1,16
(116,132),1,30
(116,137),1,53
(116,143),1,28
(116,148),1,73
(116,149),1,31
(116,151),1,72
(116,152),1,17
(116,158),1,87
(116,159),1,4
(116,161),1,62
(116,162),1,40
(116,164),1,56
(116,169),1,70
(116,182),1,80
(116,188),1,76
(116,189),1,34
(116,196),1,34
(117,54),1,29
(117,70),1,23
(117,99),1,63
(117,158),1,15
(117,189),1,15
(118,2),1,78
(118,3),1,31
(118,4),1,71
(118,12),1,39
(118,15),1,48
(118,16),1,49
(118,17),1,14
(118,19),1,36
(118,20),1,16
(118,22),1,63
(118,33),1,24
(118,35),1,36
(118,36),1,30
(118,37),1,8
(118,46),1,67
(118,50),1,13
(118,53),1,14
(118,54),1,80
(118,57),1,16
(118,58),1,85
(118,63),1,79
(118,65),1,20
(118,68),1,63
(118,70),1,70
(118,73),1,59
(118,79),1,55
(118,85),1,85
(118,87),1,1
(118,93),1,7
(118,98),1,87
(118,99),1,61
(118,100),1,37
(118,103),1,6
(118,112),1,13
(118,114),1,44
(118,117),1,88
(118,122),1,2
(118,129),1,88
(118,132),1,88
(118,137),1,77
(118,143),1,22
(118,151),1,69
(118,152),1,10
(118,158),1,34
(118,162),1,43
(118,166),1,52
(118,182),1,52
(118,183),1,85
(118,197),1,77
(119,10),1,53
(119,59),1,34
(119,70),1,88
(119,86),1,47
(119,99),1,65
(119,110),1,82
(119,158),1,14
(120,2),1,69
(120,35),1,49
(120,87),1,67
(120,152),1,27
(121,54),1,59
(121,70),1,84
(121,99),1,2
(121,110),1,63
(121,158),1,61
(121,189),1,59
(122,70),1,88
(122,99),1,0
(122,135),1,2
(122,158),1,76
(123,69),1,48
(123,70),1,29
(123,86),1,0
(123,99),1,4
(123,110),1,16
(123,158),1,59
(123,194),1,83
(124,2),1,14
(124,3),1,58
(124,4),1,43
(124,12),1,54
(124,13),1,72
(124,15),1,67
(124,16),1,89
(124,17),1,64
(124,19),1,56
(124,20),1,8
(124,22),1,22
(124,35),1,58
(124,36),1,70
(124,37),1,9
(124,46),1,12
(124,47),1,49
(124,50),1,43
(124,53),1,8
(124,58),1,89
(124,63),1,2
(124,65),1,36
(124,66),1,24
(124,70),1,88
(124,79),1,1
(124,85),1,61
(124,87),1,71
(124,93),1,68
(124,98),1,31
(124,99),1,59
(124,100),1,54
(124,104),1,23
(124,110),1,66
(124,112),1,42
(124,113),1,15
(124,114),1,28
(124,117),1,57
(124,122),1,6
(124,129),1,70
(124,132),1,83
(124,137),1,71
(124,143),1,61
(124,151),1,69
(124,152),1,73
(124,158),1,88
(124,159),1,28
(124,161),1,53
(124,162),1,18
(124,164),1,80
(124,182),1,18
(124,183),1,5
(124,189),1,7
(124,195),1,78
(124,196),1,42
(125,2),1,35
(125,4),1,3
(125,12),1,15
(125,13),1,45
(125,15),1,59
(125,17),1,70
(125,19),1,57
(125,20),1,84
(125,22),1,65
(125,27),1,38
(125,29),1,27
(125,30),1,25
(125,33),1,11
(125,36),1,8
(125,37),1,58
(125,44),1,82
(125,46),1,76
(125,50),1,37
(125,53),1,37
(125,58),1,32
(125,63),1,66
(125,65),1,51
(125,70),1,39
(125,79),1,78
(125,85),1,23
(125,87),1,89
(125,93),1,22
(125,98),1,8
(125,99),1,48
(125,100),1,77
(125,104),1,84
(125,110),1,72
(125,112),1,61
(125,114),1,69
(125,116),1,36
(125,117),1,24
(125,122),1,84
(125,129),1,69
(125,132),1,64
(125,133),1,22
(125,137),1,67
(125,146),1,6
(125,147),1,28
(125,151),1,23
(125,152),1,22
(125,158),1,28
(125,161),1,21
(125,162),1,52
(125,163),1,88
(125,188),1,52
(125,196),1,57
(126,2),1,71
(126,4),1,15
(126,12),1,82
(126,15),1,20
(126,17),1,21
(126,19),1,54
(126,20),1,62
(126,22),1,70
(126,32),1,1
(126,35),1,3
(126,36),1,37
(126,37),1,84
(126,46),1,4
(126,47),1,81
(126,50),1,45
(126,53),1,42
(126,58),1,45
(126,63),1,85
(126,65),1,79
(126,68),1,45
(126,70),1,80
(126,73),1,68
(126,79),1,16
(126,85),1,89
(126,87),1,7
(126,88),1,64
(126,93),1,8
(126,98),1,41
(126,99),1,83
(126,100),1,56
(126,110),1,66
(126,112),1,17
(126,113),1,39
(126,114),1,54
(126,117),1,2
(126,122),1,20
(126,129),1,19
(126,132),1,62
(126,137),1,71
(126,147),1,9
(126,151),1,65
(126,158),1,39
(126,162),1,12
(126,166),1,64
(126,182),1,33
(126,189),1,64
(126,194),1,19
(126,195),1,50
(126,198),1,31
(127,2),1,12
(127,35),1,31
(127,66),1,72
(127,87),1,42
(127,152),1,28
(128,48),1,85
(128,54),1,12
(128,70),1,26
(128,86),1,63
(128,99),1,12
(128,110),1,87
(128,158),1,70
(129,2),1,40
(129,87),1,36
(129,152),1,12
(130,2),1,30
(130,3),1,72
(130,4),1,27
(130,12),1,31
(130,15),1,6
(130,16),1,3
(130,17),1,9
(130,19),1,53
(130,20),1,75
(130,22),1,35
(130,27),1,39
(130,28),1,41
(130,36),1,38
(130,37),1,15
(130,46),1,51
(130,53),1,6
(130,55),1,68
(130,57),1,7
(130,58),1,88
(130,63),1,65
(130,70),1,27
(130,79),1,56
(130,85),1,20
(130,87),1,6
(130,88),1,80
(130,93),1,36
(130,98),1,3
(130,99),1,87
(130,100),1,33
(130,104),1,52
(130,112),1,38
(130,113),1,62
(130,114),1,58
(130,117),1,83
(130,122),1,31
(130,129),1,8
(130,132),1,32
(130,135),1,24
(130,137),1,67
(130,143),1,65
(130,151),1,9
(130,152),1,70
(130,158),1,63
(130,161),1,35
(130,162),1,42
(130,164),1,19
(130,178),1,27
(130,182),1,88
(130,188),1,30
(130,195),1,87
(131,70),1,38
(131,86),1,67
(131,99),1,60
(131,110),1,84
(131,158),1,34
(131,189),1,42
(132,70),1,4
(132,86),1,53
(132,99),1,49
(132,158),1,40
(133,2),1,18
(133,3),1,9
(133,4),1,63
(133,12),1,89
(133,15),1,11
(133,16),1,83
(133,17),1,6
(133,19),1,35
(133,20),1,70
(133,22),1,44
(133,25),1,26
(133,30),1,64
(133,33),1,11
(133,35),1,81
(133,36),1,31
(133,37),1,11
(133,46),1,9
(133,47),1,47
(133,50),1,26
(133,53),1,67
(133,58),1,50
(133,63),1,2
(133,65),1,33
(133,70),1,9
(133,79),1,14
(133,85),1,45
(133,87),1,8
(133,88),1,14
(133,93),1,1
(133,98),1,42
(133,99),1,17
(133,100),1,15
(133,112),1,83
(133,113),1,25
(133,114),1,46
(133,122),1,63
(133,128),1,8
(133,129),1,84
(133,132),1,44
(133,137),1,42
(133,151),1,31
(133,158),1,47
(133,159),1,79
(133,161),1,71
(133,162),1,42
(133,164),1,49
(133,165),1,28
(133,182),1,49
(133,188),1,89
(133,189),1,30
(134,2),1,18
(134,4),1,48
(134,12),1,51
(134,15),1,31
(134,16),1,38
(134,17),1,45
(134,19),1,0
(134,22),1,19
(134,33),1,64
(134,35),1,75
(134,36),1,28
(134,37),1,27
(134,40),1,38
(134,44),1,49
(134,46),1,26
(134,47),1,57
(134,50),1,84
(134,53),1,12
(134,54),1,53
(134,58),1,49
(134,63),1,44
(134,65),1,2
(134,68),1,67
(134,70),1,84
(134,73),1,72
(134,79),1,38
(134,85),1,15
(134,87),1,41
(134,93),1,31
(134,98),1,17
(134,99),1,49
(134,100),1,85
(134,103),1,3
(134,104),1,35
(134,108),1,80
(134,110),1,64
(134,112),1,54
(134,113),1,36
(134,114),1,7
(134,116),1,50
(134,122),1,25
(134,129),1,18
(134,132),1,87
(134,137),1,52
(134,151),1,9
(134,152),1,66
(134,158),1,2
(134,162),1,50
(134,165),1,33
(134,169),1,2
(134,182),1,29
(134,183),1,43
(134,188),1,50
(135,70),1,22
(135,90),1,51
(135,99),1,74
(135,110),1,71
(135,158),1,88
(135,183),1,81
(135,189),1,1
(136,2),1,32
(136,35),1,25
(136,43),1,70
(136,87),1,48
(136,152),1,19
(136,196),1,39
(137,70),1,42
(137,86),1,77
(137,99),1,32
(137,158),1,70
(137,189),1,49
(137,194),1,19
(138,59),1,61
(138,70),1,79
(138,99),1,38
(138,110),1,67
(138,158),1,48
(138,173),1,72
(138,194),1,44
(139,2),1,33
(139,25),1,35
(139,35),1,29
(139,50),1,75
(139,87),1,14
(139,196),1,46
(140,54),1,9
(140,70),1,81
(140,71),1,29
(140,99),1,28
(140,110),1,15
(140,135),1,49
(140,158),1,45
(140,172),1,17
(140,173),1,60
(140,183),1,64
(141,2),1,41
(141,4),1,5
(141,12),1,34
(141,15),1,78
(141,16),1,22
(141,17),1,45
(141,19),1,13
(141,20),1,23
(141,22),1,10
(141,25),1,34
(141,29),1,81
(141,33),1,53
(141,35),1,25
(141,36),1,22
(141,37),1,43
(141,43),1,78
(141,46),1,3
(141,53),1,6
(141,58),1,35
(141,59),1,10
(141,63),1,61
(141,68),1,61
(141,70),1,82
(141,71),1,63
(141,79),1,21
(141,85),1,17
(141,87),1,38
(141,88),1,18
(141,93),1,77
(141,95),1,75
(141,98),1,40
(141,99),1,63
(141,100),1,60
(141,104),1,17
(141,112),1,55
(141,113),1,45
(141,114),1,75
(141,122),1,77
(141,129),1,54
(141,132),1,56
(141,137),1,8
(141,151),1,52
(141,152),1,60
(141,158),1,88
(141,159),1,71
(141,162),1,18
(141,182),1,23
(141,186),1,62
(141,188),1,63
(141,189),1,79
(141,194),1,69
(143,70),1,15
(143,86),1,63
(143,90),1,74
(143,99),1,73
(143,158),1,39
(144,59),1,39
(144,70),1,65
(144,86),1,63
(144,90),1,46
(144,99),1,7
(144,158),1,26
(145,70),1,56
(145,99),1,28
(145,110),1,47
(145,158),1,46
(146,2),1,58
(146,35),1,3
(146,87),1,71
(146,152),1,24
(146,196),1,51
(147,70),1,79
(147,99),1,18
(147,110),1,56
(147,158),1,78
(148,2),1,77
(148,4),1,81
(148,12),1,54
(148,15),1,20
(148,16),1,64
(148,17),1,83
(148,19),1,83
(148,20),1,44
(148,22),1,30
(148,35),1,17
(148,36),1,77
(148,37),1,11
(148,46),1,83
(148,47),1,68
(148,53),1,84
(148,58),1,40
(148,61),1,49
(148,63),1,36
(148,68),1,73
(148,70),1,18
(148,73),1,22
(148,79),1,82
(148,85),1,10
(148,86),1,47
(148,87),1,59
(148,88),1,88
(148,90),1,87
(148,93),1,40
(148,98),1,57
(148,99),1,38
(148,100),1,15
(148,110),1,50
(148,112),1,43
(148,114),1,42
(148,122),1,86
(148,126),1,57
(148,129),1,68
(148,132),1,86
(148,137),1,0
(148,143),1,8
(148,151),1,27
(148,152),1,71
(148,158),1,25
(148,161),1,70
(148,162),1,5
(148,164),1,71
(148,182),1,18
(148,188),1,1
(149,70),1,47
(149,99),1,82
(149,128),1,87
(149,158),1,14
(150,70),1,56
(150,86),1,7
(150,99),1,4
(150,110),1,54
(150,128),1,40
(150,135),1,68
(150,158),1,0
(151,70),1,59
(151,90),1,46
(151,99),1,1
(151,135),1,49
(151,158),1,13
(152,70),1,59
(152,99),1,5
(152,110),1,18
(152,158),1,37
(152,183),1,22
(153,2),1,79
(153,3),1,85
(153,4),1,82
(153,12),1,59
(153,13),1,19
(153,15),1,34
(153,16),1,11
(153,17),1,31
(153,19),1,55
(153,20),1,0
(153,22),1,50
(153,29),1,80
(153,33),1,32
(153,35),1,42
(153,36),1,35
(153,37),1,26
(153,46),1,46
(153,50),1,55
(153,53),1,50
(153,58),1,45
(153,62),1,59
(153,63),1,79
(153,68),1,35
(153,70),1,43
(153,73),1,33
(153,79),1,6
(153,85),1,14
(153,87),1,62
(153,93),1,53
(153,98),1,82
(153,99),1,44
(153,100),1,26
(153,110),1,72
(153,112),1,71
(153,113),1,80
(153,114),1,59
(153,122),1,10
(153,129),1,64
(153,132),1,79
(153,135),1,29
(153,137),1,19
(153,151),1,6
(153,152),1,19
(153,158),1,73
(153,159),1,81
(153,162),1,71
(153,163),1,82
(153,164),1,41
(153,171),1,36
(153,189),1,25
(154,2),1,59
(154,4),1,5
(154,12),1,74
(154,15),1,82
(154,16),1,82
(154,17),1,10
(154,19),1,48
(154,20),1,35
(154,21),1,44
(154,22),1,86
(154,36),1,34
(154,37),1,23
(154,40),1,38
(154,44),1,43
(154,46),1,53
(154,48),1,73
(154,53),1,30
(154,57),1,58
(154,58),1,16
(154,63),1,70
(154,65),1,4
(154,70),1,47
(154,73),1,81
(154,79),1,11
(154,85),1,60
(154,86),1,82
(154,87),1,47
(154,93),1,31
(154,98),1,87
(154,99),1,29
(154,100),1,21
(154,112),1,74
(154,113),1,6
(154,114),1,47
(154,118),1,14
(154,122),1,45
(154,129),1,46
(154,132),1,77
(154,137),1,84
(154,143),1,51
(154,151),1,46
(154,152),1,1
(154,158),1,57
(154,159),1,12
(154,162),1,30
(154,164),1,0
(154,182),1,85
(154,188),1,61
(154,196),1,52
(155,70),1,5
(155,99),1,23
(155,110),1,2
(155,158),1,58
(155,172),1,16
(155,189),1,4
(156,48),1,59
(156,54),1,85
(156,70),1,19
(156,99),1,85
(156,158),1,50
(156,183),1,30
(156,189),1,9
(157,2),1,18
(157,3),1,49
(157,4),1,58
(157,12),1,41
(157,13),1,40
(157,15),1,37
(157,16),1,81
(157,17),1,76
(157,19),1,65
(157,20),1,81
(157,22),1,13
(157,33),1,63
(157,35),1,85
(157,36),1,20
(157,37),1,4
(157,44),1,9
(157,46),1,39
(157,50),1,46
(157,53),1,52
(157,55),1,25
(157,58),1,48
(157,61),1,42
(157,63),1,67
(157,65),1,83
(157,68),1,32
(157,70),1,48
(157,73),1,85
(157,79),1,6
(157,85),1,4
(157,86),1,73
(157,87),1,12
(157,88),1,30
(157,93),1,56
(157,98),1,34
(157,99),1,28
(157,100),1,69
(157,110),1,8
(157,112),1,22
(157,113),1,44
(157,114),1,78
(157,117),1,15
(157,122),1,8
(157,129),1,39
(157,132),1,16
(157,137),1,30
(157,151),1,36
(157,152),1,23
(157,158),1,73
(157,159),1,13
(157,162),1,79
(157,164),1,80
(157,165),1,0
(157,178),1,31
(157,182),1,4
(158,2),1,26
(158,35),1,7
(158,50),1,20
(158,87),1,67
(158,152),1,49
(159,70),1,57
(159,99),1,88
(159,158),1,81
(159,189),1,54
(160,2),1,6
(160,3),1,44
(160,4),1,49
(160,12),1,60
(160,15),1,37
(160,16),1,41
(160,17),1,72
(160,19),1,52
(160,20),1,26
(160,22),1,85
(160,30),1,81
(160,35),1,1
(160,36),1,19
(160,37),1,32
(160,46),1,13
(160,50),1,77
(160,53),1,33
(160,57),1,71
(160,58),1,62
(160,59),1,85
(160,61),1,59
(160,63),1,50
(160,68),1,89
(160,70),1,39
(160,76),1,81
(160,79),1,10
(160,85),1,9
(160,87),1,58
(160,88),1,31
(160,93),1,25
(160,98),1,79
(160,99),1,46
(160,100),1,27
(160,104),1,16
(160,110),1,88
(160,112),1,18
(160,113),1,79
(160,114),1,4
(160,116),1,68
(160,122),1,6
(160,128),1,77
(160,129),1,20
(160,132),1,54
(160,137),1,59
(160,151),1,63
(160,152),1,17
(160,154),1,3
(160,158),1,65
(160,162),1,72
(160,164),1,87
(160,173),1,73
(160,182),1,52
(160,188),1,72
(161,2),1,69
(161,3),1,19
(161,4),1,56
(161,12),1,48
(161,15),1,79
(161,16),1,53
(161,17),1,26
(161,19),1,13
(161,22),1,78
(161,33),1,49
(161,35),1,4
(161,36),1,23
(161,37),1,62
(161,41),1,45
(161,46),1,88
(161,50),1,78
(161,53),1,7
(161,58),1,22
(161,63),1,65
(161,65),1,74
(161,70),1,1
(161,79),1,42
(161,85),1,5
(161,87),1,15
(161,88),1,29
(161,93),1,13
(161,98),1,83
(161,99),1,48
(161,100),1,83
(161,104),1,70
(161,112),1,58
(161,113),1,46
(161,114),1,13
(161,117),1,69
(161,122),1,79
(161,128),1,51
(161,129),1,61
(161,132),1,59
(161,137),1,56
(161,151),1,34
(161,152),1,26
(161,158),1,68
(161,162),1,13
(161,165),1,47
(161,169),1,58
(161,182),1,16
(161,188),1,0
(162,14),1,62
(162,48),1,78
(162,70),1,48
(162,99),1,35
(162,110),1,34
(162,135),1,23
(162,156),1,34
(162,158),1,16
(163,70),1,29
(163,86),1,9
(163,99),1,43
(163,110),1,60
(163,158),1,41
(163,173),1,43
(163,189),1,61
(164,70),1,65
(164,99),1,60
(164,110),1,84
(164,158),1,78
(165,14),1,31
(165,48),1,84
(165,70),1,7
(165,99),1,75
(165,110),1,86
(165,158),1,8
(165,189),1,33
(166,2),1,17
(166,3),1,8
(166,4),1,15
(166,12),1,78
(166,15),1,19
(166,16),1,50
(166,17),1,3
(166,19),1,83
(166,20),1,48
(166,22),1,48
(166,33),1,1
(166,36),1,77
(166,37),1,48
(166,46),1,78
(166,47),1,34
(166,50),1,32
(166,53),1,38
(166,58),1,32
(166,61),1,20
(166,63),1,75
(166,64),1,53
(166,70),1,37
(166,79),1,77
(166,85),1,65
(166,87),1,43
(166,88),1,89
(166,92),1,26
(166,93),1,15
(166,98),1,74
(166,99),1,10
(166,100),1,62
(166,110),1,68
(166,112),1,12
(166,113),1,14
(166,114),1,45
(166,115),1,8
(166,117),1,41
(166,122),1,42
(166,129),1,32
(166,132),1,41
(166,137),1,23
(166,146),1,31
(166,151),1,78
(166,152),1,53
(166,158),1,62
(166,162),1,73
(166,164),1,55
(166,165),1,85
(166,172),1,16
(166,182),1,9
(166,188),1,37
(166,189),1,48
(167,2),1,5
(167,3),1,30
(167,4),1,66
(167,12),1,18
(167,15),1,61
(167,17),1,28
(167,19),1,56
(167,20),1,79
(167,22),1,83
(167,23),1,63
(167,33),1,10
(167,36),1,66
(167,37),1,68
(167,40),1,18
(167,44),1,89
(167,46),1,76
(167,53),1,35
(167,57),1,55
(167,58),1,1
(167,59),1,70
(167,63),1,69
(167,65),1,27
(167,70),1,18
(167,73),1,67
(167,79),1,33
(167,85),1,6
(167,87),1,54
(167,93),1,0
(167,98),1,39
(167,99),1,86
(167,100),1,64
(167,112),1,73
(167,113),1,85
(167,114),1,11
(167,122),1,58
(167,129),1,57
(167,132),1,69
(167,137),1,17
(167,144),1,21
(167,147),1,18
(167,151),1,24
(167,152),1,4
(167,158),1,20
(167,162),1,39
(167,182),1,11
(167,184),1,73
(167,188),1,33
(167,189),1,17
(168,54),1,21
(168,70),1,86
(168,99),1,75
(168,110),1,16
(168,135),1,12
(168,156),1,85
(168,158),1,42
(168,194),1,53
(169,25),1,17
(169,54),1,17
(169,70),1,41
(169,99),1,29
(169,110),1,22
(169,158),1,61
(169,189),1,82
(170,2),1,68
(170,3),1,41
(170,4),1,40
(170,12),1,14
(170,14),1,89
(170,15),1,69
(170,17),1,29
(170,19),1,79
(170,20),1,32
(170,22),1,54
(170,28),1,69
(170,33),1,61
(170,36),1,59
(170,37),1,32
(170,46),1,86
(170,47),1,56
(170,50),1,58
(170,53),1,4
(170,58),1,8
(170,63),1,61
(170,68),1,40
(170,70),1,16
(170,73),1,51
(170,79),1,69
(170,85),1,31
(170,87),1,61
(170,93),1,36
(170,98),1,72
(170,99),1,16
(170,100),1,38
(170,104),1,56
(170,112),1,5
(170,113),1,54
(170,114),1,51
(170,115),1,43
(170,117),1,61
(170,122),1,41
(170,129),1,64
(170,132),1,11
(170,137),1,3
(170,143),1,5
(170,147),1,75
(170,151),1,67
(170,152),1,17
(170,158),1,8
(170,162),1,0
(170,182),1,54
(170,188),1,57
(171,2),1,36
(171,87),1,72
(171,152),1,49
(172,2),1,0
(172,50),1,58
(172,87),1,60
(172,152),1,18
(173,10),1,28
(173,48),1,27
(173,54),1,39
(173,70),1,1
(173,99),1,64
(173,158),1,29
(174,70),1,15
(174,99),1,72
(174,105),1,71
(174,110),1,50
(174,158),1,23
(174,176),1,21
(175,2),1,40
(175,4),1,32
(175,12),1,74
(175,15),1,52
(175,16),1,26
(175,17),1,33
(175,19),1,11
(175,20),1,87
(175,22),1,34
(175,27),1,52
(175,28),1,29
(175,36),1,48
(175,37),1,82
(175,44),1,4
(175,46),1,24
(175,47),1,51
(175,50),1,11
(175,53),1,30
(175,58),1,76
(175,63),1,36
(175,65),1,19
(175,70),1,47
(175,79),1,0
(175,85),1,49
(175,87),1,16
(175,88),1,38
(175,98),1,29
(175,99),1,46
(175,100),1,74
(175,104),1,26
(175,110),1,22
(175,112),1,10
(175,114),1,32
(175,116),1,89
(175,122),1,64
(175,129),1,16
(175,132),1,33
(175,137),1,85
(175,151),1,83
(175,152),1,64
(175,158),1,54
(175,161),1,37
(175,162),1,17
(175,164),1,54
(175,165),1,3
(175,182),1,65
(175,188),1,48
(176,70),1,48
(176,90),1,35
(176,99),1,1
(176,158),1,7
(176,183),1,1
(177,2),1,44
(177,50),1,15
(177,87),1,81
(177,152),1,82
(177,196),1,34
(178,70),1,43
(178,99),1,45
(178,128),1,48
(178,158),1,79
(178,189),1,84
(179,2),1,57
(179,3),1,60
(179,4),1,73
(179,12),1,23
(179,15),1,10
(179,17),1,35
(179,19),1,21
(179,20),1,54
(179,22),1,65
(179,28),1,29
(179,33),1,53
(179,35),1,54
(179,36),1,25
(179,37),1,58
(179,46),1,8
(179,47),1,49
(179,50),1,4
(179,53),1,0
(179,58),1,17
(179,61),1,11
(179,63),1,64
(179,68),1,80
(179,70),1,1
(179,71),1,69
(179,73),1,44
(179,79),1,3
(179,85),1,8
(179,87),1,72
(179,93),1,69
(179,98),1,33
(179,99),1,9
(179,100),1,0
(179,103),1,88
(179,112),1,76
(179,113),1,89
(179,114),1,79
(179,122),1,28
(179,129),1,22
(179,132),1,67
(179,137),1,43
(179,151),1,36
(179,152),1,9
(179,158),1,23
(179,162),1,60
(179,164),1,2
(179,182),1,19
(179,188),1,10
(180,70),1,20
(180,99),1,23
(180,110),1,53
(180,128),1,3
(180,158),1,28
(180,176),1,63
(181,2),1,87
(181,3),1,18
(181,4),1,77
(181,12),1,25
(181,15),1,4
(181,16),1,72
(181,17),1,5
(181,19),1,36
(181,20),1,39
(181,22),1,29
(181,27),1,48
(181,28),1,2
(181,29),1,52
(181,36),1,66
(181,37),1,17
(181,46),1,10
(181,53),1,43
(181,58),1,63
(181,63),1,68
(181,65),1,75
(181,70),1,43
(181,73),1,58
(181,79),1,14
(181,85),1,55
(181,87),1,56
(181,88),1,88
(181,93),1,82
(181,98),1,59
(181,99),1,79
(181,100),1,85
(181,110),1,41
(181,112),1,85
(181,113),1,43
(181,114),1,56
(181,115),1,43
(181,116),1,64
(181,117),1,5
(181,122),1,33
(181,129),1,31
(181,132),1,78
(181,137),1,44
(181,139),1,13
(181,143),1,31
(181,151),1,18
(181,152),1,62
(181,157),1,2
(181,158),1,28
(181,161),1,18
(181,162),1,77
(181,164),1,13
(181,165),1,29
(181,178),1,69
(181,182),1,81
(181,188),1,16
(181,195),1,25
(182,59),1,49
(182,70),1,74
(182,86),1,66
(182,99),1,2
(182,158),1,6
(182,194),1,7
(183,2),1,22
(183,4),1,42
(183,12),1,59
(183,13),1,40
(183,15),1,27
(183,16),1,19
(183,17),1,50
(183,19),1,14
(183,20),1,35
(183,22),1,10
(183,23),1,19
(183,35),1,42
(183,36),1,5
(183,37),1,66
(183,41),1,81
(183,44),1,78
(183,46),1,43
(183,47),1,28
(183,48),1,86
(183,53),1,77
(183,58),1,32
(183,59),1,67
(183,63),1,30
(183,68),1,78
(183,70),1,19
(183,79),1,26
(183,85),1,63
(183,87),1,50
(183,90),1,24
(183,93),1,15
(183,98),1,10
(183,99),1,41
(183,100),1,39
(183,110),1,24
(183,112),1,37
(183,113),1,55
(183,114),1,85
(183,122),1,33
(183,129),1,28
(183,132),1,55
(183,137),1,40
(183,143),1,37
(183,151),1,55
(183,152),1,80
(183,158),1,69
(183,162),1,64
(183,164),1,6
(183,178),1,4
(183,182),1,60
(183,188),1,1
(183,196),1,20
(184,2),1,86
(184,3),1,47
(184,4),1,17
(184,12),1,61
(184,15),1,29
(184,16),1,48
(184,17),1,67
(184,19),1,66
(184,20),1,71
(184,22),1,14
(184,33),1,20
(184,36),1,76
(184,37),1,85
(184,46),1,15
(184,53),1,27
(184,55),1,74
(184,58),1,21
(184,63),1,41
(184,65),1,27
(184,68),1,39
(184,70),1,26
(184,79),1,16
(184,85),1,62
(184,87),1,15
(184,88),1,42
(184,93),1,13
(184,98),1,37
(184,99),1,49
(184,100),1,3
(184,101),1,61
(184,104),1,16
(184,112),1,13
(184,113),1,77
(184,114),1,39
(184,117),1,51
(184,122),1,0
(184,129),1,66
(184,132),1,55
(184,137),1,79
(184,146),1,38
(184,147),1,16
(184,151),1,49
(184,152),1,53
(184,158),1,12
(184,162),1,71
(184,164),1,38
(184,169),1,66
(184,178),1,85
(184,182),1,36
(184,188),1,46
(185,14),1,64
(185,70),1,53
(185,99),1,42
(185,135),1,45
(185,158),1,43
(186,2),1,8
(186,3),1,60
(186,4),1,6
(186,12),1,48
(186,13),1,11
(186,15),1,66
(186,16),1,13
(186,17),1,11
(186,19),1,56
(186,20),1,30
(186,22),1,77
(186,28),1,15
(186,33),1,27
(186,35),1,27
(186,36),1,81
(186,37),1,81
(186,40),1,4
(186,43),1,9
(186,46),1,66
(186,47),1,12
(186,53),1,70
(186,57),1,36
(186,58),1,43
(186,63),1,82
(186,68),1,33
(186,70),1,57
(186,79),1,46
(186,85),1,73
(186,87),1,39
(186,93),1,79
(186,98),1,69
(186,99),1,70
(186,100),1,47
(186,102),1,11
(186,110),1,56
(186,112),1,25
(186,114),1,58
(186,122),1,75
(186,128),1,36
(186,129),1,21
(186,132),1,74
(186,137),1,72
(186,146),1,59
(186,151),1,15
(186,152),1,75
(186,154),1,15
(186,158),1,26
(186,159),1,78
(186,161),1,62
(186,162),1,12
(186,164),1,5
(186,165),1,56
(186,166),1,13
(186,182),1,72
(186,195),1,46
(187,54),1,37
(187,59),1,6
(187,70),1,48
(187,99),1,63
(187,110),1,2
(187,135),1,6
(187,158),1,10
(188,2),1,32
(188,50),1,0
(188,87),1,56
(188,152),1,89
(189,70),1,59
(189,86),1,16
(189,99),1,3
(189,110),1,21
(189,158),1,43
(190,70),1,61
(190,86),1,3
(190,99),1,72
(190,135),1,89
(190,158),1,7
(190,173),1,70
(191,2),1,72
(191,4),1,31
(191,12),1,4
(191,15),1,10
(191,16),1,46
(191,17),1,24
(191,19),1,8
(191,20),1,8
(191,22),1,34
(191,35),1,25
(191,36),1,59
(191,37),1,41
(191,44),1,85
(191,46),1,44
(191,53),1,63
(191,57),1,0
(191,58),1,48
(191,63),1,12
(191,70),1,35
(191,73),1,0
(191,79),1,13
(191,85),1,50
(191,87),1,22
(191,93),1,56
(191,98),1,0
(191,99),1,57
(191,100),1,45
(191,110),1,45
(191,112),1,8
(191,113),1,89
(191,114),1,72
(191,122),1,53
(191,129),1,29
(191,132),1,58
(191,135),1,23
(191,137),1,59
(191,143),1,42
(191,151),1,22
(191,152),1,19
(191,156),1,32
(191,158),1,22
(191,162),1,1
(191,164),1,33
(191,182),1,57
(191,188),1,11
(192,2),1,19
(192,3),1,3
(192,4),1,49
(192,10),1,24
(192,12),1,52
(192,13),1,20
(192,15),1,35
(192,17),1,5
(192,19),1,35
(192,20),1,80
(192,22),1,22
(192,30),1,18
(192,36),1,80
(192,37),1,85
(192,44),1,87
(192,46),1,14
(192,47),1,45
(192,53),1,31
(192,58),1,30
(192,63),1,87
(192,68),1,30
(192,70),1,48
(192,79),1,38
(192,80),1,36
(192,85),1,72
(192,87),1,38
(192,93),1,21
(192,98),1,66
(192,99),1,16
(192,100),1,47
(192,110),1,44
(192,112),1,46
(192,113),1,9
(192,114),1,2
(192,122),1,52
(192,129),1,38
(192,132),1,40
(192,137),1,70
(192,145),1,69
(192,146),1,89
(192,151),1,29
(192,152),1,81
(192,158),1,13
(192,162),1,37
(192,163),1,43
(192,165),1,46
(192,166),1,16
(192,170),1,12
(192,178),1,64
(192,182),1,38
(192,188),1,80
(192,189),1,38
(193,2),1,2
(193,3),1,25
(193,4),1,64
(193,12),1,75
(193,15),1,35
(193,17),1,15
(193,19),1,72
(193,20),1,45
(193,22),1,5
(193,29),1,1
(193,33),1,39
(193,36),1,53
(193,37),1,20
(193,46),1,46
(193,47),1,24
(193,53),1,71
(193,55),1,0
(193,58),1,11
(193,63),1,68
(193,68),1,53
(193,70),1,81
(193,79),1,24
(193,85),1,33
(193,87),1,15
(193,88),1,66
(193,92),1,51
(193,93),1,20
(193,98),1,81
(193,99),1,21
(193,100),1,68
(193,110),1,56
(193,111),1,38
(193,112),1,29
(193,113),1,68
(193,114),1,41
(193,117),1,75
(193,122),1,80
(193,129),1,62
(193,132),1,40
(193,137),1,50
(193,141),1,15
(193,143),1,13
(193,144),1,13
(193,146),1,78
(193,151),1,7
(193,152),1,54
(193,158),1,76
(193,161),1,16
(193,162),1,57
(193,164),1,7
(193,178),1,51
(193,182),1,74
(193,188),1,67
(194,70),1,20
(194,86),1,50
(194,99),1,4
(194,110),1,55
(194,158),1,2
(195,10),1,72
(195,70),1,22
(195,86),1,1
(195,99),1,19
(195,110),1,71
(195,128),1,70
(195,158),1,87
(195,189),1,33
(196,70),1,81
(196,99),1,50
(196,135),1,58
(196,158),1,88
(196,189),1,34
(197,2),1,46
(197,3),1,65
(197,4),1,30
(197,10),1,20
(197,12),1,87
(197,15),1,50
(197,16),1,69
(197,17),1,1
(197,19),1,9
(197,20),1,85
(197,22),1,72
(197,23),1,75
(197,30),1,28
(197,36),1,70
(197,37),1,85
(197,44),1,14
(197,46),1,25
(197,53),1,24
(197,55),1,26
(197,58),1,7
(197,63),1,22
(197,70),1,43
(197,73),1,71
(197,79),1,33
(197,85),1,77
(197,86),1,83
(197,87),1,4
(197,88),1,71
(197,93),1,28
(197,97),1,42
(197,98),1,33
(197,99),1,57
(197,100),1,79
(197,101),1,57
(197,110),1,22
(197,112),1,40
(197,113),1,36
(197,114),1,63
(197,117),1,78
(197,122),1,28
(197,128),1,37
(197,129),1,5
(197,132),1,76
(197,137),1,30
(197,143),1,52
(197,151),1,37
(197,152),1,52
(197,158),1,50
(197,162),1,64
(197,182),1,34
(197,188),1,51
(198,2),1,41
(198,4),1,82
(198,12),1,49
(198,13),1,10
(198,15),1,68
(198,16),1,1
(198,17),1,35
(198,19),1,55
(198,20),1,18
(198,22),1,73
(198,27),1,21
(198,35),1,49
(198,36),1,29
(198,37),1,74
(198,46),1,5
(198,53),1,23
(198,55),1,9
(198,57),1,75
(198,58),1,6
(198,59),1,41
(198,63),1,87
(198,70),1,79
(198,73),1,55
(198,79),1,4
(198,85),1,29
(198,87),1,58
(198,90),1,2
(198,93),1,43
(198,98),1,85
(198,99),1,5
(198,100),1,28
(198,110),1,50
(198,112),1,21
(198,113),1,48
(198,114),1,80
(198,122),1,81
(198,129),1,69
(198,132),1,34
(198,137),1,7
(198,143),1,33
(198,151),1,74
(198,152),1,29
(198,158),1,26
(198,161),1,29
(198,162),1,66
(198,169),1,75
(198,182),1,84
(199,70),1,19
(199,99),1,58
(199,158),1,54
