Nr_Pairs = 190
Nr_NDD = 10
Nr_Arcs = 3681
0,0,0,1,2
1,0,0,1,2
2,0,1,1,2
3,0,1,0,2
4,0,1,1,2
5,0,1,0,0
6,0,0,0,2
7,0,0,0,2
8,0,1,0,2
9,0,2,2,1
10,0,1,1,2
11,0,0,0,2
12,0,0,0,2
13,0,1,0,0
14,0,0,1,2
15,0,1,1,2
16,0,0,0,1
17,0,1,0,0
18,0,2,2,2
19,0,1,0,2
20,0,1,0,2
21,0,0,0,2
22,0,0,3,2
23,0,1,1,2
24,0,0,1,2
25,0,1,3,2
26,0,1,2,0
27,0,0,2,2
28,0,1,0,1
29,0,1,0,0
30,0,1,0,2
31,0,3,2,0
32,0,0,0,2
33,0,1,0,0
34,0,1,0,1
35,0,1,0,0
36,0,0,1,2
37,0,0,1,2
38,0,0,0,2
39,0,1,0,1
40,0,0,1,1
41,0,1,0,2
42,0,1,1,1
43,0,0,0,2
44,0,1,1,1
45,0,0,0,2
46,0,1,0,0
47,0,0,0,2
48,0,0,0,2
49,0,1,0,2
50,0,0,1,1
51,0,0,0,2
52,0,0,0,2
53,0,0,0,2
54,0,0,2,2
55,0,0,2,2
56,0,0,1,2
57,0,1,0,2
58,0,1,0,0
59,0,2,0,1
60,0,2,0,2
61,0,1,1,2
62,0,2,0,2
63,0,2,0,2
64,0,1,0,2
65,0,1,0,0
66,0,1,2,0
67,0,0,0,2
68,0,0,1,2
69,0,3,2,0
70,0,0,0,2
71,0,1,1,2
72,0,0,0,2
73,0,0,0,2
74,0,1,1,2
75,0,1,0,0
76,0,1,0,1
77,0,2,1,1
78,0,1,0,2
79,0,1,1,2
80,0,1,0,1
81,0,2,0,2
82,0,1,1,2
83,0,1,3,2
84,0,0,0,2
85,0,1,1,2
86,0,1,0,2
87,0,0,0,1
88,0,0,2,2
89,0,1,0,0
90,0,0,0,2
91,0,0,0,1
92,0,1,0,1
93,0,0,0,1
94,0,1,0,0
95,0,2,2,2
96,0,0,2,2
97,0,1,1,2
98,0,0,0,2
99,0,1,0,1
100,0,1,0,2
101,0,1,0,2
102,0,0,0,2
103,0,1,0,0
104,0,1,1,2
105,0,3,2,1
106,0,1,0,0
107,0,1,2,1
108,0,1,0,0
109,0,2,2,2
110,0,0,0,2
111,0,1,0,2
112,0,1,1,2
113,0,1,0,0
114,0,0,1,2
115,0,1,2,2
116,0,1,0,0
117,0,1,0,0
118,0,2,1,2
119,0,2,0,2
120,0,0,0,2
121,0,0,0,2
122,0,1,0,0
123,0,0,1,2
124,0,0,0,2
125,0,1,0,1
126,0,2,1,0
127,0,1,2,0
128,0,2,0,0
129,0,0,0,2
130,0,2,1,2
131,0,1,0,2
132,0,1,1,1
133,0,2,0,2
134,0,1,1,2
135,0,0,0,2
136,0,1,2,2
137,0,2,0,0
138,0,1,0,0
139,0,1,0,0
140,0,1,0,0
141,0,1,0,0
142,0,1,0,0
143,0,2,0,0
144,0,1,0,2
145,0,1,2,2
146,0,1,1,1
147,0,1,0,0
148,0,0,3,0
149,0,0,2,2
150,0,1,0,2
151,0,1,0,0
152,0,0,0,1
153,0,2,2,2
154,0,1,2,2
155,0,1,0,2
156,0,0,0,2
157,0,1,0,2
158,0,0,0,2
159,0,1,2,2
160,0,1,0,2
161,0,1,0,2
162,0,1,0,0
163,0,1,0,2
164,0,2,2,2
165,0,0,0,2
166,0,1,0,2
167,0,1,0,2
168,0,1,0,2
169,0,0,0,2
170,0,0,0,2
171,0,1,1,2
172,0,1,0,0
173,0,2,0,1
174,0,2,0,2
175,0,1,2,0
176,0,2,3,2
177,0,0,0,2
178,0,1,0,2
179,0,0,1,2
180,0,1,0,0
181,0,1,0,0
182,0,2,0,2
183,0,0,0,2
184,0,1,1,2
185,0,1,0,2
186,0,3,0,0
187,0,2,0,2
188,0,1,0,2
189,0,0,0,2
190,1,0,0,0
191,1,0,0,0
192,1,2,0,0
193,1,2,0,0
194,1,0,0,0
195,1,1,0,0
196,1,0,0,0
197,1,1,0,0
198,1,1,0,0
199,1,1,1,2
(0,5),1,8
(0,9),1,41
(0,13),1,88
(0,17),1,3
(0,24),1,56
(0,25),1,82
(0,26),1,25
(0,30),1,53
(0,31),1,64
(0,33),1,37
(0,34),1,24
(0,35),1,84
(0,44),1,63
(0,46),1,3
(0,52),1,80
(0,58),1,12
(0,65),1,69
(0,66),1,82
(0,73),1,56
(0,75),1,32
(0,80),1,75
(0,89),1,54
(0,93),1,85
(0,94),1,70
(0,103),1,87
(0,106),1,30
(0,107),1,60
(0,108),1,65
(0,110),1,58
(0,113),1,4
(0,116),1,45
(0,117),1,24
(0,122),1,23
(0,126),1,81
(0,127),1,19
(0,128),1,26
(0,132),1,39
(0,138),1,67
(0,139),1,46
(0,140),1,18
(0,141),1,7
(0,142),1,46
(0,143),1,67
(0,147),1,76
(0,150),1,66
(0,151),1,40
(0,152),1,86
(0,162),1,24
(0,172),1,80
(0,173),1,89
(0,175),1,41
(0,180),1,48
(0,181),1,8
(0,186),1,13
(1,5),1,12
(1,9),1,41
(1,13),1,20
(1,16),1,66
(1,17),1,56
(1,26),1,49
(1,29),1,22
(1,31),1,47
(1,33),1,34
(1,34),1,85
(1,35),1,78
(1,36),1,48
(1,44),1,27
(1,46),1,75
(1,50),1,86
(1,58),1,20
(1,65),1,82
(1,66),1,4
(1,69),1,64
(1,75),1,49
(1,77),1,65
(1,89),1,59
(1,93),1,72
(1,103),1,4
(1,106),1,58
(1,108),1,52
(1,113),1,71
(1,116),1,16
(1,117),1,49
(1,120),1,79
(1,125),1,54
(1,126),1,66
(1,127),1,13
(1,128),1,28
(1,132),1,88
(1,138),1,25
(1,139),1,54
(1,140),1,58
(1,141),1,35
(1,142),1,34
(1,143),1,68
(1,147),1,9
(1,151),1,72
(1,173),1,82
(1,180),1,45
(1,186),1,23
(2,42),1,55
(2,44),1,47
(2,126),1,23
(2,132),1,0
(2,148),1,9
(3,10),1,61
(3,42),1,63
(3,50),1,15
(3,77),1,28
(3,126),1,16
(3,148),1,42
(4,40),1,28
(4,126),1,61
(4,146),1,77
(4,148),1,66
(5,40),1,21
(5,77),1,28
(5,112),1,34
(5,126),1,44
(6,5),1,44
(6,9),1,63
(6,17),1,7
(6,26),1,33
(6,29),1,45
(6,31),1,35
(6,33),1,15
(6,35),1,60
(6,39),1,0
(6,46),1,49
(6,47),1,76
(6,58),1,9
(6,59),1,19
(6,66),1,7
(6,69),1,66
(6,75),1,39
(6,82),1,19
(6,89),1,66
(6,91),1,48
(6,94),1,20
(6,103),1,3
(6,106),1,35
(6,108),1,79
(6,116),1,81
(6,117),1,81
(6,122),1,69
(6,126),1,64
(6,128),1,78
(6,132),1,44
(6,137),1,88
(6,138),1,19
(6,139),1,72
(6,141),1,26
(6,142),1,84
(6,143),1,57
(6,148),1,73
(6,151),1,69
(6,162),1,22
(6,173),1,1
(6,180),1,4
(6,181),1,48
(6,186),1,12
(7,5),1,56
(7,9),1,34
(7,10),1,18
(7,13),1,7
(7,16),1,47
(7,17),1,18
(7,26),1,40
(7,28),1,7
(7,29),1,44
(7,31),1,61
(7,33),1,76
(7,35),1,55
(7,38),1,53
(7,39),1,81
(7,46),1,18
(7,58),1,0
(7,59),1,58
(7,65),1,67
(7,66),1,8
(7,69),1,55
(7,75),1,43
(7,77),1,60
(7,89),1,59
(7,93),1,4
(7,94),1,45
(7,99),1,31
(7,103),1,18
(7,106),1,76
(7,107),1,78
(7,108),1,39
(7,113),1,16
(7,117),1,24
(7,122),1,13
(7,126),1,37
(7,128),1,65
(7,132),1,6
(7,137),1,26
(7,138),1,12
(7,139),1,18
(7,140),1,9
(7,141),1,74
(7,143),1,26
(7,147),1,72
(7,148),1,17
(7,151),1,41
(7,162),1,19
(7,181),1,21
(7,186),1,25
(8,42),1,5
(8,50),1,33
(8,85),1,60
(8,126),1,14
(8,132),1,14
(8,148),1,7
(9,26),1,4
(9,31),1,60
(9,66),1,76
(9,69),1,0
(9,107),1,84
(9,159),1,55
(9,175),1,17
(10,44),1,37
(10,126),1,50
(10,148),1,33
(11,5),1,77
(11,9),1,84
(11,13),1,6
(11,16),1,47
(11,17),1,41
(11,18),1,76
(11,26),1,26
(11,29),1,25
(11,31),1,78
(11,34),1,84
(11,35),1,33
(11,46),1,58
(11,58),1,72
(11,65),1,89
(11,66),1,18
(11,69),1,5
(11,75),1,15
(11,77),1,26
(11,89),1,89
(11,94),1,31
(11,103),1,61
(11,105),1,52
(11,106),1,36
(11,107),1,70
(11,108),1,85
(11,113),1,10
(11,116),1,55
(11,117),1,65
(11,122),1,2
(11,126),1,80
(11,127),1,9
(11,128),1,30
(11,132),1,84
(11,138),1,71
(11,139),1,45
(11,140),1,70
(11,141),1,79
(11,142),1,38
(11,143),1,88
(11,148),1,63
(11,151),1,52
(11,152),1,51
(11,175),1,45
(11,180),1,88
(11,181),1,89
(11,185),1,58
(11,186),1,16
(12,5),1,27
(12,9),1,40
(12,13),1,25
(12,17),1,38
(12,26),1,74
(12,29),1,78
(12,31),1,76
(12,33),1,2
(12,35),1,73
(12,44),1,67
(12,46),1,71
(12,58),1,67
(12,65),1,26
(12,66),1,60
(12,68),1,73
(12,69),1,21
(12,75),1,0
(12,76),1,0
(12,86),1,33
(12,89),1,8
(12,92),1,70
(12,93),1,45
(12,94),1,55
(12,103),1,22
(12,106),1,82
(12,107),1,9
(12,108),1,37
(12,110),1,0
(12,116),1,24
(12,117),1,72
(12,122),1,22
(12,125),1,15
(12,126),1,21
(12,127),1,1
(12,128),1,0
(12,137),1,9
(12,138),1,11
(12,139),1,20
(12,140),1,8
(12,141),1,79
(12,142),1,58
(12,143),1,52
(12,147),1,60
(12,151),1,31
(12,152),1,51
(12,158),1,76
(12,159),1,3
(12,162),1,71
(12,180),1,69
(12,181),1,61
(12,186),1,67
(13,10),1,75
(13,82),1,72
(13,126),1,71
(14,5),1,2
(14,13),1,80
(14,16),1,84
(14,17),1,42
(14,19),1,9
(14,26),1,49
(14,29),1,23
(14,31),1,18
(14,33),1,16
(14,34),1,71
(14,35),1,84
(14,42),1,6
(14,46),1,47
(14,50),1,7
(14,58),1,57
(14,59),1,48
(14,64),1,49
(14,66),1,10
(14,69),1,44
(14,75),1,37
(14,80),1,45
(14,81),1,26
(14,89),1,66
(14,91),1,79
(14,93),1,70
(14,94),1,12
(14,101),1,39
(14,103),1,39
(14,105),1,42
(14,106),1,65
(14,107),1,0
(14,108),1,16
(14,113),1,38
(14,116),1,38
(14,117),1,67
(14,126),1,9
(14,127),1,69
(14,128),1,83
(14,138),1,40
(14,139),1,45
(14,140),1,34
(14,141),1,13
(14,143),1,42
(14,151),1,41
(14,162),1,19
(14,172),1,77
(14,175),1,71
(14,180),1,27
(14,181),1,68
(14,185),1,58
(14,186),1,60
(15,25),1,64
(15,40),1,32
(15,126),1,41
(15,146),1,60
(15,148),1,83
(16,5),1,46
(16,17),1,38
(16,26),1,14
(16,29),1,19
(16,31),1,48
(16,34),1,73
(16,35),1,66
(16,39),1,65
(16,40),1,30
(16,42),1,61
(16,46),1,83
(16,51),1,84
(16,58),1,69
(16,65),1,0
(16,66),1,39
(16,69),1,15
(16,75),1,81
(16,80),1,41
(16,89),1,9
(16,94),1,76
(16,103),1,16
(16,105),1,11
(16,106),1,0
(16,107),1,61
(16,108),1,79
(16,113),1,77
(16,116),1,87
(16,117),1,38
(16,122),1,40
(16,126),1,52
(16,127),1,53
(16,128),1,88
(16,137),1,77
(16,138),1,60
(16,139),1,27
(16,140),1,44
(16,141),1,64
(16,142),1,25
(16,143),1,73
(16,147),1,25
(16,151),1,10
(16,152),1,78
(16,156),1,29
(16,159),1,19
(16,162),1,54
(16,167),1,5
(16,172),1,70
(16,182),1,30
(16,186),1,63
(17,44),1,6
(17,126),1,51
(18,26),1,77
(18,31),1,38
(18,66),1,25
(18,69),1,21
(18,107),1,6
(19,25),1,23
(19,44),1,88
(19,77),1,31
(19,112),1,28
(19,126),1,27
(19,148),1,12
(20,10),1,83
(20,14),1,22
(20,40),1,24
(20,42),1,18
(20,126),1,78
(21,5),1,60
(21,16),1,7
(21,17),1,38
(21,26),1,82
(21,29),1,16
(21,31),1,53
(21,33),1,2
(21,34),1,39
(21,35),1,55
(21,38),1,20
(21,39),1,54
(21,42),1,69
(21,46),1,66
(21,58),1,88
(21,65),1,38
(21,66),1,40
(21,69),1,70
(21,75),1,56
(21,80),1,39
(21,81),1,83
(21,82),1,10
(21,86),1,17
(21,87),1,27
(21,89),1,71
(21,93),1,18
(21,103),1,7
(21,106),1,40
(21,108),1,27
(21,111),1,0
(21,113),1,74
(21,117),1,66
(21,120),1,39
(21,122),1,73
(21,126),1,38
(21,128),1,15
(21,138),1,40
(21,139),1,41
(21,142),1,9
(21,143),1,84
(21,147),1,12
(21,148),1,60
(21,151),1,79
(21,152),1,36
(21,162),1,57
(21,175),1,0
(21,180),1,53
(21,186),1,47
(22,5),1,2
(22,13),1,36
(22,16),1,38
(22,17),1,78
(22,19),1,1
(22,26),1,29
(22,29),1,85
(22,31),1,42
(22,33),1,11
(22,34),1,61
(22,35),1,2
(22,44),1,45
(22,58),1,52
(22,65),1,36
(22,66),1,86
(22,69),1,67
(22,75),1,25
(22,77),1,36
(22,82),1,19
(22,89),1,12
(22,93),1,79
(22,94),1,65
(22,101),1,75
(22,103),1,49
(22,106),1,0
(22,108),1,34
(22,113),1,9
(22,117),1,12
(22,125),1,82
(22,126),1,27
(22,127),1,38
(22,128),1,36
(22,137),1,75
(22,138),1,20
(22,139),1,55
(22,140),1,12
(22,142),1,76
(22,143),1,1
(22,147),1,23
(22,148),1,42
(22,151),1,49
(22,162),1,69
(22,175),1,68
(22,181),1,5
(22,183),1,47
(22,186),1,44
(23,25),1,62
(23,42),1,14
(23,44),1,68
(23,50),1,46
(23,77),1,69
(23,82),1,89
(23,112),1,58
(23,126),1,35
(24,5),1,27
(24,9),1,21
(24,13),1,13
(24,17),1,84
(24,26),1,59
(24,28),1,55
(24,29),1,67
(24,31),1,8
(24,35),1,43
(24,44),1,67
(24,46),1,75
(24,58),1,82
(24,65),1,56
(24,66),1,67
(24,69),1,82
(24,75),1,42
(24,77),1,62
(24,80),1,35
(24,87),1,23
(24,88),1,76
(24,89),1,26
(24,91),1,74
(24,92),1,23
(24,93),1,47
(24,94),1,83
(24,103),1,69
(24,106),1,6
(24,108),1,4
(24,112),1,75
(24,113),1,6
(24,116),1,24
(24,117),1,37
(24,122),1,45
(24,126),1,74
(24,127),1,44
(24,128),1,41
(24,132),1,47
(24,138),1,49
(24,139),1,73
(24,140),1,42
(24,141),1,38
(24,142),1,75
(24,143),1,62
(24,147),1,23
(24,148),1,79
(24,151),1,76
(24,152),1,14
(24,175),1,48
(24,186),1,69
(25,40),1,27
(25,77),1,76
(25,126),1,24
(26,40),1,67
(26,42),1,14
(26,126),1,58
(27,5),1,19
(27,9),1,48
(27,13),1,75
(27,17),1,19
(27,26),1,60
(27,29),1,60
(27,31),1,59
(27,33),1,69
(27,34),1,37
(27,35),1,88
(27,39),1,86
(27,40),1,16
(27,42),1,15
(27,46),1,57
(27,58),1,62
(27,65),1,62
(27,66),1,56
(27,69),1,79
(27,75),1,2
(27,77),1,83
(27,80),1,11
(27,89),1,61
(27,91),1,25
(27,93),1,20
(27,94),1,69
(27,95),1,56
(27,103),1,77
(27,105),1,54
(27,106),1,6
(27,108),1,27
(27,113),1,88
(27,117),1,9
(27,126),1,40
(27,127),1,8
(27,128),1,34
(27,132),1,51
(27,137),1,85
(27,138),1,79
(27,139),1,52
(27,140),1,85
(27,141),1,0
(27,142),1,41
(27,143),1,0
(27,148),1,43
(27,151),1,72
(27,157),1,77
(27,162),1,3
(27,173),1,16
(27,175),1,18
(27,180),1,11
(27,181),1,57
(27,186),1,27
(28,44),1,78
(28,50),1,11
(28,126),1,36
(28,132),1,64
(28,148),1,37
(29,25),1,42
(29,44),1,13
(29,126),1,38
(29,148),1,31
(30,24),1,4
(30,77),1,33
(30,85),1,26
(30,126),1,49
(30,146),1,4
(30,148),1,54
(31,148),1,71
(32,5),1,68
(32,26),1,5
(32,29),1,59
(32,31),1,81
(32,33),1,49
(32,35),1,48
(32,40),1,61
(32,46),1,1
(32,50),1,1
(32,58),1,4
(32,66),1,6
(32,69),1,29
(32,75),1,61
(32,76),1,12
(32,87),1,80
(32,89),1,71
(32,94),1,64
(32,101),1,7
(32,103),1,27
(32,106),1,24
(32,108),1,4
(32,112),1,62
(32,113),1,75
(32,116),1,79
(32,117),1,43
(32,125),1,46
(32,126),1,32
(32,127),1,75
(32,128),1,16
(32,132),1,23
(32,138),1,30
(32,139),1,54
(32,140),1,83
(32,142),1,14
(32,143),1,6
(32,147),1,21
(32,148),1,28
(32,151),1,4
(32,162),1,77
(32,177),1,61
(32,186),1,61
(33,50),1,49
(33,77),1,72
(33,126),1,29
(33,148),1,85
(34,126),1,49
(35,10),1,85
(35,68),1,31
(35,77),1,75
(35,126),1,51
(35,146),1,52
(36,5),1,74
(36,17),1,76
(36,26),1,35
(36,29),1,51
(36,31),1,46
(36,33),1,15
(36,34),1,60
(36,35),1,24
(36,46),1,42
(36,58),1,0
(36,59),1,72
(36,66),1,1
(36,69),1,52
(36,75),1,85
(36,76),1,0
(36,77),1,30
(36,89),1,20
(36,93),1,3
(36,94),1,89
(36,99),1,47
(36,103),1,48
(36,106),1,41
(36,108),1,13
(36,116),1,60
(36,117),1,27
(36,122),1,2
(36,126),1,82
(36,128),1,77
(36,137),1,51
(36,138),1,33
(36,139),1,76
(36,140),1,85
(36,141),1,43
(36,142),1,72
(36,143),1,30
(36,147),1,82
(36,148),1,4
(36,151),1,72
(36,156),1,56
(36,162),1,60
(36,180),1,65
(36,186),1,6
(37,5),1,78
(37,9),1,67
(37,13),1,83
(37,26),1,67
(37,29),1,11
(37,31),1,86
(37,35),1,53
(37,46),1,6
(37,50),1,22
(37,58),1,74
(37,66),1,21
(37,69),1,70
(37,75),1,8
(37,86),1,0
(37,87),1,24
(37,89),1,21
(37,91),1,40
(37,92),1,81
(37,94),1,88
(37,103),1,34
(37,106),1,56
(37,108),1,46
(37,113),1,27
(37,116),1,60
(37,117),1,58
(37,125),1,38
(37,126),1,76
(37,127),1,87
(37,128),1,32
(37,132),1,52
(37,137),1,51
(37,138),1,72
(37,139),1,47
(37,140),1,23
(37,141),1,14
(37,142),1,1
(37,143),1,63
(37,147),1,33
(37,148),1,33
(37,151),1,25
(37,162),1,46
(37,172),1,40
(37,175),1,8
(37,180),1,80
(37,186),1,11
(38,5),1,20
(38,13),1,59
(38,16),1,2
(38,17),1,34
(38,26),1,56
(38,28),1,24
(38,29),1,25
(38,31),1,46
(38,33),1,43
(38,35),1,67
(38,39),1,34
(38,44),1,15
(38,46),1,83
(38,58),1,89
(38,65),1,58
(38,66),1,39
(38,69),1,48
(38,75),1,88
(38,77),1,87
(38,80),1,65
(38,86),1,62
(38,89),1,35
(38,91),1,25
(38,103),1,13
(38,106),1,10
(38,108),1,41
(38,113),1,48
(38,116),1,74
(38,117),1,29
(38,125),1,25
(38,126),1,50
(38,128),1,4
(38,135),1,89
(38,137),1,49
(38,138),1,76
(38,139),1,63
(38,140),1,74
(38,141),1,19
(38,142),1,42
(38,143),1,45
(38,147),1,3
(38,148),1,88
(38,151),1,30
(38,172),1,39
(38,175),1,14
(38,180),1,30
(38,186),1,76
(39,10),1,60
(39,77),1,60
(39,126),1,61
(39,132),1,40
(39,146),1,66
(39,148),1,65
(40,5),1,20
(40,17),1,28
(40,26),1,41
(40,29),1,78
(40,31),1,85
(40,33),1,24
(40,34),1,69
(40,35),1,50
(40,38),1,43
(40,46),1,10
(40,58),1,66
(40,59),1,39
(40,66),1,37
(40,69),1,33
(40,75),1,77
(40,77),1,65
(40,87),1,69
(40,89),1,28
(40,93),1,3
(40,103),1,59
(40,106),1,49
(40,107),1,10
(40,108),1,80
(40,113),1,39
(40,116),1,66
(40,117),1,20
(40,122),1,11
(40,125),1,89
(40,126),1,23
(40,127),1,3
(40,128),1,82
(40,132),1,63
(40,137),1,0
(40,138),1,28
(40,139),1,9
(40,140),1,15
(40,142),1,65
(40,143),1,22
(40,148),1,26
(40,151),1,67
(40,159),1,40
(40,162),1,11
(40,172),1,10
(40,173),1,38
(40,180),1,10
(40,181),1,68
(40,186),1,76
(41,44),1,71
(41,126),1,62
(41,184),1,52
(42,44),1,79
(42,126),1,15
(42,148),1,35
(43,5),1,20
(43,13),1,39
(43,16),1,76
(43,17),1,64
(43,26),1,13
(43,28),1,59
(43,29),1,86
(43,31),1,42
(43,34),1,6
(43,35),1,37
(43,40),1,1
(43,46),1,87
(43,50),1,54
(43,58),1,5
(43,59),1,49
(43,65),1,32
(43,66),1,8
(43,69),1,59
(43,75),1,23
(43,77),1,53
(43,89),1,46
(43,94),1,49
(43,99),1,46
(43,101),1,15
(43,103),1,18
(43,106),1,40
(43,108),1,61
(43,112),1,5
(43,113),1,78
(43,116),1,68
(43,117),1,62
(43,122),1,74
(43,125),1,83
(43,126),1,18
(43,127),1,85
(43,128),1,56
(43,132),1,56
(43,137),1,50
(43,138),1,75
(43,139),1,24
(43,140),1,77
(43,141),1,47
(43,142),1,10
(43,143),1,8
(43,146),1,47
(43,147),1,44
(43,151),1,54
(43,172),1,47
(43,180),1,89
(43,181),1,56
(43,186),1,75
(44,50),1,30
(44,77),1,31
(44,82),1,38
(44,126),1,57
(45,5),1,42
(45,13),1,13
(45,17),1,60
(45,26),1,41
(45,29),1,1
(45,31),1,70
(45,33),1,67
(45,34),1,57
(45,35),1,86
(45,44),1,1
(45,46),1,16
(45,48),1,37
(45,49),1,6
(45,50),1,37
(45,53),1,24
(45,58),1,16
(45,59),1,62
(45,65),1,79
(45,66),1,30
(45,75),1,26
(45,86),1,56
(45,89),1,43
(45,93),1,77
(45,101),1,39
(45,102),1,48
(45,103),1,55
(45,106),1,29
(45,107),1,84
(45,108),1,62
(45,113),1,84
(45,116),1,80
(45,117),1,29
(45,122),1,82
(45,126),1,86
(45,127),1,40
(45,128),1,9
(45,137),1,74
(45,138),1,84
(45,139),1,0
(45,141),1,69
(45,143),1,24
(45,146),1,7
(45,147),1,89
(45,151),1,73
(45,162),1,58
(45,173),1,11
(45,175),1,36
(45,181),1,54
(45,186),1,51
(46,126),1,72
(47,5),1,58
(47,26),1,21
(47,29),1,14
(47,31),1,49
(47,33),1,35
(47,34),1,66
(47,35),1,18
(47,44),1,57
(47,46),1,27
(47,58),1,28
(47,66),1,70
(47,69),1,81
(47,75),1,7
(47,89),1,68
(47,92),1,50
(47,94),1,42
(47,103),1,2
(47,106),1,58
(47,107),1,31
(47,108),1,44
(47,116),1,81
(47,117),1,48
(47,122),1,73
(47,126),1,78
(47,127),1,69
(47,128),1,24
(47,132),1,2
(47,137),1,21
(47,138),1,78
(47,139),1,14
(47,140),1,45
(47,141),1,43
(47,142),1,59
(47,143),1,58
(47,146),1,78
(47,147),1,75
(47,148),1,74
(47,150),1,52
(47,151),1,88
(47,175),1,68
(47,180),1,43
(47,181),1,81
(47,186),1,7
(48,5),1,32
(48,7),1,78
(48,25),1,49
(48,26),1,88
(48,29),1,43
(48,31),1,43
(48,33),1,46
(48,35),1,62
(48,40),1,22
(48,46),1,14
(48,50),1,0
(48,58),1,43
(48,65),1,58
(48,66),1,7
(48,69),1,21
(48,75),1,88
(48,85),1,80
(48,87),1,25
(48,89),1,60
(48,91),1,72
(48,103),1,16
(48,106),1,6
(48,108),1,30
(48,110),1,59
(48,116),1,74
(48,117),1,79
(48,122),1,34
(48,125),1,88
(48,126),1,69
(48,128),1,58
(48,138),1,56
(48,139),1,88
(48,141),1,64
(48,142),1,7
(48,143),1,29
(48,147),1,55
(48,148),1,88
(48,151),1,17
(48,152),1,67
(48,159),1,53
(48,162),1,20
(48,175),1,46
(48,180),1,89
(48,181),1,46
(48,186),1,41
(49,24),1,62
(49,50),1,9
(49,126),1,33
(49,132),1,15
(49,148),1,32
(50,5),1,36
(50,9),1,69
(50,13),1,64
(50,25),1,43
(50,26),1,28
(50,31),1,33
(50,33),1,70
(50,35),1,4
(50,46),1,37
(50,52),1,65
(50,53),1,25
(50,58),1,45
(50,66),1,55
(50,69),1,87
(50,75),1,15
(50,80),1,46
(50,89),1,20
(50,92),1,83
(50,101),1,50
(50,103),1,4
(50,106),1,5
(50,108),1,16
(50,112),1,55
(50,113),1,61
(50,117),1,83
(50,126),1,79
(50,127),1,45
(50,128),1,18
(50,132),1,21
(50,137),1,47
(50,138),1,64
(50,139),1,44
(50,140),1,34
(50,141),1,81
(50,142),1,88
(50,143),1,4
(50,147),1,67
(50,151),1,63
(50,172),1,5
(50,186),1,85
(51,5),1,54
(51,17),1,76
(51,26),1,75
(51,29),1,9
(51,31),1,17
(51,33),1,72
(51,46),1,80
(51,58),1,61
(51,65),1,20
(51,66),1,35
(51,69),1,2
(51,75),1,57
(51,77),1,14
(51,84),1,8
(51,87),1,45
(51,89),1,16
(51,103),1,73
(51,106),1,9
(51,107),1,55
(51,108),1,41
(51,113),1,8
(51,117),1,69
(51,125),1,46
(51,126),1,85
(51,127),1,52
(51,128),1,34
(51,138),1,6
(51,139),1,85
(51,140),1,70
(51,141),1,18
(51,142),1,17
(51,143),1,84
(51,146),1,32
(51,147),1,87
(51,148),1,7
(51,151),1,71
(51,152),1,14
(51,162),1,81
(51,171),1,54
(51,175),1,33
(51,181),1,74
(51,186),1,10
(52,5),1,29
(52,12),1,89
(52,26),1,34
(52,28),1,65
(52,29),1,27
(52,31),1,15
(52,33),1,8
(52,35),1,84
(52,39),1,68
(52,44),1,75
(52,46),1,1
(52,48),1,71
(52,58),1,19
(52,63),1,28
(52,65),1,31
(52,66),1,56
(52,69),1,7
(52,75),1,86
(52,86),1,74
(52,89),1,53
(52,92),1,67
(52,94),1,51
(52,103),1,40
(52,106),1,53
(52,108),1,64
(52,113),1,48
(52,117),1,58
(52,122),1,54
(52,125),1,63
(52,126),1,49
(52,127),1,46
(52,128),1,87
(52,132),1,51
(52,137),1,78
(52,138),1,61
(52,139),1,31
(52,140),1,4
(52,141),1,83
(52,142),1,49
(52,143),1,47
(52,147),1,42
(52,151),1,12
(52,168),1,30
(52,172),1,61
(52,173),1,53
(52,186),1,46
(53,5),1,62
(53,6),1,51
(53,13),1,46
(53,26),1,23
(53,29),1,7
(53,31),1,47
(53,33),1,30
(53,34),1,36
(53,35),1,37
(53,39),1,30
(53,42),1,72
(53,44),1,24
(53,46),1,4
(53,58),1,4
(53,65),1,11
(53,66),1,54
(53,69),1,1
(53,75),1,4
(53,86),1,39
(53,87),1,48
(53,89),1,58
(53,91),1,61
(53,103),1,40
(53,106),1,84
(53,107),1,1
(53,108),1,75
(53,110),1,67
(53,113),1,78
(53,116),1,9
(53,117),1,3
(53,125),1,86
(53,126),1,66
(53,127),1,25
(53,128),1,48
(53,138),1,42
(53,139),1,13
(53,140),1,71
(53,141),1,40
(53,142),1,1
(53,143),1,50
(53,148),1,80
(53,151),1,20
(53,152),1,71
(53,162),1,23
(53,175),1,19
(53,180),1,85
(53,181),1,89
(53,186),1,57
(54,5),1,17
(54,13),1,50
(54,16),1,10
(54,17),1,62
(54,26),1,59
(54,28),1,48
(54,29),1,14
(54,31),1,75
(54,33),1,64
(54,35),1,13
(54,42),1,61
(54,44),1,64
(54,46),1,40
(54,58),1,56
(54,59),1,21
(54,66),1,48
(54,69),1,77
(54,75),1,1
(54,82),1,31
(54,87),1,38
(54,89),1,81
(54,103),1,19
(54,106),1,23
(54,107),1,82
(54,108),1,80
(54,116),1,73
(54,117),1,24
(54,126),1,63
(54,127),1,79
(54,128),1,7
(54,138),1,5
(54,139),1,4
(54,141),1,71
(54,143),1,79
(54,147),1,19
(54,148),1,81
(54,150),1,32
(54,151),1,18
(54,162),1,48
(54,173),1,0
(54,175),1,69
(54,186),1,17
(55,5),1,75
(55,11),1,65
(55,13),1,7
(55,26),1,28
(55,29),1,73
(55,31),1,70
(55,33),1,87
(55,35),1,55
(55,44),1,61
(55,46),1,20
(55,58),1,50
(55,64),1,3
(55,65),1,78
(55,66),1,60
(55,69),1,15
(55,75),1,7
(55,89),1,79
(55,94),1,72
(55,101),1,89
(55,103),1,28
(55,105),1,81
(55,106),1,33
(55,107),1,1
(55,108),1,42
(55,110),1,6
(55,113),1,12
(55,116),1,24
(55,117),1,44
(55,122),1,75
(55,125),1,64
(55,126),1,53
(55,128),1,79
(55,132),1,55
(55,138),1,84
(55,139),1,71
(55,141),1,12
(55,142),1,0
(55,143),1,39
(55,151),1,49
(55,162),1,24
(55,168),1,15
(55,172),1,20
(55,180),1,88
(55,182),1,13
(55,186),1,34
(56,5),1,50
(56,13),1,53
(56,17),1,51
(56,26),1,40
(56,29),1,45
(56,31),1,27
(56,33),1,82
(56,35),1,41
(56,46),1,84
(56,58),1,76
(56,65),1,47
(56,66),1,60
(56,67),1,24
(56,69),1,60
(56,75),1,73
(56,80),1,16
(56,87),1,60
(56,89),1,3
(56,92),1,65
(56,99),1,39
(56,103),1,45
(56,106),1,77
(56,107),1,78
(56,108),1,84
(56,113),1,39
(56,116),1,11
(56,117),1,6
(56,122),1,58
(56,125),1,21
(56,126),1,57
(56,127),1,40
(56,128),1,2
(56,137),1,52
(56,138),1,61
(56,139),1,21
(56,140),1,61
(56,141),1,20
(56,142),1,55
(56,143),1,44
(56,147),1,45
(56,151),1,74
(56,162),1,3
(56,173),1,28
(56,180),1,66
(56,181),1,10
(56,182),1,32
(56,185),1,55
(56,186),1,16
(57,42),1,25
(57,50),1,56
(57,126),1,8
(57,146),1,71
(57,148),1,55
(58,126),1,0
(58,148),1,38
(59,26),1,57
(59,31),1,74
(59,66),1,57
(59,69),1,54
(59,105),1,86
(59,107),1,32
(59,127),1,55
(60,26),1,86
(60,31),1,8
(60,66),1,16
(60,69),1,16
(60,107),1,52
(60,127),1,65
(61,42),1,86
(61,50),1,25
(61,126),1,82
(62,9),1,29
(62,26),1,88
(62,31),1,4
(62,66),1,41
(62,69),1,21
(62,107),1,7
(62,159),1,43
(63,9),1,46
(63,26),1,25
(63,31),1,79
(63,66),1,49
(63,105),1,89
(63,127),1,75
(63,148),1,7
(63,159),1,62
(64,24),1,61
(64,74),1,80
(64,82),1,9
(64,126),1,61
(64,132),1,9
(65,77),1,50
(65,85),1,8
(65,126),1,71
(65,148),1,40
(66,77),1,73
(66,126),1,21
(66,148),1,66
(67,5),1,36
(67,13),1,20
(67,17),1,13
(67,24),1,60
(67,26),1,70
(67,29),1,24
(67,31),1,19
(67,33),1,38
(67,35),1,80
(67,40),1,8
(67,44),1,35
(67,46),1,29
(67,58),1,83
(67,65),1,60
(67,66),1,17
(67,69),1,33
(67,75),1,31
(67,82),1,1
(67,89),1,7
(67,103),1,38
(67,105),1,71
(67,106),1,52
(67,108),1,13
(67,113),1,13
(67,116),1,62
(67,117),1,81
(67,125),1,57
(67,126),1,22
(67,127),1,86
(67,128),1,37
(67,132),1,61
(67,137),1,25
(67,138),1,6
(67,139),1,30
(67,140),1,10
(67,141),1,57
(67,143),1,12
(67,148),1,48
(67,151),1,63
(67,162),1,54
(67,166),1,29
(67,175),1,20
(67,180),1,46
(67,181),1,38
(67,186),1,14
(68,5),1,14
(68,13),1,71
(68,17),1,71
(68,26),1,56
(68,29),1,72
(68,31),1,31
(68,33),1,88
(68,35),1,59
(68,39),1,29
(68,46),1,46
(68,52),1,58
(68,58),1,8
(68,64),1,64
(68,66),1,45
(68,75),1,4
(68,82),1,58
(68,87),1,63
(68,89),1,54
(68,91),1,41
(68,103),1,76
(68,105),1,39
(68,106),1,74
(68,107),1,67
(68,108),1,57
(68,113),1,57
(68,116),1,21
(68,117),1,19
(68,122),1,25
(68,126),1,8
(68,127),1,86
(68,128),1,70
(68,137),1,21
(68,138),1,18
(68,139),1,71
(68,140),1,1
(68,141),1,4
(68,142),1,80
(68,143),1,35
(68,147),1,6
(68,148),1,30
(68,151),1,67
(68,152),1,21
(68,162),1,66
(68,171),1,24
(68,175),1,57
(68,181),1,2
(68,186),1,59
(69,148),1,68
(70,5),1,67
(70,10),1,40
(70,13),1,11
(70,17),1,12
(70,26),1,28
(70,29),1,17
(70,31),1,55
(70,34),1,46
(70,35),1,79
(70,44),1,35
(70,46),1,84
(70,52),1,40
(70,58),1,14
(70,59),1,17
(70,65),1,34
(70,66),1,63
(70,69),1,87
(70,75),1,1
(70,77),1,28
(70,87),1,51
(70,89),1,8
(70,91),1,57
(70,103),1,48
(70,106),1,41
(70,108),1,9
(70,113),1,24
(70,116),1,50
(70,117),1,35
(70,125),1,68
(70,126),1,58
(70,128),1,13
(70,137),1,7
(70,138),1,68
(70,139),1,45
(70,140),1,55
(70,141),1,43
(70,143),1,77
(70,146),1,35
(70,147),1,21
(70,148),1,26
(70,151),1,61
(70,172),1,24
(70,181),1,79
(70,182),1,84
(70,186),1,50
(71,42),1,43
(71,44),1,62
(71,126),1,68
(72,5),1,71
(72,9),1,72
(72,13),1,5
(72,16),1,82
(72,26),1,2
(72,29),1,80
(72,31),1,39
(72,33),1,39
(72,35),1,74
(72,39),1,60
(72,46),1,70
(72,49),1,54
(72,58),1,51
(72,62),1,64
(72,64),1,71
(72,65),1,11
(72,66),1,7
(72,69),1,70
(72,75),1,51
(72,89),1,61
(72,93),1,46
(72,94),1,4
(72,103),1,87
(72,106),1,61
(72,108),1,67
(72,113),1,21
(72,116),1,72
(72,117),1,67
(72,120),1,15
(72,122),1,57
(72,125),1,68
(72,126),1,54
(72,128),1,70
(72,137),1,83
(72,138),1,60
(72,139),1,28
(72,140),1,61
(72,141),1,12
(72,143),1,87
(72,146),1,69
(72,147),1,13
(72,151),1,45
(72,152),1,69
(72,172),1,56
(72,173),1,62
(72,175),1,89
(72,180),1,61
(72,181),1,56
(72,186),1,70
(73,5),1,36
(73,13),1,49
(73,16),1,78
(73,17),1,9
(73,24),1,1
(73,26),1,18
(73,29),1,17
(73,31),1,8
(73,35),1,15
(73,44),1,41
(73,46),1,0
(73,48),1,15
(73,58),1,58
(73,59),1,69
(73,65),1,1
(73,66),1,64
(73,69),1,35
(73,75),1,10
(73,77),1,77
(73,89),1,59
(73,103),1,68
(73,106),1,70
(73,108),1,41
(73,112),1,28
(73,113),1,68
(73,116),1,70
(73,117),1,81
(73,120),1,89
(73,122),1,64
(73,125),1,16
(73,126),1,64
(73,128),1,60
(73,137),1,88
(73,138),1,84
(73,139),1,58
(73,142),1,18
(73,143),1,58
(73,147),1,13
(73,148),1,3
(73,151),1,69
(73,162),1,16
(73,168),1,63
(73,172),1,61
(73,180),1,70
(73,181),1,78
(73,185),1,76
(73,186),1,82
(74,85),1,80
(74,112),1,39
(74,126),1,63
(74,148),1,50
(74,171),1,19
(75,42),1,25
(75,44),1,16
(75,50),1,5
(75,126),1,74
(75,132),1,77
(75,148),1,82
(75,171),1,39
(76,14),1,42
(76,77),1,15
(76,126),1,50
(77,26),1,40
(77,31),1,70
(77,66),1,88
(77,69),1,24
(77,107),1,28
(77,127),1,10
(77,175),1,56
(78,44),1,55
(78,50),1,8
(78,126),1,21
(78,132),1,45
(79,40),1,68
(79,74),1,88
(79,77),1,45
(79,126),1,43
(79,148),1,27
(80,42),1,61
(80,50),1,80
(80,77),1,43
(80,126),1,13
(80,148),1,38
(81,9),1,6
(81,26),1,4
(81,31),1,74
(81,66),1,75
(81,69),1,87
(81,107),1,22
(81,127),1,68
(81,148),1,24
(81,159),1,16
(81,175),1,54
(82,10),1,13
(82,14),1,41
(82,42),1,5
(82,44),1,87
(82,50),1,65
(82,77),1,17
(82,126),1,74
(83,25),1,11
(83,40),1,80
(83,44),1,1
(83,126),1,16
(83,148),1,8
(84,5),1,67
(84,10),1,25
(84,16),1,51
(84,26),1,24
(84,28),1,24
(84,29),1,16
(84,31),1,3
(84,33),1,33
(84,35),1,45
(84,39),1,68
(84,46),1,64
(84,51),1,88
(84,58),1,23
(84,59),1,47
(84,65),1,7
(84,66),1,88
(84,69),1,25
(84,75),1,54
(84,87),1,25
(84,89),1,20
(84,91),1,73
(84,103),1,21
(84,106),1,89
(84,108),1,72
(84,116),1,35
(84,117),1,61
(84,122),1,15
(84,125),1,68
(84,126),1,35
(84,127),1,54
(84,128),1,81
(84,137),1,36
(84,138),1,15
(84,139),1,34
(84,141),1,19
(84,142),1,70
(84,143),1,27
(84,146),1,55
(84,147),1,50
(84,148),1,0
(84,151),1,63
(84,162),1,12
(84,168),1,39
(84,186),1,63
(85,40),1,20
(85,44),1,79
(85,50),1,78
(85,77),1,24
(85,126),1,35
(85,148),1,80
(85,171),1,12
(86,42),1,25
(86,44),1,15
(86,126),1,3
(87,5),1,37
(87,13),1,20
(87,17),1,23
(87,26),1,68
(87,29),1,73
(87,31),1,20
(87,33),1,66
(87,35),1,37
(87,46),1,3
(87,58),1,16
(87,65),1,52
(87,66),1,34
(87,69),1,84
(87,75),1,29
(87,85),1,77
(87,89),1,47
(87,94),1,54
(87,103),1,12
(87,106),1,5
(87,107),1,16
(87,108),1,81
(87,113),1,28
(87,116),1,15
(87,117),1,0
(87,122),1,27
(87,125),1,23
(87,126),1,57
(87,127),1,63
(87,128),1,28
(87,132),1,14
(87,135),1,82
(87,137),1,7
(87,138),1,34
(87,139),1,4
(87,141),1,74
(87,143),1,51
(87,147),1,67
(87,148),1,78
(87,151),1,59
(87,152),1,16
(87,162),1,0
(87,175),1,40
(87,180),1,24
(87,181),1,61
(87,182),1,72
(87,186),1,43
(88,5),1,19
(88,10),1,37
(88,17),1,61
(88,26),1,11
(88,29),1,9
(88,31),1,77
(88,33),1,50
(88,34),1,60
(88,35),1,87
(88,44),1,30
(88,46),1,47
(88,58),1,19
(88,59),1,73
(88,65),1,50
(88,66),1,11
(88,75),1,88
(88,77),1,83
(88,80),1,43
(88,87),1,83
(88,89),1,25
(88,103),1,3
(88,106),1,57
(88,108),1,41
(88,110),1,69
(88,113),1,29
(88,116),1,4
(88,117),1,85
(88,126),1,34
(88,128),1,84
(88,137),1,34
(88,138),1,1
(88,139),1,60
(88,140),1,65
(88,142),1,59
(88,143),1,65
(88,147),1,0
(88,148),1,32
(88,151),1,68
(88,162),1,22
(88,172),1,51
(88,175),1,11
(88,180),1,35
(88,186),1,11
(89,126),1,12
(89,132),1,41
(89,148),1,53
(90,5),1,19
(90,9),1,83
(90,13),1,46
(90,17),1,2
(90,26),1,4
(90,29),1,33
(90,31),1,18
(90,34),1,1
(90,35),1,79
(90,39),1,74
(90,42),1,69
(90,46),1,20
(90,48),1,41
(90,58),1,0
(90,66),1,15
(90,69),1,11
(90,75),1,72
(90,77),1,88
(90,89),1,23
(90,94),1,18
(90,103),1,27
(90,106),1,27
(90,108),1,87
(90,117),1,68
(90,122),1,38
(90,126),1,52
(90,127),1,19
(90,128),1,9
(90,137),1,11
(90,138),1,69
(90,139),1,27
(90,143),1,43
(90,147),1,62
(90,148),1,54
(90,151),1,83
(90,162),1,72
(90,173),1,46
(90,175),1,52
(90,180),1,65
(90,181),1,4
(90,186),1,34
(91,5),1,45
(91,9),1,73
(91,16),1,12
(91,26),1,70
(91,29),1,39
(91,31),1,42
(91,33),1,65
(91,34),1,77
(91,35),1,23
(91,46),1,37
(91,58),1,67
(91,65),1,4
(91,66),1,26
(91,75),1,77
(91,89),1,58
(91,94),1,74
(91,103),1,79
(91,106),1,59
(91,108),1,18
(91,116),1,63
(91,117),1,81
(91,122),1,22
(91,126),1,75
(91,127),1,21
(91,128),1,63
(91,132),1,80
(91,138),1,68
(91,139),1,42
(91,143),1,20
(91,146),1,7
(91,147),1,71
(91,151),1,21
(91,162),1,9
(91,172),1,71
(91,175),1,36
(91,180),1,19
(91,186),1,69
(92,50),1,84
(92,114),1,43
(92,126),1,14
(92,146),1,74
(92,148),1,66
(93,5),1,15
(93,9),1,35
(93,13),1,38
(93,17),1,45
(93,25),1,7
(93,26),1,62
(93,29),1,30
(93,31),1,36
(93,33),1,20
(93,34),1,14
(93,35),1,24
(93,39),1,80
(93,40),1,72
(93,46),1,30
(93,50),1,60
(93,58),1,77
(93,65),1,35
(93,66),1,51
(93,69),1,45
(93,75),1,40
(93,87),1,89
(93,89),1,75
(93,94),1,35
(93,103),1,17
(93,105),1,53
(93,106),1,56
(93,108),1,28
(93,110),1,53
(93,113),1,16
(93,116),1,13
(93,117),1,66
(93,125),1,3
(93,126),1,7
(93,127),1,50
(93,128),1,16
(93,137),1,27
(93,138),1,42
(93,139),1,44
(93,140),1,29
(93,142),1,67
(93,143),1,85
(93,148),1,77
(93,151),1,78
(93,162),1,22
(93,175),1,89
(93,181),1,80
(93,186),1,79
(94,25),1,86
(94,42),1,55
(94,85),1,1
(94,126),1,38
(94,148),1,73
(95,25),1,84
(95,26),1,70
(95,31),1,23
(95,66),1,85
(95,69),1,20
(95,105),1,54
(95,107),1,18
(96,5),1,72
(96,7),1,27
(96,13),1,39
(96,17),1,24
(96,26),1,84
(96,29),1,0
(96,31),1,73
(96,33),1,58
(96,34),1,73
(96,35),1,79
(96,39),1,65
(96,42),1,2
(96,46),1,78
(96,47),1,4
(96,58),1,49
(96,59),1,80
(96,65),1,15
(96,66),1,16
(96,69),1,22
(96,75),1,86
(96,89),1,76
(96,92),1,84
(96,94),1,48
(96,103),1,70
(96,106),1,78
(96,107),1,60
(96,108),1,41
(96,113),1,78
(96,116),1,33
(96,117),1,61
(96,126),1,38
(96,127),1,6
(96,128),1,65
(96,138),1,22
(96,139),1,17
(96,141),1,85
(96,143),1,78
(96,146),1,47
(96,147),1,25
(96,151),1,48
(96,162),1,53
(96,180),1,70
(96,181),1,24
(96,186),1,26
(97,36),1,47
(97,44),1,59
(97,50),1,68
(97,77),1,15
(97,118),1,64
(97,126),1,33
(97,132),1,8
(97,148),1,53
(98,5),1,29
(98,17),1,23
(98,26),1,48
(98,29),1,21
(98,30),1,65
(98,31),1,44
(98,35),1,67
(98,46),1,22
(98,58),1,53
(98,64),1,86
(98,65),1,59
(98,66),1,81
(98,69),1,28
(98,75),1,78
(98,76),1,46
(98,77),1,52
(98,85),1,9
(98,89),1,47
(98,94),1,54
(98,102),1,48
(98,103),1,42
(98,105),1,80
(98,106),1,40
(98,107),1,16
(98,108),1,86
(98,113),1,67
(98,116),1,7
(98,117),1,10
(98,126),1,6
(98,128),1,72
(98,137),1,89
(98,138),1,39
(98,139),1,50
(98,140),1,17
(98,141),1,15
(98,142),1,24
(98,143),1,88
(98,147),1,71
(98,151),1,72
(98,158),1,76
(98,172),1,83
(98,175),1,61
(98,180),1,24
(98,181),1,45
(98,186),1,10
(99,44),1,87
(99,126),1,63
(100,40),1,22
(100,44),1,75
(100,126),1,88
(100,148),1,85
(101,82),1,10
(101,126),1,70
(102,5),1,52
(102,9),1,73
(102,10),1,48
(102,17),1,37
(102,26),1,25
(102,29),1,88
(102,31),1,58
(102,33),1,12
(102,34),1,51
(102,35),1,5
(102,39),1,76
(102,44),1,57
(102,46),1,56
(102,51),1,20
(102,58),1,10
(102,65),1,47
(102,66),1,31
(102,69),1,25
(102,75),1,31
(102,87),1,29
(102,89),1,29
(102,93),1,37
(102,94),1,23
(102,103),1,69
(102,106),1,63
(102,107),1,39
(102,108),1,69
(102,113),1,75
(102,116),1,72
(102,117),1,57
(102,122),1,11
(102,126),1,20
(102,127),1,46
(102,128),1,36
(102,138),1,66
(102,139),1,76
(102,140),1,34
(102,141),1,49
(102,142),1,39
(102,143),1,82
(102,147),1,72
(102,148),1,65
(102,151),1,86
(102,159),1,62
(102,162),1,58
(102,172),1,56
(102,173),1,34
(102,175),1,11
(102,180),1,17
(102,181),1,46
(102,186),1,14
(103,42),1,86
(103,44),1,73
(103,50),1,16
(103,77),1,7
(103,126),1,80
(103,148),1,43
(103,171),1,10
(104,25),1,50
(104,77),1,9
(104,126),1,6
(104,146),1,11
(105,148),1,52
(106,24),1,4
(106,77),1,51
(106,126),1,51
(106,132),1,21
(106,148),1,39
(107,50),1,41
(107,77),1,22
(107,82),1,77
(107,126),1,12
(107,148),1,10
(108,40),1,3
(108,50),1,1
(108,68),1,14
(108,126),1,74
(108,148),1,60
(109,26),1,40
(109,31),1,59
(109,66),1,1
(109,69),1,65
(109,127),1,60
(109,148),1,49
(110,5),1,27
(110,16),1,49
(110,17),1,80
(110,26),1,78
(110,29),1,29
(110,31),1,43
(110,33),1,12
(110,35),1,49
(110,46),1,33
(110,50),1,75
(110,58),1,77
(110,65),1,29
(110,66),1,53
(110,69),1,40
(110,75),1,80
(110,77),1,74
(110,89),1,14
(110,91),1,88
(110,92),1,29
(110,99),1,68
(110,101),1,85
(110,103),1,21
(110,106),1,74
(110,108),1,83
(110,113),1,23
(110,116),1,14
(110,117),1,88
(110,122),1,32
(110,125),1,57
(110,126),1,65
(110,128),1,16
(110,137),1,11
(110,138),1,27
(110,139),1,41
(110,140),1,55
(110,141),1,38
(110,142),1,28
(110,143),1,43
(110,147),1,25
(110,148),1,33
(110,151),1,40
(110,162),1,12
(110,172),1,8
(110,180),1,82
(110,181),1,56
(110,186),1,56
(111,44),1,68
(111,126),1,87
(111,148),1,77
(112,14),1,32
(112,77),1,23
(112,126),1,52
(112,132),1,16
(112,146),1,8
(113,126),1,38
(114,5),1,13
(114,9),1,72
(114,13),1,53
(114,17),1,77
(114,26),1,42
(114,28),1,65
(114,29),1,18
(114,31),1,16
(114,33),1,39
(114,35),1,15
(114,44),1,33
(114,46),1,1
(114,49),1,25
(114,58),1,51
(114,65),1,62
(114,66),1,33
(114,69),1,65
(114,75),1,55
(114,77),1,38
(114,87),1,58
(114,89),1,35
(114,91),1,8
(114,92),1,13
(114,103),1,41
(114,106),1,71
(114,107),1,30
(114,108),1,34
(114,116),1,58
(114,117),1,75
(114,122),1,2
(114,126),1,76
(114,127),1,48
(114,128),1,11
(114,138),1,58
(114,139),1,56
(114,141),1,85
(114,142),1,66
(114,143),1,21
(114,146),1,26
(114,148),1,25
(114,151),1,87
(114,152),1,31
(114,162),1,40
(114,172),1,41
(114,180),1,55
(114,181),1,66
(114,185),1,40
(114,186),1,82
(115,42),1,70
(115,44),1,69
(115,112),1,24
(115,126),1,11
(115,148),1,12
(116,10),1,56
(116,42),1,52
(116,77),1,52
(116,126),1,17
(116,146),1,58
(117,42),1,56
(117,68),1,23
(117,126),1,36
(117,148),1,61
(118,26),1,79
(118,31),1,6
(118,66),1,79
(118,69),1,5
(118,107),1,64
(118,127),1,20
(119,9),1,16
(119,26),1,55
(119,31),1,12
(119,66),1,85
(119,69),1,12
(119,107),1,5
(119,127),1,67
(120,5),1,51
(120,17),1,8
(120,26),1,78
(120,29),1,76
(120,31),1,11
(120,33),1,36
(120,35),1,37
(120,44),1,36
(120,46),1,53
(120,50),1,45
(120,51),1,23
(120,52),1,61
(120,58),1,11
(120,65),1,46
(120,66),1,35
(120,69),1,46
(120,75),1,34
(120,77),1,5
(120,89),1,41
(120,92),1,51
(120,94),1,6
(120,103),1,7
(120,106),1,45
(120,108),1,54
(120,113),1,60
(120,116),1,7
(120,117),1,33
(120,126),1,79
(120,128),1,38
(120,135),1,7
(120,137),1,56
(120,138),1,63
(120,139),1,72
(120,140),1,68
(120,141),1,28
(120,142),1,74
(120,143),1,34
(120,147),1,65
(120,148),1,39
(120,151),1,70
(120,152),1,35
(120,162),1,61
(120,172),1,44
(120,181),1,30
(120,186),1,29
(121,3),1,12
(121,5),1,53
(121,17),1,41
(121,26),1,38
(121,29),1,76
(121,31),1,20
(121,35),1,37
(121,40),1,40
(121,46),1,81
(121,50),1,33
(121,58),1,39
(121,65),1,47
(121,66),1,33
(121,69),1,30
(121,75),1,48
(121,76),1,45
(121,80),1,83
(121,86),1,70
(121,89),1,48
(121,103),1,56
(121,106),1,13
(121,108),1,22
(121,111),1,57
(121,113),1,73
(121,117),1,81
(121,126),1,84
(121,127),1,89
(121,128),1,11
(121,135),1,71
(121,137),1,74
(121,138),1,15
(121,139),1,26
(121,140),1,87
(121,142),1,52
(121,143),1,45
(121,147),1,76
(121,151),1,72
(121,162),1,29
(121,180),1,78
(121,184),1,49
(121,186),1,5
(121,189),1,82
(122,37),1,78
(122,44),1,71
(122,85),1,39
(122,114),1,18
(122,126),1,35
(123,5),1,21
(123,13),1,63
(123,24),1,85
(123,26),1,23
(123,28),1,10
(123,29),1,47
(123,31),1,29
(123,33),1,60
(123,34),1,77
(123,35),1,51
(123,38),1,33
(123,44),1,78
(123,46),1,37
(123,50),1,33
(123,58),1,29
(123,65),1,85
(123,66),1,69
(123,69),1,67
(123,75),1,54
(123,87),1,82
(123,89),1,51
(123,92),1,36
(123,94),1,26
(123,103),1,77
(123,106),1,5
(123,107),1,32
(123,108),1,29
(123,113),1,3
(123,116),1,44
(123,117),1,64
(123,122),1,43
(123,125),1,71
(123,126),1,22
(123,127),1,81
(123,128),1,6
(123,137),1,43
(123,138),1,54
(123,139),1,3
(123,141),1,74
(123,142),1,11
(123,143),1,7
(123,147),1,52
(123,150),1,23
(123,151),1,73
(123,162),1,88
(123,180),1,0
(123,181),1,42
(123,186),1,50
(124,5),1,14
(124,7),1,54
(124,13),1,57
(124,16),1,38
(124,17),1,3
(124,26),1,71
(124,29),1,42
(124,31),1,18
(124,33),1,73
(124,34),1,10
(124,35),1,56
(124,46),1,62
(124,49),1,47
(124,58),1,56
(124,59),1,37
(124,65),1,35
(124,66),1,20
(124,69),1,74
(124,75),1,64
(124,78),1,12
(124,89),1,35
(124,94),1,29
(124,103),1,72
(124,106),1,41
(124,107),1,63
(124,108),1,53
(124,112),1,59
(124,113),1,33
(124,117),1,56
(124,126),1,38
(124,128),1,61
(124,138),1,88
(124,139),1,79
(124,140),1,36
(124,141),1,37
(124,142),1,39
(124,143),1,62
(124,147),1,44
(124,151),1,79
(124,152),1,12
(124,162),1,66
(124,181),1,57
(124,186),1,52
(125,50),1,42
(125,126),1,9
(125,132),1,42
(125,148),1,82
(126,9),1,4
(126,26),1,58
(126,31),1,59
(126,66),1,40
(126,69),1,59
(126,107),1,4
(126,127),1,40
(126,175),1,1
(127,77),1,31
(127,112),1,64
(127,126),1,28
(127,148),1,15
(128,26),1,2
(128,31),1,76
(128,66),1,80
(128,69),1,13
(128,107),1,44
(129,5),1,20
(129,9),1,68
(129,17),1,15
(129,26),1,47
(129,28),1,86
(129,29),1,51
(129,31),1,32
(129,34),1,60
(129,35),1,32
(129,46),1,12
(129,50),1,86
(129,58),1,65
(129,66),1,69
(129,69),1,33
(129,75),1,88
(129,80),1,4
(129,89),1,16
(129,93),1,37
(129,94),1,86
(129,102),1,30
(129,103),1,40
(129,105),1,13
(129,106),1,52
(129,108),1,25
(129,116),1,15
(129,117),1,4
(129,122),1,12
(129,125),1,46
(129,126),1,34
(129,128),1,54
(129,137),1,76
(129,138),1,26
(129,139),1,6
(129,140),1,33
(129,142),1,82
(129,143),1,30
(129,146),1,41
(129,148),1,0
(129,151),1,86
(129,162),1,3
(129,172),1,7
(129,175),1,27
(129,181),1,70
(129,186),1,25
(130,26),1,62
(130,31),1,11
(130,66),1,61
(130,69),1,1
(130,107),1,36
(130,127),1,23
(130,175),1,37
(131,44),1,24
(131,50),1,86
(131,112),1,18
(131,126),1,83
(132,42),1,16
(132,44),1,40
(132,50),1,76
(132,77),1,81
(132,126),1,31
(132,146),1,23
(132,148),1,18
(133,9),1,54
(133,26),1,70
(133,31),1,29
(133,66),1,39
(133,69),1,30
(133,107),1,55
(133,127),1,49
(133,148),1,89
(134,126),1,88
(135,5),1,50
(135,9),1,71
(135,13),1,67
(135,17),1,45
(135,26),1,78
(135,29),1,69
(135,31),1,9
(135,35),1,42
(135,44),1,60
(135,46),1,17
(135,58),1,28
(135,65),1,47
(135,66),1,35
(135,69),1,28
(135,75),1,80
(135,87),1,49
(135,89),1,88
(135,94),1,11
(135,101),1,33
(135,103),1,6
(135,106),1,38
(135,108),1,42
(135,113),1,14
(135,117),1,20
(135,122),1,39
(135,125),1,11
(135,126),1,83
(135,128),1,79
(135,132),1,27
(135,137),1,47
(135,138),1,11
(135,139),1,35
(135,141),1,10
(135,143),1,76
(135,150),1,11
(135,151),1,12
(135,162),1,14
(135,173),1,80
(135,180),1,60
(135,186),1,60
(135,187),1,70
(136,40),1,12
(136,42),1,28
(136,126),1,51
(136,132),1,76
(136,148),1,3
(137,26),1,5
(137,31),1,64
(137,66),1,40
(137,69),1,40
(137,148),1,34
(138,42),1,19
(138,126),1,78
(138,132),1,6
(138,148),1,77
(139,40),1,89
(139,44),1,33
(139,126),1,30
(140,24),1,20
(140,37),1,48
(140,77),1,75
(140,126),1,59
(140,148),1,36
(141,40),1,63
(141,44),1,23
(141,77),1,36
(141,126),1,87
(141,148),1,65
(142,24),1,84
(142,82),1,56
(142,126),1,37
(142,146),1,82
(143,26),1,63
(143,31),1,8
(143,66),1,37
(143,69),1,86
(143,107),1,55
(143,127),1,26
(143,148),1,28
(144,44),1,63
(144,77),1,87
(144,126),1,79
(144,184),1,17
(145,24),1,38
(145,40),1,40
(145,50),1,75
(145,126),1,71
(145,132),1,67
(146,40),1,60
(146,42),1,14
(146,126),1,18
(146,132),1,51
(146,148),1,13
(147,50),1,10
(147,77),1,83
(147,85),1,77
(147,126),1,59
(147,132),1,16
(147,148),1,17
(148,5),1,73
(148,13),1,10
(148,22),1,86
(148,26),1,0
(148,28),1,55
(148,29),1,65
(148,31),1,59
(148,33),1,82
(148,34),1,4
(148,35),1,80
(148,39),1,31
(148,46),1,9
(148,58),1,88
(148,59),1,13
(148,62),1,44
(148,65),1,48
(148,66),1,76
(148,69),1,37
(148,75),1,25
(148,89),1,14
(148,94),1,66
(148,103),1,15
(148,106),1,41
(148,108),1,19
(148,113),1,28
(148,117),1,89
(148,122),1,20
(148,125),1,12
(148,126),1,61
(148,127),1,19
(148,128),1,58
(148,137),1,35
(148,138),1,81
(148,139),1,61
(148,141),1,56
(148,142),1,48
(148,143),1,67
(148,147),1,24
(148,151),1,89
(148,152),1,3
(148,162),1,82
(148,168),1,21
(148,173),1,78
(148,180),1,62
(148,185),1,11
(148,186),1,45
(149,5),1,17
(149,14),1,53
(149,17),1,87
(149,26),1,29
(149,28),1,14
(149,29),1,24
(149,31),1,61
(149,33),1,6
(149,35),1,29
(149,38),1,34
(149,46),1,7
(149,58),1,76
(149,64),1,13
(149,65),1,69
(149,66),1,56
(149,69),1,81
(149,75),1,75
(149,89),1,86
(149,94),1,40
(149,103),1,14
(149,106),1,13
(149,108),1,30
(149,113),1,24
(149,117),1,20
(149,122),1,54
(149,125),1,1
(149,126),1,45
(149,127),1,24
(149,128),1,8
(149,137),1,62
(149,138),1,76
(149,139),1,76
(149,140),1,21
(149,141),1,18
(149,143),1,83
(149,147),1,39
(149,148),1,47
(149,151),1,41
(149,162),1,6
(149,172),1,61
(149,181),1,66
(149,186),1,73
(150,44),1,39
(150,112),1,16
(150,126),1,57
(150,132),1,11
(150,148),1,68
(151,44),1,85
(151,50),1,25
(151,82),1,44
(151,126),1,17
(151,148),1,29
(152,5),1,43
(152,17),1,42
(152,26),1,67
(152,28),1,13
(152,29),1,21
(152,31),1,26
(152,33),1,41
(152,35),1,7
(152,46),1,1
(152,49),1,20
(152,58),1,59
(152,65),1,44
(152,66),1,12
(152,69),1,35
(152,75),1,6
(152,76),1,60
(152,84),1,51
(152,89),1,0
(152,93),1,66
(152,103),1,27
(152,106),1,4
(152,108),1,22
(152,116),1,35
(152,117),1,41
(152,122),1,46
(152,126),1,80
(152,127),1,13
(152,128),1,50
(152,132),1,75
(152,137),1,5
(152,138),1,76
(152,139),1,18
(152,140),1,28
(152,141),1,61
(152,142),1,13
(152,143),1,50
(152,147),1,59
(152,148),1,52
(152,151),1,32
(152,155),1,7
(152,162),1,39
(152,175),1,1
(152,181),1,73
(152,182),1,12
(152,186),1,41
(153,9),1,36
(153,25),1,55
(153,26),1,27
(153,31),1,53
(153,66),1,50
(153,69),1,27
(153,105),1,31
(153,107),1,49
(153,127),1,1
(153,148),1,27
(154,82),1,9
(154,112),1,17
(154,126),1,34
(154,132),1,29
(154,148),1,75
(155,74),1,34
(155,126),1,76
(156,5),1,80
(156,12),1,78
(156,13),1,20
(156,16),1,10
(156,26),1,19
(156,29),1,75
(156,31),1,42
(156,33),1,18
(156,35),1,73
(156,38),1,13
(156,46),1,66
(156,50),1,81
(156,58),1,79
(156,65),1,36
(156,66),1,13
(156,69),1,73
(156,75),1,69
(156,89),1,37
(156,94),1,19
(156,101),1,31
(156,103),1,88
(156,106),1,19
(156,108),1,68
(156,116),1,86
(156,117),1,23
(156,122),1,32
(156,125),1,65
(156,126),1,49
(156,127),1,37
(156,128),1,85
(156,138),1,3
(156,139),1,2
(156,141),1,28
(156,142),1,14
(156,143),1,16
(156,147),1,62
(156,148),1,14
(156,151),1,40
(156,162),1,57
(156,175),1,43
(156,180),1,63
(156,181),1,40
(156,186),1,22
(157,24),1,19
(157,42),1,12
(157,44),1,35
(157,50),1,38
(157,126),1,26
(157,148),1,62
(158,5),1,73
(158,9),1,57
(158,13),1,45
(158,16),1,59
(158,17),1,75
(158,26),1,59
(158,29),1,46
(158,31),1,35
(158,33),1,73
(158,35),1,69
(158,44),1,48
(158,46),1,40
(158,49),1,34
(158,58),1,38
(158,59),1,11
(158,66),1,33
(158,69),1,61
(158,75),1,28
(158,77),1,89
(158,87),1,76
(158,89),1,78
(158,92),1,52
(158,94),1,27
(158,103),1,1
(158,106),1,55
(158,108),1,22
(158,113),1,14
(158,116),1,35
(158,117),1,58
(158,122),1,82
(158,125),1,14
(158,126),1,39
(158,128),1,2
(158,137),1,65
(158,138),1,33
(158,139),1,22
(158,141),1,79
(158,142),1,21
(158,143),1,81
(158,147),1,17
(158,151),1,85
(158,172),1,73
(158,180),1,33
(158,181),1,18
(158,186),1,87
(159,24),1,39
(159,77),1,5
(159,126),1,69
(159,148),1,85
(159,171),1,6
(160,114),1,44
(160,126),1,87
(160,148),1,50
(161,40),1,74
(161,44),1,79
(161,112),1,25
(161,126),1,7
(161,132),1,39
(162,68),1,84
(162,77),1,2
(162,126),1,53
(162,148),1,86
(163,40),1,1
(163,77),1,44
(163,126),1,76
(164,26),1,51
(164,31),1,11
(164,66),1,80
(164,69),1,48
(164,105),1,77
(164,127),1,19
(164,148),1,71
(165,5),1,60
(165,10),1,75
(165,13),1,15
(165,26),1,78
(165,29),1,10
(165,31),1,21
(165,34),1,64
(165,35),1,78
(165,39),1,75
(165,44),1,86
(165,46),1,75
(165,58),1,27
(165,59),1,50
(165,65),1,23
(165,66),1,84
(165,69),1,33
(165,75),1,33
(165,77),1,66
(165,87),1,66
(165,89),1,25
(165,91),1,77
(165,93),1,44
(165,101),1,45
(165,103),1,41
(165,106),1,64
(165,107),1,7
(165,108),1,63
(165,113),1,16
(165,116),1,25
(165,117),1,48
(165,122),1,85
(165,125),1,28
(165,126),1,19
(165,127),1,5
(165,128),1,25
(165,137),1,89
(165,138),1,1
(165,139),1,51
(165,140),1,26
(165,141),1,13
(165,142),1,0
(165,143),1,17
(165,147),1,44
(165,151),1,48
(165,172),1,79
(165,180),1,44
(165,181),1,4
(165,186),1,15
(166,22),1,12
(166,24),1,86
(166,40),1,78
(166,77),1,75
(166,126),1,5
(166,132),1,23
(166,148),1,75
(167,44),1,16
(167,77),1,5
(167,126),1,41
(167,148),1,83
(168,126),1,7
(169,5),1,30
(169,17),1,4
(169,22),1,24
(169,26),1,49
(169,28),1,50
(169,29),1,15
(169,31),1,16
(169,34),1,31
(169,35),1,52
(169,44),1,68
(169,46),1,3
(169,53),1,31
(169,58),1,62
(169,59),1,15
(169,65),1,53
(169,66),1,48
(169,69),1,57
(169,75),1,36
(169,76),1,2
(169,77),1,76
(169,89),1,75
(169,101),1,86
(169,103),1,73
(169,106),1,25
(169,108),1,71
(169,113),1,36
(169,117),1,79
(169,122),1,81
(169,125),1,19
(169,126),1,28
(169,128),1,47
(169,132),1,73
(169,137),1,42
(169,138),1,42
(169,139),1,33
(169,143),1,30
(169,147),1,28
(169,151),1,41
(169,152),1,54
(169,175),1,79
(169,186),1,41
(170,3),1,15
(170,5),1,18
(170,9),1,61
(170,13),1,48
(170,26),1,30
(170,29),1,65
(170,31),1,20
(170,33),1,88
(170,34),1,20
(170,35),1,70
(170,44),1,77
(170,46),1,16
(170,50),1,81
(170,58),1,29
(170,59),1,31
(170,64),1,63
(170,65),1,85
(170,66),1,24
(170,69),1,89
(170,75),1,66
(170,87),1,71
(170,89),1,51
(170,91),1,43
(170,92),1,33
(170,103),1,50
(170,105),1,44
(170,106),1,26
(170,107),1,80
(170,108),1,46
(170,113),1,5
(170,117),1,49
(170,120),1,11
(170,122),1,41
(170,126),1,21
(170,127),1,42
(170,128),1,20
(170,132),1,81
(170,138),1,34
(170,139),1,52
(170,141),1,68
(170,142),1,25
(170,143),1,57
(170,147),1,61
(170,151),1,57
(170,152),1,79
(170,173),1,55
(170,180),1,3
(170,181),1,23
(170,186),1,74
(171,44),1,1
(171,82),1,17
(171,112),1,39
(171,126),1,69
(171,132),1,21
(172,40),1,32
(172,44),1,53
(172,77),1,3
(172,97),1,49
(172,126),1,88
(172,132),1,78
(172,148),1,47
(173,9),1,87
(173,26),1,3
(173,31),1,39
(173,66),1,51
(173,69),1,69
(173,107),1,86
(173,127),1,27
(173,148),1,32
(174,26),1,39
(174,31),1,17
(174,66),1,5
(174,107),1,0
(175,36),1,13
(175,77),1,23
(175,85),1,71
(175,126),1,35
(175,132),1,71
(175,148),1,80
(176,26),1,3
(176,27),1,48
(176,31),1,16
(176,66),1,63
(176,69),1,62
(176,127),1,69
(176,175),1,13
(177,5),1,83
(177,10),1,43
(177,13),1,72
(177,17),1,13
(177,26),1,4
(177,28),1,25
(177,29),1,77
(177,31),1,79
(177,34),1,54
(177,35),1,85
(177,42),1,6
(177,44),1,49
(177,46),1,13
(177,53),1,46
(177,58),1,51
(177,59),1,87
(177,64),1,42
(177,66),1,8
(177,69),1,65
(177,75),1,15
(177,82),1,56
(177,89),1,83
(177,92),1,89
(177,103),1,22
(177,106),1,28
(177,108),1,6
(177,113),1,77
(177,117),1,19
(177,122),1,21
(177,126),1,86
(177,127),1,69
(177,128),1,79
(177,132),1,12
(177,138),1,74
(177,139),1,63
(177,140),1,50
(177,142),1,50
(177,143),1,88
(177,147),1,0
(177,148),1,13
(177,151),1,5
(177,162),1,2
(177,172),1,9
(177,180),1,23
(177,181),1,4
(177,186),1,84
(177,189),1,55
(178,40),1,67
(178,77),1,4
(178,126),1,68
(178,146),1,40
(178,148),1,72
(179,5),1,35
(179,10),1,29
(179,13),1,6
(179,16),1,66
(179,17),1,82
(179,26),1,16
(179,28),1,60
(179,29),1,34
(179,31),1,89
(179,35),1,87
(179,44),1,39
(179,46),1,9
(179,50),1,71
(179,58),1,27
(179,66),1,39
(179,69),1,41
(179,75),1,60
(179,77),1,31
(179,89),1,22
(179,93),1,67
(179,103),1,65
(179,106),1,51
(179,108),1,40
(179,113),1,39
(179,117),1,34
(179,121),1,73
(179,122),1,35
(179,125),1,32
(179,126),1,89
(179,128),1,18
(179,137),1,36
(179,138),1,42
(179,139),1,53
(179,142),1,47
(179,143),1,49
(179,151),1,48
(179,162),1,72
(179,172),1,26
(179,175),1,83
(179,181),1,45
(179,186),1,32
(180,77),1,81
(180,112),1,70
(180,126),1,35
(180,171),1,83
(181,24),1,78
(181,44),1,30
(181,50),1,52
(181,77),1,89
(181,112),1,42
(181,126),1,80
(181,146),1,47
(181,148),1,33
(182,26),1,49
(182,31),1,82
(182,66),1,40
(182,69),1,29
(182,127),1,29
(182,148),1,41
(183,5),1,40
(183,13),1,23
(183,16),1,7
(183,26),1,18
(183,29),1,51
(183,31),1,57
(183,33),1,84
(183,35),1,8
(183,44),1,75
(183,46),1,41
(183,50),1,18
(183,58),1,5
(183,65),1,64
(183,66),1,19
(183,69),1,70
(183,75),1,72
(183,80),1,61
(183,89),1,43
(183,91),1,75
(183,94),1,64
(183,99),1,64
(183,103),1,43
(183,106),1,72
(183,108),1,6
(183,110),1,85
(183,111),1,28
(183,112),1,73
(183,113),1,20
(183,116),1,7
(183,117),1,69
(183,126),1,54
(183,127),1,51
(183,128),1,41
(183,137),1,73
(183,138),1,46
(183,139),1,51
(183,141),1,78
(183,142),1,81
(183,143),1,78
(183,151),1,24
(183,172),1,66
(183,173),1,27
(183,175),1,7
(183,180),1,78
(183,186),1,13
(184,40),1,30
(184,42),1,42
(184,44),1,41
(184,77),1,44
(184,123),1,65
(184,126),1,54
(184,132),1,83
(184,148),1,48
(185,10),1,11
(185,42),1,3
(185,126),1,60
(185,171),1,81
(186,148),1,63
(187,26),1,19
(187,31),1,42
(187,66),1,35
(187,69),1,22
(187,107),1,4
(187,127),1,88
(187,148),1,19
(188,10),1,68
(188,14),1,14
(188,36),1,86
(188,40),1,27
(188,82),1,33
(188,85),1,20
(188,126),1,75
(189,5),1,60
(189,13),1,74
(189,26),1,18
(189,29),1,35
(189,31),1,52
(189,33),1,20
(189,34),1,72
(189,35),1,55
(189,39),1,49
(189,46),1,3
(189,53),1,34
(189,58),1,84
(189,65),1,58
(189,66),1,66
(189,68),1,48
(189,69),1,56
(189,75),1,58
(189,77),1,42
(189,80),1,57
(189,89),1,72
(189,94),1,86
(189,103),1,77
(189,105),1,75
(189,106),1,89
(189,107),1,38
(189,108),1,67
(189,116),1,44
(189,117),1,19
(189,122),1,14
(189,125),1,77
(189,126),1,88
(189,128),1,76
(189,137),1,46
(189,138),1,54
(189,139),1,31
(189,140),1,66
(189,141),1,65
(189,142),1,20
(189,143),1,6
(189,146),1,34
(189,147),1,7
(189,148),1,87
(189,151),1,81
(189,162),1,78
(189,172),1,34
(189,173),1,18
(189,180),1,80
(189,181),1,15
(189,186),1,19
(189,187),1,30
(190,5),1,56
(190,9),1,75
(190,13),1,43
(190,26),1,20
(190,29),1,80
(190,31),1,11
(190,33),1,62
(190,35),1,65
(190,39),1,51
(190,46),1,63
(190,58),1,70
(190,59),1,83
(190,65),1,10
(190,66),1,1
(190,69),1,8
(190,75),1,58
(190,76),1,41
(190,86),1,61
(190,89),1,43
(190,92),1,57
(190,94),1,79
(190,103),1,69
(190,106),1,64
(190,107),1,50
(190,108),1,34
(190,116),1,12
(190,117),1,16
(190,122),1,49
(190,126),1,38
(190,127),1,60
(190,128),1,4
(190,138),1,67
(190,139),1,82
(190,140),1,2
(190,141),1,88
(190,142),1,73
(190,143),1,27
(190,147),1,33
(190,151),1,73
(190,152),1,86
(190,162),1,53
(190,168),1,33
(190,172),1,57
(190,173),1,16
(190,180),1,63
(190,181),1,18
(190,186),1,66
(191,5),1,71
(191,13),1,19
(191,16),1,48
(191,17),1,57
(191,26),1,13
(191,29),1,51
(191,31),1,39
(191,33),1,87
(191,34),1,78
(191,35),1,13
(191,46),1,48
(191,53),1,9
(191,58),1,71
(191,65),1,56
(191,66),1,8
(191,69),1,38
(191,75),1,46
(191,89),1,56
(191,94),1,46
(191,103),1,72
(191,106),1,29
(191,108),1,24
(191,113),1,58
(191,117),1,33
(191,122),1,77
(191,126),1,73
(191,127),1,68
(191,128),1,85
(191,137),1,15
(191,138),1,25
(191,139),1,45
(191,140),1,82
(191,141),1,16
(191,142),1,49
(191,143),1,44
(191,147),1,2
(191,150),1,42
(191,151),1,78
(191,152),1,7
(191,157),1,44
(191,162),1,69
(191,172),1,12
(191,173),1,2
(191,175),1,75
(191,180),1,11
(191,181),1,43
(191,186),1,17
(192,9),1,6
(192,18),1,52
(192,26),1,58
(192,31),1,69
(192,66),1,10
(192,69),1,84
(192,107),1,11
(192,127),1,29
(192,159),1,48
(192,175),1,5
(193,26),1,19
(193,31),1,53
(193,66),1,30
(193,69),1,9
(193,107),1,13
(193,127),1,40
(193,148),1,52
(193,175),1,41
(194,3),1,14
(194,5),1,6
(194,9),1,38
(194,13),1,53
(194,16),1,83
(194,17),1,7
(194,26),1,12
(194,29),1,85
(194,31),1,13
(194,33),1,25
(194,35),1,67
(194,40),1,53
(194,42),1,40
(194,46),1,87
(194,50),1,50
(194,58),1,88
(194,65),1,31
(194,66),1,77
(194,69),1,38
(194,73),1,24
(194,75),1,7
(194,82),1,44
(194,89),1,19
(194,103),1,5
(194,106),1,79
(194,108),1,81
(194,110),1,76
(194,113),1,72
(194,116),1,15
(194,117),1,24
(194,122),1,12
(194,126),1,28
(194,127),1,50
(194,128),1,47
(194,138),1,18
(194,139),1,19
(194,140),1,1
(194,141),1,12
(194,142),1,79
(194,143),1,82
(194,147),1,46
(194,148),1,50
(194,151),1,80
(194,152),1,1
(194,162),1,12
(194,168),1,51
(194,175),1,48
(194,180),1,89
(194,181),1,35
(194,186),1,66
(195,24),1,37
(195,40),1,31
(195,42),1,70
(195,77),1,2
(195,126),1,62
(195,148),1,72
(196,5),1,48
(196,7),1,45
(196,17),1,28
(196,26),1,9
(196,29),1,40
(196,30),1,36
(196,31),1,74
(196,33),1,66
(196,34),1,12
(196,35),1,58
(196,39),1,0
(196,46),1,51
(196,50),1,81
(196,58),1,52
(196,65),1,34
(196,66),1,9
(196,69),1,71
(196,75),1,28
(196,89),1,25
(196,95),1,23
(196,103),1,54
(196,106),1,34
(196,108),1,53
(196,113),1,77
(196,117),1,1
(196,122),1,14
(196,125),1,84
(196,126),1,23
(196,127),1,77
(196,128),1,19
(196,138),1,88
(196,139),1,16
(196,140),1,66
(196,141),1,38
(196,142),1,64
(196,143),1,1
(196,147),1,66
(196,148),1,76
(196,151),1,86
(196,152),1,6
(196,157),1,35
(196,159),1,35
(196,162),1,29
(196,172),1,35
(196,173),1,19
(196,175),1,64
(196,181),1,77
(196,183),1,11
(196,186),1,75
(197,44),1,0
(197,77),1,85
(197,82),1,40
(197,126),1,16
(197,148),1,69
(198,77),1,9
(198,126),1,4
(198,148),1,41
(199,50),1,16
(199,126),1,43
(199,132),1,30
