Nr_Pairs = 200
Nr_NDD = 0
Nr_Arcs = 4406
0,0,1,1,2
1,0,0,1,2
2,0,1,1,2
3,0,1,1,2
4,0,1,0,2
5,0,0,1,2
6,0,1,0,2
7,0,2,1,0
8,0,0,0,1
9,0,0,0,2
10,0,1,0,1
11,0,2,0,1
12,0,0,0,2
13,0,1,1,1
14,0,0,0,2
15,0,3,1,0
16,0,0,0,2
17,0,1,0,0
18,0,1,0,2
19,0,1,0,2
20,0,1,0,1
21,0,2,0,1
22,0,0,0,2
23,0,1,0,0
24,0,1,0,1
25,0,1,0,2
26,0,1,0,0
27,0,1,0,2
28,0,2,0,2
29,0,1,0,0
30,0,2,1,0
31,0,1,2,2
32,0,0,0,2
33,0,2,0,0
34,0,1,1,2
35,0,1,1,2
36,0,0,0,1
37,0,0,0,2
38,0,2,0,2
39,0,1,2,0
40,0,0,2,2
41,0,2,0,2
42,0,1,0,2
43,0,0,1,2
44,0,1,0,0
45,0,2,1,1
46,0,1,0,2
47,0,1,0,2
48,0,3,2,0
49,0,2,0,0
50,0,1,0,2
51,0,0,0,2
52,0,2,0,0
53,0,1,3,1
54,0,2,0,0
55,0,1,0,2
56,0,1,1,0
57,0,0,0,2
58,0,1,2,1
59,0,1,1,2
60,0,0,0,2
61,0,1,2,0
62,0,0,0,2
63,0,0,2,2
64,0,0,2,2
65,0,0,0,2
66,0,1,1,2
67,0,3,0,0
68,0,0,0,2
69,0,0,0,2
70,0,1,0,2
71,0,1,0,2
72,0,3,0,1
73,0,1,0,0
74,0,0,0,2
75,0,1,1,2
76,0,0,0,2
77,0,3,1,2
78,0,0,1,2
79,0,1,0,1
80,0,1,2,1
81,0,1,0,0
82,0,1,0,0
83,0,3,0,1
84,0,1,1,2
85,0,1,0,0
86,0,0,0,2
87,0,0,0,2
88,0,0,0,2
89,0,2,0,1
90,0,0,2,2
91,0,2,0,2
92,0,1,1,2
93,0,1,0,0
94,0,2,1,1
95,0,0,0,2
96,0,1,2,0
97,0,1,0,0
98,0,1,2,0
99,0,0,0,2
100,0,0,0,2
101,0,1,0,2
102,0,1,0,2
103,0,3,0,0
104,0,1,0,0
105,0,2,2,2
106,0,2,0,0
107,0,0,1,2
108,0,1,0,2
109,0,1,0,2
110,0,1,0,0
111,0,0,1,2
112,0,1,0,0
113,0,0,0,2
114,0,1,1,2
115,0,1,0,0
116,0,1,1,2
117,0,0,0,2
118,0,2,0,2
119,0,0,1,1
120,0,0,0,2
121,0,0,0,2
122,0,0,0,2
123,0,1,0,0
124,0,1,0,2
125,0,2,2,1
126,0,3,0,0
127,0,1,0,2
128,0,1,0,1
129,0,0,1,2
130,0,0,0,2
131,0,1,3,2
132,0,2,1,0
133,0,1,0,2
134,0,1,0,2
135,0,1,0,2
136,0,0,0,2
137,0,1,2,0
138,0,1,1,2
139,0,2,0,1
140,0,1,0,0
141,0,1,0,0
142,0,0,1,2
143,0,1,1,2
144,0,1,1,2
145,0,1,1,2
146,0,1,0,0
147,0,0,1,2
148,0,1,1,2
149,0,1,0,0
150,0,1,1,2
151,0,0,0,2
152,0,0,0,2
153,0,0,0,2
154,0,0,2,2
155,0,1,1,0
156,0,1,1,2
157,0,1,0,0
158,0,0,0,2
159,0,0,0,2
160,0,0,0,2
161,0,1,0,2
162,0,1,0,0
163,0,2,0,2
164,0,0,0,2
165,0,1,0,2
166,0,1,1,1
167,0,1,2,0
168,0,1,0,0
169,0,2,2,2
170,0,2,0,2
171,0,1,1,2
172,0,3,1,0
173,0,1,0,0
174,0,1,0,0
175,0,1,0,1
176,0,1,0,2
177,0,0,0,2
178,0,1,0,2
179,0,1,0,0
180,0,1,1,2
181,0,1,1,2
182,0,0,0,2
183,0,2,2,2
184,0,0,0,2
185,0,1,0,0
186,0,1,1,2
187,0,1,1,2
188,0,1,3,2
189,0,2,2,2
190,0,1,0,0
191,0,1,0,2
192,0,0,0,2
193,0,0,0,2
194,0,2,0,2
195,0,1,0,0
196,0,1,0,2
197,0,2,0,0
198,0,1,0,2
199,0,2,1,0
(0,15),1,1
(0,30),1,1
(0,132),1,1
(0,172),1,1
(0,199),1,1
(1,5),1,1
(1,7),1,1
(1,11),1,1
(1,15),1,1
(1,16),1,1
(1,17),1,1
(1,18),1,1
(1,23),1,1
(1,26),1,1
(1,29),1,1
(1,30),1,1
(1,33),1,1
(1,35),1,1
(1,39),1,1
(1,44),1,1
(1,48),1,1
(1,49),1,1
(1,52),1,1
(1,54),1,1
(1,56),1,1
(1,61),1,1
(1,67),1,1
(1,72),1,1
(1,73),1,1
(1,79),1,1
(1,80),1,1
(1,81),1,1
(1,82),1,1
(1,85),1,1
(1,89),1,1
(1,93),1,1
(1,94),1,1
(1,96),1,1
(1,97),1,1
(1,98),1,1
(1,100),1,1
(1,103),1,1
(1,104),1,1
(1,106),1,1
(1,110),1,1
(1,112),1,1
(1,123),1,1
(1,126),1,1
(1,128),1,1
(1,132),1,1
(1,137),1,1
(1,140),1,1
(1,141),1,1
(1,146),1,1
(1,149),1,1
(1,155),1,1
(1,157),1,1
(1,162),1,1
(1,167),1,1
(1,172),1,1
(1,173),1,1
(1,174),1,1
(1,179),1,1
(1,190),1,1
(1,195),1,1
(1,197),1,1
(1,199),1,1
(2,7),1,1
(2,15),1,1
(2,30),1,1
(2,45),1,1
(2,53),1,1
(2,56),1,1
(2,78),1,1
(2,94),1,1
(2,132),1,1
(2,155),1,1
(2,172),1,1
(2,199),1,1
(3,7),1,1
(3,15),1,1
(3,30),1,1
(3,43),1,1
(3,53),1,1
(3,114),1,1
(3,132),1,1
(3,155),1,1
(3,199),1,1
(4,15),1,1
(4,30),1,1
(4,53),1,1
(4,56),1,1
(4,94),1,1
(4,132),1,1
(4,155),1,1
(4,172),1,1
(4,199),1,1
(5,13),1,1
(5,15),1,1
(5,17),1,1
(5,23),1,1
(5,26),1,1
(5,29),1,1
(5,30),1,1
(5,33),1,1
(5,39),1,1
(5,44),1,1
(5,47),1,1
(5,48),1,1
(5,49),1,1
(5,52),1,1
(5,54),1,1
(5,56),1,1
(5,61),1,1
(5,67),1,1
(5,72),1,1
(5,73),1,1
(5,81),1,1
(5,82),1,1
(5,85),1,1
(5,89),1,1
(5,93),1,1
(5,94),1,1
(5,95),1,1
(5,96),1,1
(5,97),1,1
(5,98),1,1
(5,104),1,1
(5,106),1,1
(5,110),1,1
(5,112),1,1
(5,115),1,1
(5,119),1,1
(5,123),1,1
(5,125),1,1
(5,126),1,1
(5,132),1,1
(5,140),1,1
(5,141),1,1
(5,146),1,1
(5,149),1,1
(5,157),1,1
(5,162),1,1
(5,172),1,1
(5,174),1,1
(5,175),1,1
(5,179),1,1
(5,185),1,1
(5,190),1,1
(5,195),1,1
(5,197),1,1
(5,199),1,1
(6,7),1,1
(6,15),1,1
(6,30),1,1
(6,45),1,1
(6,56),1,1
(6,94),1,1
(6,119),1,1
(6,132),1,1
(6,155),1,1
(6,166),1,1
(6,172),1,1
(6,199),1,1
(7,48),1,1
(7,61),1,1
(7,96),1,1
(7,98),1,1
(7,125),1,1
(7,137),1,1
(7,167),1,1
(8,7),1,1
(8,10),1,1
(8,15),1,1
(8,17),1,1
(8,20),1,1
(8,23),1,1
(8,26),1,1
(8,29),1,1
(8,30),1,1
(8,39),1,1
(8,44),1,1
(8,48),1,1
(8,49),1,1
(8,52),1,1
(8,54),1,1
(8,56),1,1
(8,61),1,1
(8,72),1,1
(8,73),1,1
(8,80),1,1
(8,81),1,1
(8,82),1,1
(8,83),1,1
(8,85),1,1
(8,89),1,1
(8,93),1,1
(8,94),1,1
(8,96),1,1
(8,97),1,1
(8,98),1,1
(8,103),1,1
(8,104),1,1
(8,106),1,1
(8,110),1,1
(8,112),1,1
(8,119),1,1
(8,123),1,1
(8,126),1,1
(8,128),1,1
(8,132),1,1
(8,137),1,1
(8,140),1,1
(8,141),1,1
(8,146),1,1
(8,149),1,1
(8,155),1,1
(8,157),1,1
(8,162),1,1
(8,167),1,1
(8,168),1,1
(8,172),1,1
(8,173),1,1
(8,174),1,1
(8,188),1,1
(8,197),1,1
(8,199),1,1
(9,7),1,1
(9,15),1,1
(9,17),1,1
(9,23),1,1
(9,26),1,1
(9,29),1,1
(9,30),1,1
(9,33),1,1
(9,39),1,1
(9,44),1,1
(9,45),1,1
(9,48),1,1
(9,49),1,1
(9,52),1,1
(9,54),1,1
(9,61),1,1
(9,70),1,1
(9,73),1,1
(9,81),1,1
(9,82),1,1
(9,85),1,1
(9,93),1,1
(9,96),1,1
(9,97),1,1
(9,98),1,1
(9,103),1,1
(9,104),1,1
(9,106),1,1
(9,107),1,1
(9,110),1,1
(9,112),1,1
(9,119),1,1
(9,123),1,1
(9,126),1,1
(9,132),1,1
(9,137),1,1
(9,140),1,1
(9,141),1,1
(9,146),1,1
(9,149),1,1
(9,155),1,1
(9,157),1,1
(9,162),1,1
(9,167),1,1
(9,168),1,1
(9,172),1,1
(9,174),1,1
(9,175),1,1
(9,179),1,1
(9,185),1,1
(9,195),1,1
(9,197),1,1
(9,199),1,1
(10,5),1,1
(10,15),1,1
(10,30),1,1
(10,45),1,1
(10,53),1,1
(10,132),1,1
(10,155),1,1
(10,172),1,1
(10,199),1,1
(11,39),1,1
(11,48),1,1
(11,61),1,1
(11,96),1,1
(11,98),1,1
(11,167),1,1
(11,188),1,1
(12,7),1,1
(12,15),1,1
(12,17),1,1
(12,23),1,1
(12,24),1,1
(12,26),1,1
(12,29),1,1
(12,30),1,1
(12,37),1,1
(12,43),1,1
(12,44),1,1
(12,48),1,1
(12,49),1,1
(12,52),1,1
(12,54),1,1
(12,61),1,1
(12,73),1,1
(12,79),1,1
(12,81),1,1
(12,82),1,1
(12,85),1,1
(12,89),1,1
(12,93),1,1
(12,96),1,1
(12,97),1,1
(12,98),1,1
(12,103),1,1
(12,104),1,1
(12,106),1,1
(12,107),1,1
(12,110),1,1
(12,112),1,1
(12,115),1,1
(12,123),1,1
(12,126),1,1
(12,128),1,1
(12,132),1,1
(12,137),1,1
(12,140),1,1
(12,141),1,1
(12,146),1,1
(12,149),1,1
(12,157),1,1
(12,162),1,1
(12,167),1,1
(12,168),1,1
(12,170),1,1
(12,172),1,1
(12,173),1,1
(12,174),1,1
(12,190),1,1
(12,195),1,1
(12,197),1,1
(12,199),1,1
(13,15),1,1
(13,30),1,1
(13,56),1,1
(13,94),1,1
(13,114),1,1
(13,132),1,1
(13,142),1,1
(13,147),1,1
(13,155),1,1
(13,166),1,1
(13,172),1,1
(13,199),1,1
(14,7),1,1
(14,15),1,1
(14,17),1,1
(14,23),1,1
(14,24),1,1
(14,26),1,1
(14,29),1,1
(14,30),1,1
(14,33),1,1
(14,44),1,1
(14,45),1,1
(14,48),1,1
(14,49),1,1
(14,52),1,1
(14,54),1,1
(14,56),1,1
(14,61),1,1
(14,67),1,1
(14,73),1,1
(14,81),1,1
(14,82),1,1
(14,85),1,1
(14,92),1,1
(14,93),1,1
(14,94),1,1
(14,96),1,1
(14,97),1,1
(14,98),1,1
(14,103),1,1
(14,104),1,1
(14,106),1,1
(14,110),1,1
(14,112),1,1
(14,125),1,1
(14,126),1,1
(14,132),1,1
(14,137),1,1
(14,140),1,1
(14,141),1,1
(14,146),1,1
(14,149),1,1
(14,157),1,1
(14,161),1,1
(14,162),1,1
(14,167),1,1
(14,174),1,1
(14,179),1,1
(14,189),1,1
(14,190),1,1
(14,197),1,1
(14,199),1,1
(15,188),1,1
(16,8),1,1
(16,10),1,1
(16,15),1,1
(16,17),1,1
(16,23),1,1
(16,26),1,1
(16,29),1,1
(16,30),1,1
(16,39),1,1
(16,44),1,1
(16,45),1,1
(16,48),1,1
(16,49),1,1
(16,52),1,1
(16,54),1,1
(16,61),1,1
(16,67),1,1
(16,73),1,1
(16,76),1,1
(16,79),1,1
(16,81),1,1
(16,82),1,1
(16,85),1,1
(16,89),1,1
(16,93),1,1
(16,94),1,1
(16,96),1,1
(16,97),1,1
(16,98),1,1
(16,104),1,1
(16,106),1,1
(16,110),1,1
(16,112),1,1
(16,115),1,1
(16,123),1,1
(16,126),1,1
(16,132),1,1
(16,137),1,1
(16,140),1,1
(16,141),1,1
(16,146),1,1
(16,149),1,1
(16,155),1,1
(16,157),1,1
(16,162),1,1
(16,167),1,1
(16,168),1,1
(16,172),1,1
(16,173),1,1
(16,174),1,1
(16,179),1,1
(16,189),1,1
(16,195),1,1
(16,197),1,1
(16,199),1,1
(17,5),1,1
(17,7),1,1
(17,15),1,1
(17,30),1,1
(17,45),1,1
(17,56),1,1
(17,132),1,1
(17,155),1,1
(17,172),1,1
(17,199),1,1
(18,15),1,1
(18,30),1,1
(18,119),1,1
(18,132),1,1
(18,155),1,1
(18,172),1,1
(18,199),1,1
(19,7),1,1
(19,15),1,1
(19,30),1,1
(19,56),1,1
(19,94),1,1
(19,132),1,1
(19,155),1,1
(19,199),1,1
(20,7),1,1
(20,15),1,1
(20,30),1,1
(20,56),1,1
(20,66),1,1
(20,78),1,1
(20,132),1,1
(20,147),1,1
(20,155),1,1
(20,199),1,1
(21,39),1,1
(21,48),1,1
(21,53),1,1
(21,61),1,1
(21,80),1,1
(21,96),1,1
(21,98),1,1
(21,125),1,1
(21,137),1,1
(21,167),1,1
(21,189),1,1
(22,13),1,1
(22,15),1,1
(22,17),1,1
(22,23),1,1
(22,24),1,1
(22,26),1,1
(22,29),1,1
(22,30),1,1
(22,33),1,1
(22,39),1,1
(22,44),1,1
(22,45),1,1
(22,48),1,1
(22,49),1,1
(22,52),1,1
(22,54),1,1
(22,56),1,1
(22,61),1,1
(22,67),1,1
(22,73),1,1
(22,78),1,1
(22,79),1,1
(22,81),1,1
(22,82),1,1
(22,83),1,1
(22,85),1,1
(22,93),1,1
(22,96),1,1
(22,97),1,1
(22,98),1,1
(22,103),1,1
(22,104),1,1
(22,106),1,1
(22,110),1,1
(22,112),1,1
(22,115),1,1
(22,119),1,1
(22,123),1,1
(22,126),1,1
(22,128),1,1
(22,132),1,1
(22,139),1,1
(22,140),1,1
(22,141),1,1
(22,146),1,1
(22,149),1,1
(22,155),1,1
(22,157),1,1
(22,162),1,1
(22,166),1,1
(22,168),1,1
(22,172),1,1
(22,173),1,1
(22,174),1,1
(22,179),1,1
(22,185),1,1
(22,189),1,1
(22,197),1,1
(22,199),1,1
(23,7),1,1
(23,15),1,1
(23,30),1,1
(23,56),1,1
(23,94),1,1
(23,132),1,1
(23,172),1,1
(23,199),1,1
(24,7),1,1
(24,13),1,1
(24,15),1,1
(24,30),1,1
(24,35),1,1
(24,53),1,1
(24,94),1,1
(24,132),1,1
(24,155),1,1
(24,172),1,1
(24,199),1,1
(25,13),1,1
(25,15),1,1
(25,30),1,1
(25,53),1,1
(25,94),1,1
(25,132),1,1
(25,155),1,1
(25,166),1,1
(25,199),1,1
(26,7),1,1
(26,15),1,1
(26,30),1,1
(26,45),1,1
(26,56),1,1
(26,119),1,1
(26,132),1,1
(26,155),1,1
(26,172),1,1
(26,199),1,1
(27,7),1,1
(27,15),1,1
(27,30),1,1
(27,56),1,1
(27,94),1,1
(27,119),1,1
(27,132),1,1
(27,148),1,1
(27,156),1,1
(27,172),1,1
(27,199),1,1
(28,48),1,1
(28,58),1,1
(28,61),1,1
(28,96),1,1
(28,98),1,1
(28,137),1,1
(28,167),1,1
(29,15),1,1
(29,30),1,1
(29,56),1,1
(29,114),1,1
(29,132),1,1
(29,155),1,1
(29,172),1,1
(29,199),1,1
(30,39),1,1
(30,48),1,1
(30,61),1,1
(30,96),1,1
(30,98),1,1
(30,137),1,1
(30,167),1,1
(31,7),1,1
(31,15),1,1
(31,30),1,1
(31,45),1,1
(31,56),1,1
(31,94),1,1
(31,132),1,1
(31,155),1,1
(31,199),1,1
(32,7),1,1
(32,13),1,1
(32,15),1,1
(32,17),1,1
(32,23),1,1
(32,26),1,1
(32,29),1,1
(32,30),1,1
(32,33),1,1
(32,36),1,1
(32,44),1,1
(32,45),1,1
(32,48),1,1
(32,49),1,1
(32,52),1,1
(32,54),1,1
(32,61),1,1
(32,67),1,1
(32,73),1,1
(32,78),1,1
(32,79),1,1
(32,81),1,1
(32,82),1,1
(32,85),1,1
(32,93),1,1
(32,96),1,1
(32,97),1,1
(32,98),1,1
(32,103),1,1
(32,104),1,1
(32,106),1,1
(32,110),1,1
(32,112),1,1
(32,119),1,1
(32,126),1,1
(32,132),1,1
(32,137),1,1
(32,139),1,1
(32,140),1,1
(32,141),1,1
(32,146),1,1
(32,149),1,1
(32,157),1,1
(32,161),1,1
(32,162),1,1
(32,167),1,1
(32,168),1,1
(32,172),1,1
(32,173),1,1
(32,174),1,1
(32,175),1,1
(32,185),1,1
(32,190),1,1
(32,197),1,1
(32,199),1,1
(33,39),1,1
(33,48),1,1
(33,58),1,1
(33,61),1,1
(33,80),1,1
(33,96),1,1
(33,98),1,1
(33,137),1,1
(33,167),1,1
(33,189),1,1
(34,5),1,1
(34,7),1,1
(34,15),1,1
(34,30),1,1
(34,53),1,1
(34,56),1,1
(34,132),1,1
(34,172),1,1
(34,199),1,1
(35,7),1,1
(35,15),1,1
(35,30),1,1
(35,53),1,1
(35,132),1,1
(35,199),1,1
(36,4),1,1
(36,7),1,1
(36,10),1,1
(36,15),1,1
(36,17),1,1
(36,23),1,1
(36,26),1,1
(36,29),1,1
(36,30),1,1
(36,33),1,1
(36,39),1,1
(36,44),1,1
(36,45),1,1
(36,48),1,1
(36,49),1,1
(36,52),1,1
(36,54),1,1
(36,56),1,1
(36,58),1,1
(36,61),1,1
(36,63),1,1
(36,67),1,1
(36,73),1,1
(36,81),1,1
(36,82),1,1
(36,85),1,1
(36,89),1,1
(36,93),1,1
(36,96),1,1
(36,97),1,1
(36,98),1,1
(36,103),1,1
(36,104),1,1
(36,106),1,1
(36,110),1,1
(36,112),1,1
(36,115),1,1
(36,126),1,1
(36,127),1,1
(36,132),1,1
(36,139),1,1
(36,140),1,1
(36,141),1,1
(36,146),1,1
(36,149),1,1
(36,157),1,1
(36,162),1,1
(36,163),1,1
(36,167),1,1
(36,168),1,1
(36,172),1,1
(36,174),1,1
(36,179),1,1
(36,185),1,1
(36,190),1,1
(36,197),1,1
(36,199),1,1
(37,7),1,1
(37,13),1,1
(37,15),1,1
(37,17),1,1
(37,20),1,1
(37,22),1,1
(37,23),1,1
(37,24),1,1
(37,25),1,1
(37,26),1,1
(37,29),1,1
(37,30),1,1
(37,33),1,1
(37,39),1,1
(37,44),1,1
(37,48),1,1
(37,49),1,1
(37,52),1,1
(37,54),1,1
(37,56),1,1
(37,58),1,1
(37,61),1,1
(37,67),1,1
(37,73),1,1
(37,81),1,1
(37,82),1,1
(37,83),1,1
(37,85),1,1
(37,89),1,1
(37,93),1,1
(37,96),1,1
(37,97),1,1
(37,98),1,1
(37,100),1,1
(37,103),1,1
(37,104),1,1
(37,106),1,1
(37,110),1,1
(37,112),1,1
(37,115),1,1
(37,123),1,1
(37,126),1,1
(37,132),1,1
(37,140),1,1
(37,141),1,1
(37,146),1,1
(37,149),1,1
(37,157),1,1
(37,162),1,1
(37,163),1,1
(37,167),1,1
(37,168),1,1
(37,172),1,1
(37,173),1,1
(37,174),1,1
(37,179),1,1
(37,185),1,1
(37,189),1,1
(37,190),1,1
(37,195),1,1
(37,197),1,1
(37,199),1,1
(38,39),1,1
(38,48),1,1
(38,53),1,1
(38,61),1,1
(38,96),1,1
(38,98),1,1
(38,137),1,1
(38,167),1,1
(39,7),1,1
(39,15),1,1
(39,30),1,1
(39,132),1,1
(39,155),1,1
(39,172),1,1
(39,199),1,1
(40,7),1,1
(40,8),1,1
(40,15),1,1
(40,17),1,1
(40,20),1,1
(40,21),1,1
(40,23),1,1
(40,26),1,1
(40,29),1,1
(40,30),1,1
(40,33),1,1
(40,44),1,1
(40,45),1,1
(40,48),1,1
(40,49),1,1
(40,52),1,1
(40,54),1,1
(40,56),1,1
(40,61),1,1
(40,67),1,1
(40,73),1,1
(40,79),1,1
(40,81),1,1
(40,82),1,1
(40,85),1,1
(40,93),1,1
(40,96),1,1
(40,97),1,1
(40,98),1,1
(40,103),1,1
(40,104),1,1
(40,106),1,1
(40,110),1,1
(40,112),1,1
(40,115),1,1
(40,123),1,1
(40,126),1,1
(40,132),1,1
(40,137),1,1
(40,140),1,1
(40,141),1,1
(40,146),1,1
(40,149),1,1
(40,157),1,1
(40,162),1,1
(40,166),1,1
(40,167),1,1
(40,172),1,1
(40,173),1,1
(40,174),1,1
(40,179),1,1
(40,185),1,1
(40,197),1,1
(40,199),1,1
(41,39),1,1
(41,48),1,1
(41,61),1,1
(41,96),1,1
(41,98),1,1
(41,167),1,1
(42,7),1,1
(42,15),1,1
(42,30),1,1
(42,56),1,1
(42,94),1,1
(42,107),1,1
(42,132),1,1
(42,155),1,1
(42,172),1,1
(42,199),1,1
(43,13),1,1
(43,15),1,1
(43,17),1,1
(43,23),1,1
(43,26),1,1
(43,28),1,1
(43,29),1,1
(43,30),1,1
(43,33),1,1
(43,39),1,1
(43,44),1,1
(43,48),1,1
(43,49),1,1
(43,52),1,1
(43,54),1,1
(43,56),1,1
(43,61),1,1
(43,67),1,1
(43,73),1,1
(43,79),1,1
(43,82),1,1
(43,85),1,1
(43,93),1,1
(43,96),1,1
(43,97),1,1
(43,98),1,1
(43,104),1,1
(43,106),1,1
(43,110),1,1
(43,112),1,1
(43,115),1,1
(43,123),1,1
(43,126),1,1
(43,132),1,1
(43,137),1,1
(43,140),1,1
(43,141),1,1
(43,146),1,1
(43,149),1,1
(43,155),1,1
(43,157),1,1
(43,162),1,1
(43,168),1,1
(43,174),1,1
(43,185),1,1
(43,197),1,1
(43,199),1,1
(44,15),1,1
(44,30),1,1
(44,45),1,1
(44,56),1,1
(44,132),1,1
(44,155),1,1
(44,199),1,1
(45,39),1,1
(45,48),1,1
(45,61),1,1
(45,96),1,1
(45,98),1,1
(45,167),1,1
(46,7),1,1
(46,15),1,1
(46,30),1,1
(46,45),1,1
(46,94),1,1
(46,111),1,1
(46,132),1,1
(46,155),1,1
(46,171),1,1
(46,172),1,1
(46,181),1,1
(46,199),1,1
(47,5),1,1
(47,15),1,1
(47,30),1,1
(47,45),1,1
(47,132),1,1
(47,155),1,1
(47,172),1,1
(47,199),1,1
(49,39),1,1
(49,48),1,1
(49,61),1,1
(49,63),1,1
(49,96),1,1
(49,98),1,1
(49,167),1,1
(49,188),1,1
(50,7),1,1
(50,15),1,1
(50,30),1,1
(50,56),1,1
(50,132),1,1
(50,155),1,1
(50,172),1,1
(50,199),1,1
(51,15),1,1
(51,17),1,1
(51,23),1,1
(51,24),1,1
(51,26),1,1
(51,29),1,1
(51,30),1,1
(51,44),1,1
(51,45),1,1
(51,48),1,1
(51,49),1,1
(51,52),1,1
(51,54),1,1
(51,61),1,1
(51,67),1,1
(51,72),1,1
(51,73),1,1
(51,80),1,1
(51,81),1,1
(51,82),1,1
(51,83),1,1
(51,85),1,1
(51,93),1,1
(51,94),1,1
(51,96),1,1
(51,97),1,1
(51,98),1,1
(51,103),1,1
(51,104),1,1
(51,106),1,1
(51,110),1,1
(51,112),1,1
(51,123),1,1
(51,126),1,1
(51,128),1,1
(51,132),1,1
(51,137),1,1
(51,139),1,1
(51,140),1,1
(51,141),1,1
(51,146),1,1
(51,149),1,1
(51,157),1,1
(51,162),1,1
(51,164),1,1
(51,166),1,1
(51,167),1,1
(51,168),1,1
(51,172),1,1
(51,174),1,1
(51,179),1,1
(51,185),1,1
(51,190),1,1
(51,197),1,1
(51,199),1,1
(52,48),1,1
(52,61),1,1
(52,80),1,1
(52,96),1,1
(52,98),1,1
(52,137),1,1
(52,167),1,1
(53,7),1,1
(53,15),1,1
(53,30),1,1
(53,56),1,1
(53,94),1,1
(53,132),1,1
(53,155),1,1
(53,172),1,1
(53,199),1,1
(54,39),1,1
(54,48),1,1
(54,61),1,1
(54,80),1,1
(54,96),1,1
(54,98),1,1
(54,137),1,1
(54,167),1,1
(55,7),1,1
(55,15),1,1
(55,30),1,1
(55,56),1,1
(55,94),1,1
(55,132),1,1
(55,155),1,1
(55,172),1,1
(55,199),1,1
(56,15),1,1
(56,30),1,1
(56,45),1,1
(56,94),1,1
(56,114),1,1
(56,119),1,1
(56,132),1,1
(56,155),1,1
(56,166),1,1
(56,199),1,1
(57,7),1,1
(57,15),1,1
(57,17),1,1
(57,23),1,1
(57,24),1,1
(57,26),1,1
(57,29),1,1
(57,30),1,1
(57,33),1,1
(57,44),1,1
(57,45),1,1
(57,48),1,1
(57,49),1,1
(57,52),1,1
(57,54),1,1
(57,56),1,1
(57,61),1,1
(57,67),1,1
(57,73),1,1
(57,79),1,1
(57,81),1,1
(57,82),1,1
(57,85),1,1
(57,93),1,1
(57,96),1,1
(57,97),1,1
(57,98),1,1
(57,103),1,1
(57,104),1,1
(57,106),1,1
(57,110),1,1
(57,112),1,1
(57,115),1,1
(57,119),1,1
(57,126),1,1
(57,132),1,1
(57,137),1,1
(57,140),1,1
(57,141),1,1
(57,146),1,1
(57,149),1,1
(57,155),1,1
(57,157),1,1
(57,161),1,1
(57,162),1,1
(57,167),1,1
(57,172),1,1
(57,173),1,1
(57,174),1,1
(57,188),1,1
(57,197),1,1
(57,199),1,1
(58,15),1,1
(58,30),1,1
(58,45),1,1
(58,56),1,1
(58,119),1,1
(58,129),1,1
(58,132),1,1
(58,155),1,1
(58,166),1,1
(58,172),1,1
(58,199),1,1
(59,13),1,1
(59,15),1,1
(59,30),1,1
(59,56),1,1
(59,132),1,1
(59,155),1,1
(59,172),1,1
(59,199),1,1
(60,8),1,1
(60,15),1,1
(60,17),1,1
(60,23),1,1
(60,26),1,1
(60,29),1,1
(60,30),1,1
(60,33),1,1
(60,39),1,1
(60,44),1,1
(60,48),1,1
(60,49),1,1
(60,52),1,1
(60,54),1,1
(60,61),1,1
(60,67),1,1
(60,73),1,1
(60,81),1,1
(60,82),1,1
(60,85),1,1
(60,89),1,1
(60,92),1,1
(60,93),1,1
(60,94),1,1
(60,96),1,1
(60,97),1,1
(60,98),1,1
(60,100),1,1
(60,103),1,1
(60,104),1,1
(60,106),1,1
(60,110),1,1
(60,112),1,1
(60,126),1,1
(60,132),1,1
(60,140),1,1
(60,141),1,1
(60,146),1,1
(60,149),1,1
(60,157),1,1
(60,162),1,1
(60,167),1,1
(60,168),1,1
(60,172),1,1
(60,173),1,1
(60,174),1,1
(60,185),1,1
(60,195),1,1
(60,197),1,1
(60,199),1,1
(61,7),1,1
(61,15),1,1
(61,30),1,1
(61,56),1,1
(61,132),1,1
(61,155),1,1
(61,172),1,1
(61,199),1,1
(62,5),1,1
(62,7),1,1
(62,15),1,1
(62,17),1,1
(62,23),1,1
(62,24),1,1
(62,26),1,1
(62,29),1,1
(62,30),1,1
(62,33),1,1
(62,36),1,1
(62,37),1,1
(62,39),1,1
(62,44),1,1
(62,48),1,1
(62,49),1,1
(62,52),1,1
(62,54),1,1
(62,56),1,1
(62,61),1,1
(62,67),1,1
(62,72),1,1
(62,73),1,1
(62,79),1,1
(62,81),1,1
(62,82),1,1
(62,83),1,1
(62,85),1,1
(62,89),1,1
(62,92),1,1
(62,93),1,1
(62,94),1,1
(62,96),1,1
(62,97),1,1
(62,98),1,1
(62,104),1,1
(62,106),1,1
(62,110),1,1
(62,112),1,1
(62,126),1,1
(62,127),1,1
(62,132),1,1
(62,140),1,1
(62,141),1,1
(62,143),1,1
(62,146),1,1
(62,149),1,1
(62,155),1,1
(62,157),1,1
(62,162),1,1
(62,164),1,1
(62,168),1,1
(62,172),1,1
(62,174),1,1
(62,179),1,1
(62,185),1,1
(62,190),1,1
(62,195),1,1
(62,197),1,1
(62,199),1,1
(63,7),1,1
(63,15),1,1
(63,17),1,1
(63,23),1,1
(63,26),1,1
(63,29),1,1
(63,30),1,1
(63,33),1,1
(63,36),1,1
(63,39),1,1
(63,44),1,1
(63,48),1,1
(63,49),1,1
(63,52),1,1
(63,54),1,1
(63,58),1,1
(63,61),1,1
(63,67),1,1
(63,69),1,1
(63,73),1,1
(63,81),1,1
(63,82),1,1
(63,83),1,1
(63,85),1,1
(63,93),1,1
(63,96),1,1
(63,97),1,1
(63,98),1,1
(63,103),1,1
(63,104),1,1
(63,106),1,1
(63,110),1,1
(63,112),1,1
(63,115),1,1
(63,126),1,1
(63,132),1,1
(63,140),1,1
(63,141),1,1
(63,146),1,1
(63,149),1,1
(63,155),1,1
(63,156),1,1
(63,157),1,1
(63,162),1,1
(63,167),1,1
(63,173),1,1
(63,174),1,1
(63,175),1,1
(63,179),1,1
(63,195),1,1
(63,197),1,1
(63,198),1,1
(63,199),1,1
(64,7),1,1
(64,8),1,1
(64,11),1,1
(64,15),1,1
(64,17),1,1
(64,23),1,1
(64,26),1,1
(64,29),1,1
(64,30),1,1
(64,33),1,1
(64,44),1,1
(64,45),1,1
(64,48),1,1
(64,49),1,1
(64,52),1,1
(64,54),1,1
(64,56),1,1
(64,61),1,1
(64,67),1,1
(64,72),1,1
(64,73),1,1
(64,81),1,1
(64,82),1,1
(64,85),1,1
(64,93),1,1
(64,94),1,1
(64,96),1,1
(64,97),1,1
(64,98),1,1
(64,103),1,1
(64,104),1,1
(64,106),1,1
(64,110),1,1
(64,112),1,1
(64,115),1,1
(64,123),1,1
(64,126),1,1
(64,128),1,1
(64,130),1,1
(64,132),1,1
(64,137),1,1
(64,139),1,1
(64,140),1,1
(64,141),1,1
(64,146),1,1
(64,149),1,1
(64,154),1,1
(64,155),1,1
(64,157),1,1
(64,162),1,1
(64,164),1,1
(64,167),1,1
(64,168),1,1
(64,172),1,1
(64,173),1,1
(64,174),1,1
(64,179),1,1
(64,185),1,1
(64,186),1,1
(64,190),1,1
(64,195),1,1
(64,197),1,1
(64,199),1,1
(65,4),1,1
(65,11),1,1
(65,15),1,1
(65,17),1,1
(65,23),1,1
(65,24),1,1
(65,26),1,1
(65,29),1,1
(65,30),1,1
(65,33),1,1
(65,39),1,1
(65,44),1,1
(65,48),1,1
(65,49),1,1
(65,52),1,1
(65,53),1,1
(65,54),1,1
(65,61),1,1
(65,67),1,1
(65,72),1,1
(65,73),1,1
(65,81),1,1
(65,82),1,1
(65,83),1,1
(65,85),1,1
(65,93),1,1
(65,96),1,1
(65,97),1,1
(65,98),1,1
(65,103),1,1
(65,104),1,1
(65,106),1,1
(65,110),1,1
(65,111),1,1
(65,112),1,1
(65,123),1,1
(65,126),1,1
(65,128),1,1
(65,132),1,1
(65,137),1,1
(65,139),1,1
(65,140),1,1
(65,141),1,1
(65,146),1,1
(65,149),1,1
(65,155),1,1
(65,157),1,1
(65,162),1,1
(65,167),1,1
(65,172),1,1
(65,174),1,1
(65,175),1,1
(65,179),1,1
(65,185),1,1
(65,189),1,1
(65,197),1,1
(65,199),1,1
(66,5),1,1
(66,7),1,1
(66,15),1,1
(66,30),1,1
(66,45),1,1
(66,56),1,1
(66,94),1,1
(66,132),1,1
(66,155),1,1
(66,172),1,1
(66,199),1,1
(68,0),1,1
(68,7),1,1
(68,15),1,1
(68,17),1,1
(68,23),1,1
(68,26),1,1
(68,29),1,1
(68,30),1,1
(68,39),1,1
(68,44),1,1
(68,48),1,1
(68,49),1,1
(68,52),1,1
(68,54),1,1
(68,56),1,1
(68,61),1,1
(68,63),1,1
(68,73),1,1
(68,81),1,1
(68,82),1,1
(68,83),1,1
(68,85),1,1
(68,89),1,1
(68,93),1,1
(68,96),1,1
(68,97),1,1
(68,98),1,1
(68,103),1,1
(68,104),1,1
(68,106),1,1
(68,110),1,1
(68,112),1,1
(68,115),1,1
(68,123),1,1
(68,126),1,1
(68,132),1,1
(68,137),1,1
(68,139),1,1
(68,140),1,1
(68,141),1,1
(68,146),1,1
(68,149),1,1
(68,155),1,1
(68,157),1,1
(68,162),1,1
(68,163),1,1
(68,167),1,1
(68,172),1,1
(68,173),1,1
(68,174),1,1
(68,179),1,1
(68,182),1,1
(68,185),1,1
(68,189),1,1
(68,190),1,1
(68,197),1,1
(68,199),1,1
(69,7),1,1
(69,13),1,1
(69,15),1,1
(69,17),1,1
(69,23),1,1
(69,24),1,1
(69,26),1,1
(69,29),1,1
(69,30),1,1
(69,33),1,1
(69,39),1,1
(69,44),1,1
(69,48),1,1
(69,49),1,1
(69,52),1,1
(69,53),1,1
(69,54),1,1
(69,56),1,1
(69,61),1,1
(69,67),1,1
(69,73),1,1
(69,80),1,1
(69,81),1,1
(69,82),1,1
(69,85),1,1
(69,93),1,1
(69,96),1,1
(69,97),1,1
(69,98),1,1
(69,104),1,1
(69,106),1,1
(69,110),1,1
(69,112),1,1
(69,115),1,1
(69,123),1,1
(69,125),1,1
(69,126),1,1
(69,132),1,1
(69,137),1,1
(69,140),1,1
(69,141),1,1
(69,146),1,1
(69,149),1,1
(69,155),1,1
(69,157),1,1
(69,162),1,1
(69,167),1,1
(69,173),1,1
(69,174),1,1
(69,179),1,1
(69,185),1,1
(69,189),1,1
(69,197),1,1
(69,199),1,1
(70,15),1,1
(70,30),1,1
(70,45),1,1
(70,56),1,1
(70,132),1,1
(70,155),1,1
(70,172),1,1
(70,199),1,1
(71,7),1,1
(71,15),1,1
(71,30),1,1
(71,56),1,1
(71,132),1,1
(71,155),1,1
(71,172),1,1
(71,188),1,1
(71,199),1,1
(73,13),1,1
(73,15),1,1
(73,30),1,1
(73,94),1,1
(73,132),1,1
(73,155),1,1
(73,199),1,1
(74,7),1,1
(74,10),1,1
(74,15),1,1
(74,17),1,1
(74,23),1,1
(74,26),1,1
(74,29),1,1
(74,30),1,1
(74,33),1,1
(74,36),1,1
(74,39),1,1
(74,44),1,1
(74,45),1,1
(74,48),1,1
(74,49),1,1
(74,52),1,1
(74,53),1,1
(74,54),1,1
(74,56),1,1
(74,61),1,1
(74,67),1,1
(74,72),1,1
(74,73),1,1
(74,79),1,1
(74,80),1,1
(74,81),1,1
(74,82),1,1
(74,83),1,1
(74,85),1,1
(74,93),1,1
(74,95),1,1
(74,96),1,1
(74,97),1,1
(74,98),1,1
(74,103),1,1
(74,104),1,1
(74,106),1,1
(74,110),1,1
(74,112),1,1
(74,115),1,1
(74,123),1,1
(74,126),1,1
(74,132),1,1
(74,137),1,1
(74,140),1,1
(74,141),1,1
(74,146),1,1
(74,149),1,1
(74,155),1,1
(74,157),1,1
(74,162),1,1
(74,163),1,1
(74,166),1,1
(74,167),1,1
(74,168),1,1
(74,172),1,1
(74,173),1,1
(74,174),1,1
(74,179),1,1
(74,195),1,1
(74,197),1,1
(74,198),1,1
(74,199),1,1
(75,13),1,1
(75,15),1,1
(75,30),1,1
(75,53),1,1
(75,56),1,1
(75,94),1,1
(75,131),1,1
(75,132),1,1
(75,155),1,1
(75,172),1,1
(75,199),1,1
(76,7),1,1
(76,15),1,1
(76,17),1,1
(76,21),1,1
(76,23),1,1
(76,26),1,1
(76,27),1,1
(76,29),1,1
(76,30),1,1
(76,36),1,1
(76,44),1,1
(76,46),1,1
(76,48),1,1
(76,49),1,1
(76,52),1,1
(76,53),1,1
(76,54),1,1
(76,56),1,1
(76,61),1,1
(76,67),1,1
(76,72),1,1
(76,73),1,1
(76,79),1,1
(76,81),1,1
(76,82),1,1
(76,85),1,1
(76,93),1,1
(76,96),1,1
(76,97),1,1
(76,98),1,1
(76,104),1,1
(76,106),1,1
(76,110),1,1
(76,112),1,1
(76,115),1,1
(76,121),1,1
(76,126),1,1
(76,128),1,1
(76,132),1,1
(76,137),1,1
(76,140),1,1
(76,141),1,1
(76,146),1,1
(76,149),1,1
(76,155),1,1
(76,157),1,1
(76,162),1,1
(76,167),1,1
(76,168),1,1
(76,173),1,1
(76,174),1,1
(76,179),1,1
(76,188),1,1
(76,195),1,1
(76,197),1,1
(76,198),1,1
(76,199),1,1
(78,13),1,1
(78,15),1,1
(78,17),1,1
(78,23),1,1
(78,26),1,1
(78,29),1,1
(78,30),1,1
(78,33),1,1
(78,44),1,1
(78,46),1,1
(78,48),1,1
(78,49),1,1
(78,52),1,1
(78,54),1,1
(78,56),1,1
(78,58),1,1
(78,61),1,1
(78,67),1,1
(78,73),1,1
(78,79),1,1
(78,81),1,1
(78,82),1,1
(78,83),1,1
(78,85),1,1
(78,93),1,1
(78,96),1,1
(78,97),1,1
(78,98),1,1
(78,104),1,1
(78,106),1,1
(78,110),1,1
(78,112),1,1
(78,123),1,1
(78,125),1,1
(78,126),1,1
(78,132),1,1
(78,137),1,1
(78,140),1,1
(78,141),1,1
(78,146),1,1
(78,149),1,1
(78,157),1,1
(78,162),1,1
(78,167),1,1
(78,173),1,1
(78,174),1,1
(78,179),1,1
(78,185),1,1
(78,195),1,1
(78,197),1,1
(78,199),1,1
(79,7),1,1
(79,15),1,1
(79,30),1,1
(79,45),1,1
(79,53),1,1
(79,132),1,1
(79,155),1,1
(79,199),1,1
(80,7),1,1
(80,15),1,1
(80,30),1,1
(80,94),1,1
(80,119),1,1
(80,132),1,1
(80,155),1,1
(80,172),1,1
(80,199),1,1
(81,7),1,1
(81,13),1,1
(81,15),1,1
(81,30),1,1
(81,45),1,1
(81,119),1,1
(81,132),1,1
(81,155),1,1
(81,172),1,1
(81,199),1,1
(82,15),1,1
(82,30),1,1
(82,53),1,1
(82,56),1,1
(82,94),1,1
(82,132),1,1
(82,172),1,1
(82,199),1,1
(84,5),1,1
(84,15),1,1
(84,30),1,1
(84,56),1,1
(84,92),1,1
(84,94),1,1
(84,114),1,1
(84,119),1,1
(84,132),1,1
(84,155),1,1
(84,199),1,1
(85,7),1,1
(85,15),1,1
(85,30),1,1
(85,94),1,1
(85,132),1,1
(85,155),1,1
(85,172),1,1
(85,199),1,1
(86,7),1,1
(86,15),1,1
(86,17),1,1
(86,23),1,1
(86,26),1,1
(86,29),1,1
(86,30),1,1
(86,33),1,1
(86,39),1,1
(86,44),1,1
(86,48),1,1
(86,49),1,1
(86,52),1,1
(86,54),1,1
(86,56),1,1
(86,58),1,1
(86,61),1,1
(86,67),1,1
(86,72),1,1
(86,73),1,1
(86,81),1,1
(86,82),1,1
(86,85),1,1
(86,93),1,1
(86,94),1,1
(86,96),1,1
(86,97),1,1
(86,98),1,1
(86,103),1,1
(86,104),1,1
(86,106),1,1
(86,110),1,1
(86,111),1,1
(86,112),1,1
(86,119),1,1
(86,123),1,1
(86,126),1,1
(86,127),1,1
(86,132),1,1
(86,139),1,1
(86,140),1,1
(86,141),1,1
(86,146),1,1
(86,149),1,1
(86,155),1,1
(86,157),1,1
(86,162),1,1
(86,167),1,1
(86,168),1,1
(86,172),1,1
(86,173),1,1
(86,174),1,1
(86,195),1,1
(86,197),1,1
(86,199),1,1
(87,5),1,1
(87,7),1,1
(87,10),1,1
(87,11),1,1
(87,15),1,1
(87,17),1,1
(87,21),1,1
(87,23),1,1
(87,24),1,1
(87,26),1,1
(87,29),1,1
(87,30),1,1
(87,33),1,1
(87,44),1,1
(87,48),1,1
(87,49),1,1
(87,52),1,1
(87,53),1,1
(87,54),1,1
(87,56),1,1
(87,61),1,1
(87,67),1,1
(87,73),1,1
(87,81),1,1
(87,82),1,1
(87,83),1,1
(87,85),1,1
(87,89),1,1
(87,93),1,1
(87,96),1,1
(87,97),1,1
(87,98),1,1
(87,100),1,1
(87,103),1,1
(87,104),1,1
(87,106),1,1
(87,110),1,1
(87,112),1,1
(87,114),1,1
(87,115),1,1
(87,123),1,1
(87,126),1,1
(87,132),1,1
(87,137),1,1
(87,140),1,1
(87,141),1,1
(87,146),1,1
(87,149),1,1
(87,155),1,1
(87,157),1,1
(87,162),1,1
(87,167),1,1
(87,172),1,1
(87,173),1,1
(87,174),1,1
(87,179),1,1
(87,185),1,1
(87,195),1,1
(87,197),1,1
(87,199),1,1
(88,7),1,1
(88,11),1,1
(88,13),1,1
(88,15),1,1
(88,17),1,1
(88,23),1,1
(88,26),1,1
(88,29),1,1
(88,30),1,1
(88,33),1,1
(88,39),1,1
(88,44),1,1
(88,48),1,1
(88,49),1,1
(88,52),1,1
(88,54),1,1
(88,58),1,1
(88,61),1,1
(88,67),1,1
(88,73),1,1
(88,81),1,1
(88,82),1,1
(88,83),1,1
(88,85),1,1
(88,89),1,1
(88,93),1,1
(88,96),1,1
(88,97),1,1
(88,98),1,1
(88,103),1,1
(88,104),1,1
(88,106),1,1
(88,110),1,1
(88,112),1,1
(88,123),1,1
(88,125),1,1
(88,126),1,1
(88,128),1,1
(88,132),1,1
(88,137),1,1
(88,140),1,1
(88,141),1,1
(88,146),1,1
(88,149),1,1
(88,155),1,1
(88,157),1,1
(88,162),1,1
(88,168),1,1
(88,172),1,1
(88,173),1,1
(88,174),1,1
(88,179),1,1
(88,185),1,1
(88,190),1,1
(88,195),1,1
(88,197),1,1
(88,199),1,1
(89,48),1,1
(89,61),1,1
(89,64),1,1
(89,80),1,1
(89,96),1,1
(89,98),1,1
(89,137),1,1
(89,167),1,1
(90,13),1,1
(90,15),1,1
(90,17),1,1
(90,23),1,1
(90,24),1,1
(90,26),1,1
(90,29),1,1
(90,30),1,1
(90,33),1,1
(90,39),1,1
(90,44),1,1
(90,48),1,1
(90,49),1,1
(90,52),1,1
(90,54),1,1
(90,58),1,1
(90,61),1,1
(90,67),1,1
(90,72),1,1
(90,73),1,1
(90,79),1,1
(90,81),1,1
(90,82),1,1
(90,85),1,1
(90,93),1,1
(90,94),1,1
(90,96),1,1
(90,97),1,1
(90,98),1,1
(90,103),1,1
(90,104),1,1
(90,106),1,1
(90,110),1,1
(90,112),1,1
(90,123),1,1
(90,126),1,1
(90,128),1,1
(90,132),1,1
(90,139),1,1
(90,140),1,1
(90,141),1,1
(90,146),1,1
(90,149),1,1
(90,157),1,1
(90,162),1,1
(90,166),1,1
(90,167),1,1
(90,172),1,1
(90,174),1,1
(90,179),1,1
(90,195),1,1
(90,197),1,1
(90,199),1,1
(91,39),1,1
(91,48),1,1
(91,61),1,1
(91,80),1,1
(91,96),1,1
(91,98),1,1
(91,167),1,1
(92,13),1,1
(92,15),1,1
(92,30),1,1
(92,94),1,1
(92,132),1,1
(92,155),1,1
(92,199),1,1
(93,7),1,1
(93,15),1,1
(93,30),1,1
(93,94),1,1
(93,119),1,1
(93,132),1,1
(93,172),1,1
(93,199),1,1
(94,48),1,1
(94,58),1,1
(94,61),1,1
(94,96),1,1
(94,98),1,1
(94,137),1,1
(94,167),1,1
(95,7),1,1
(95,15),1,1
(95,17),1,1
(95,21),1,1
(95,23),1,1
(95,26),1,1
(95,29),1,1
(95,30),1,1
(95,33),1,1
(95,39),1,1
(95,44),1,1
(95,45),1,1
(95,48),1,1
(95,49),1,1
(95,52),1,1
(95,53),1,1
(95,54),1,1
(95,56),1,1
(95,58),1,1
(95,61),1,1
(95,67),1,1
(95,73),1,1
(95,81),1,1
(95,82),1,1
(95,85),1,1
(95,93),1,1
(95,94),1,1
(95,96),1,1
(95,97),1,1
(95,98),1,1
(95,103),1,1
(95,104),1,1
(95,106),1,1
(95,110),1,1
(95,112),1,1
(95,115),1,1
(95,125),1,1
(95,126),1,1
(95,132),1,1
(95,137),1,1
(95,140),1,1
(95,141),1,1
(95,146),1,1
(95,149),1,1
(95,155),1,1
(95,157),1,1
(95,162),1,1
(95,167),1,1
(95,172),1,1
(95,173),1,1
(95,174),1,1
(95,190),1,1
(95,194),1,1
(95,197),1,1
(95,199),1,1
(96,7),1,1
(96,15),1,1
(96,30),1,1
(96,56),1,1
(96,94),1,1
(96,132),1,1
(96,155),1,1
(96,166),1,1
(96,199),1,1
(97,7),1,1
(97,13),1,1
(97,15),1,1
(97,30),1,1
(97,45),1,1
(97,94),1,1
(97,132),1,1
(97,155),1,1
(97,199),1,1
(98,7),1,1
(98,15),1,1
(98,30),1,1
(98,45),1,1
(98,56),1,1
(98,94),1,1
(98,132),1,1
(98,172),1,1
(98,199),1,1
(99,7),1,1
(99,15),1,1
(99,17),1,1
(99,23),1,1
(99,24),1,1
(99,26),1,1
(99,29),1,1
(99,30),1,1
(99,33),1,1
(99,44),1,1
(99,45),1,1
(99,48),1,1
(99,49),1,1
(99,52),1,1
(99,54),1,1
(99,56),1,1
(99,61),1,1
(99,67),1,1
(99,73),1,1
(99,79),1,1
(99,80),1,1
(99,81),1,1
(99,82),1,1
(99,83),1,1
(99,85),1,1
(99,93),1,1
(99,96),1,1
(99,97),1,1
(99,98),1,1
(99,103),1,1
(99,104),1,1
(99,106),1,1
(99,110),1,1
(99,112),1,1
(99,115),1,1
(99,119),1,1
(99,123),1,1
(99,126),1,1
(99,132),1,1
(99,137),1,1
(99,139),1,1
(99,140),1,1
(99,141),1,1
(99,146),1,1
(99,149),1,1
(99,157),1,1
(99,162),1,1
(99,167),1,1
(99,168),1,1
(99,172),1,1
(99,173),1,1
(99,174),1,1
(99,179),1,1
(99,185),1,1
(99,190),1,1
(99,195),1,1
(99,197),1,1
(99,199),1,1
(100,7),1,1
(100,15),1,1
(100,16),1,1
(100,17),1,1
(100,23),1,1
(100,26),1,1
(100,29),1,1
(100,30),1,1
(100,33),1,1
(100,39),1,1
(100,44),1,1
(100,48),1,1
(100,49),1,1
(100,52),1,1
(100,54),1,1
(100,56),1,1
(100,58),1,1
(100,61),1,1
(100,67),1,1
(100,73),1,1
(100,81),1,1
(100,82),1,1
(100,83),1,1
(100,85),1,1
(100,93),1,1
(100,96),1,1
(100,97),1,1
(100,98),1,1
(100,103),1,1
(100,104),1,1
(100,106),1,1
(100,110),1,1
(100,112),1,1
(100,123),1,1
(100,126),1,1
(100,132),1,1
(100,137),1,1
(100,139),1,1
(100,140),1,1
(100,141),1,1
(100,146),1,1
(100,149),1,1
(100,157),1,1
(100,162),1,1
(100,173),1,1
(100,174),1,1
(100,197),1,1
(100,199),1,1
(101,7),1,1
(101,15),1,1
(101,30),1,1
(101,94),1,1
(101,132),1,1
(101,155),1,1
(101,166),1,1
(101,199),1,1
(102,7),1,1
(102,15),1,1
(102,30),1,1
(102,92),1,1
(102,94),1,1
(102,116),1,1
(102,119),1,1
(102,132),1,1
(102,155),1,1
(102,172),1,1
(102,199),1,1
(104,15),1,1
(104,30),1,1
(104,56),1,1
(104,132),1,1
(104,155),1,1
(104,172),1,1
(104,199),1,1
(105,39),1,1
(105,48),1,1
(105,53),1,1
(105,61),1,1
(105,96),1,1
(105,98),1,1
(105,137),1,1
(105,189),1,1
(106,48),1,1
(106,58),1,1
(106,61),1,1
(106,80),1,1
(106,96),1,1
(106,98),1,1
(106,137),1,1
(106,167),1,1
(107,15),1,1
(107,17),1,1
(107,23),1,1
(107,26),1,1
(107,29),1,1
(107,30),1,1
(107,33),1,1
(107,36),1,1
(107,39),1,1
(107,44),1,1
(107,45),1,1
(107,48),1,1
(107,49),1,1
(107,52),1,1
(107,53),1,1
(107,54),1,1
(107,56),1,1
(107,58),1,1
(107,61),1,1
(107,67),1,1
(107,73),1,1
(107,79),1,1
(107,81),1,1
(107,82),1,1
(107,83),1,1
(107,85),1,1
(107,89),1,1
(107,93),1,1
(107,94),1,1
(107,95),1,1
(107,96),1,1
(107,97),1,1
(107,98),1,1
(107,104),1,1
(107,106),1,1
(107,110),1,1
(107,112),1,1
(107,126),1,1
(107,132),1,1
(107,137),1,1
(107,139),1,1
(107,140),1,1
(107,141),1,1
(107,146),1,1
(107,149),1,1
(107,157),1,1
(107,162),1,1
(107,167),1,1
(107,172),1,1
(107,173),1,1
(107,174),1,1
(107,179),1,1
(107,185),1,1
(107,197),1,1
(107,199),1,1
(108,7),1,1
(108,15),1,1
(108,30),1,1
(108,56),1,1
(108,132),1,1
(108,166),1,1
(108,172),1,1
(108,199),1,1
(109,7),1,1
(109,15),1,1
(109,30),1,1
(109,35),1,1
(109,43),1,1
(109,45),1,1
(109,53),1,1
(109,94),1,1
(109,132),1,1
(109,155),1,1
(109,172),1,1
(109,199),1,1
(110,7),1,1
(110,15),1,1
(110,30),1,1
(110,56),1,1
(110,94),1,1
(110,107),1,1
(110,132),1,1
(110,155),1,1
(110,166),1,1
(110,172),1,1
(110,199),1,1
(111,7),1,1
(111,15),1,1
(111,17),1,1
(111,21),1,1
(111,23),1,1
(111,26),1,1
(111,29),1,1
(111,30),1,1
(111,33),1,1
(111,39),1,1
(111,44),1,1
(111,48),1,1
(111,49),1,1
(111,52),1,1
(111,54),1,1
(111,56),1,1
(111,61),1,1
(111,65),1,1
(111,67),1,1
(111,72),1,1
(111,73),1,1
(111,78),1,1
(111,81),1,1
(111,82),1,1
(111,85),1,1
(111,89),1,1
(111,93),1,1
(111,95),1,1
(111,96),1,1
(111,97),1,1
(111,98),1,1
(111,103),1,1
(111,104),1,1
(111,106),1,1
(111,107),1,1
(111,110),1,1
(111,112),1,1
(111,115),1,1
(111,126),1,1
(111,132),1,1
(111,137),1,1
(111,140),1,1
(111,141),1,1
(111,146),1,1
(111,149),1,1
(111,155),1,1
(111,157),1,1
(111,162),1,1
(111,167),1,1
(111,172),1,1
(111,173),1,1
(111,174),1,1
(111,179),1,1
(111,197),1,1
(111,199),1,1
(112,7),1,1
(112,13),1,1
(112,15),1,1
(112,30),1,1
(112,94),1,1
(112,132),1,1
(112,166),1,1
(112,199),1,1
(113,4),1,1
(113,7),1,1
(113,13),1,1
(113,15),1,1
(113,17),1,1
(113,20),1,1
(113,23),1,1
(113,26),1,1
(113,28),1,1
(113,29),1,1
(113,30),1,1
(113,33),1,1
(113,39),1,1
(113,44),1,1
(113,48),1,1
(113,49),1,1
(113,52),1,1
(113,53),1,1
(113,54),1,1
(113,61),1,1
(113,67),1,1
(113,70),1,1
(113,73),1,1
(113,79),1,1
(113,80),1,1
(113,81),1,1
(113,82),1,1
(113,85),1,1
(113,93),1,1
(113,96),1,1
(113,97),1,1
(113,98),1,1
(113,99),1,1
(113,103),1,1
(113,104),1,1
(113,106),1,1
(113,108),1,1
(113,110),1,1
(113,112),1,1
(113,123),1,1
(113,126),1,1
(113,128),1,1
(113,132),1,1
(113,137),1,1
(113,139),1,1
(113,140),1,1
(113,141),1,1
(113,146),1,1
(113,149),1,1
(113,157),1,1
(113,162),1,1
(113,166),1,1
(113,167),1,1
(113,172),1,1
(113,173),1,1
(113,174),1,1
(113,179),1,1
(113,190),1,1
(113,197),1,1
(113,199),1,1
(114,7),1,1
(114,15),1,1
(114,30),1,1
(114,45),1,1
(114,53),1,1
(114,119),1,1
(114,132),1,1
(114,155),1,1
(114,172),1,1
(114,199),1,1
(115,7),1,1
(115,13),1,1
(115,15),1,1
(115,30),1,1
(115,53),1,1
(115,56),1,1
(115,132),1,1
(115,155),1,1
(115,172),1,1
(115,199),1,1
(116,15),1,1
(116,30),1,1
(116,45),1,1
(116,114),1,1
(116,119),1,1
(116,132),1,1
(116,155),1,1
(116,172),1,1
(116,199),1,1
(117,7),1,1
(117,15),1,1
(117,17),1,1
(117,20),1,1
(117,23),1,1
(117,26),1,1
(117,28),1,1
(117,29),1,1
(117,30),1,1
(117,33),1,1
(117,36),1,1
(117,44),1,1
(117,48),1,1
(117,49),1,1
(117,52),1,1
(117,54),1,1
(117,56),1,1
(117,58),1,1
(117,61),1,1
(117,67),1,1
(117,70),1,1
(117,73),1,1
(117,79),1,1
(117,80),1,1
(117,81),1,1
(117,82),1,1
(117,85),1,1
(117,93),1,1
(117,94),1,1
(117,95),1,1
(117,96),1,1
(117,97),1,1
(117,98),1,1
(117,103),1,1
(117,104),1,1
(117,106),1,1
(117,110),1,1
(117,112),1,1
(117,126),1,1
(117,132),1,1
(117,137),1,1
(117,140),1,1
(117,141),1,1
(117,142),1,1
(117,146),1,1
(117,149),1,1
(117,155),1,1
(117,157),1,1
(117,162),1,1
(117,163),1,1
(117,167),1,1
(117,173),1,1
(117,174),1,1
(117,189),1,1
(117,190),1,1
(117,195),1,1
(117,197),1,1
(117,199),1,1
(118,48),1,1
(118,58),1,1
(118,61),1,1
(118,96),1,1
(118,98),1,1
(118,167),1,1
(118,189),1,1
(119,4),1,1
(119,7),1,1
(119,15),1,1
(119,17),1,1
(119,23),1,1
(119,26),1,1
(119,29),1,1
(119,30),1,1
(119,33),1,1
(119,36),1,1
(119,39),1,1
(119,44),1,1
(119,45),1,1
(119,48),1,1
(119,49),1,1
(119,52),1,1
(119,54),1,1
(119,56),1,1
(119,61),1,1
(119,67),1,1
(119,73),1,1
(119,81),1,1
(119,82),1,1
(119,85),1,1
(119,89),1,1
(119,93),1,1
(119,94),1,1
(119,96),1,1
(119,97),1,1
(119,98),1,1
(119,103),1,1
(119,104),1,1
(119,106),1,1
(119,110),1,1
(119,112),1,1
(119,114),1,1
(119,125),1,1
(119,126),1,1
(119,132),1,1
(119,137),1,1
(119,140),1,1
(119,141),1,1
(119,146),1,1
(119,149),1,1
(119,155),1,1
(119,157),1,1
(119,162),1,1
(119,163),1,1
(119,167),1,1
(119,168),1,1
(119,172),1,1
(119,173),1,1
(119,174),1,1
(119,179),1,1
(119,182),1,1
(119,195),1,1
(119,197),1,1
(119,199),1,1
(120,7),1,1
(120,13),1,1
(120,15),1,1
(120,17),1,1
(120,21),1,1
(120,23),1,1
(120,26),1,1
(120,29),1,1
(120,30),1,1
(120,33),1,1
(120,44),1,1
(120,48),1,1
(120,49),1,1
(120,52),1,1
(120,54),1,1
(120,61),1,1
(120,67),1,1
(120,73),1,1
(120,80),1,1
(120,81),1,1
(120,82),1,1
(120,85),1,1
(120,93),1,1
(120,95),1,1
(120,96),1,1
(120,97),1,1
(120,98),1,1
(120,100),1,1
(120,103),1,1
(120,104),1,1
(120,106),1,1
(120,110),1,1
(120,112),1,1
(120,115),1,1
(120,123),1,1
(120,126),1,1
(120,132),1,1
(120,137),1,1
(120,140),1,1
(120,141),1,1
(120,146),1,1
(120,149),1,1
(120,155),1,1
(120,157),1,1
(120,162),1,1
(120,167),1,1
(120,168),1,1
(120,172),1,1
(120,173),1,1
(120,174),1,1
(120,179),1,1
(120,190),1,1
(120,195),1,1
(120,197),1,1
(120,199),1,1
(121,7),1,1
(121,13),1,1
(121,15),1,1
(121,17),1,1
(121,23),1,1
(121,24),1,1
(121,26),1,1
(121,29),1,1
(121,30),1,1
(121,33),1,1
(121,44),1,1
(121,48),1,1
(121,49),1,1
(121,52),1,1
(121,54),1,1
(121,56),1,1
(121,58),1,1
(121,61),1,1
(121,65),1,1
(121,67),1,1
(121,73),1,1
(121,79),1,1
(121,81),1,1
(121,82),1,1
(121,83),1,1
(121,85),1,1
(121,93),1,1
(121,96),1,1
(121,97),1,1
(121,98),1,1
(121,103),1,1
(121,104),1,1
(121,106),1,1
(121,107),1,1
(121,110),1,1
(121,112),1,1
(121,123),1,1
(121,126),1,1
(121,128),1,1
(121,132),1,1
(121,140),1,1
(121,141),1,1
(121,146),1,1
(121,149),1,1
(121,155),1,1
(121,157),1,1
(121,162),1,1
(121,167),1,1
(121,168),1,1
(121,172),1,1
(121,173),1,1
(121,174),1,1
(121,185),1,1
(121,190),1,1
(121,195),1,1
(121,197),1,1
(121,199),1,1
(122,4),1,1
(122,7),1,1
(122,15),1,1
(122,17),1,1
(122,20),1,1
(122,23),1,1
(122,24),1,1
(122,26),1,1
(122,29),1,1
(122,30),1,1
(122,33),1,1
(122,39),1,1
(122,44),1,1
(122,48),1,1
(122,49),1,1
(122,52),1,1
(122,53),1,1
(122,54),1,1
(122,56),1,1
(122,61),1,1
(122,67),1,1
(122,73),1,1
(122,80),1,1
(122,81),1,1
(122,82),1,1
(122,85),1,1
(122,89),1,1
(122,93),1,1
(122,94),1,1
(122,96),1,1
(122,97),1,1
(122,98),1,1
(122,104),1,1
(122,106),1,1
(122,110),1,1
(122,112),1,1
(122,123),1,1
(122,125),1,1
(122,126),1,1
(122,132),1,1
(122,140),1,1
(122,141),1,1
(122,146),1,1
(122,149),1,1
(122,155),1,1
(122,157),1,1
(122,162),1,1
(122,167),1,1
(122,173),1,1
(122,174),1,1
(122,185),1,1
(122,197),1,1
(122,199),1,1
(123,7),1,1
(123,15),1,1
(123,30),1,1
(123,56),1,1
(123,132),1,1
(123,155),1,1
(123,172),1,1
(123,199),1,1
(124,15),1,1
(124,30),1,1
(124,35),1,1
(124,45),1,1
(124,56),1,1
(124,132),1,1
(124,155),1,1
(124,172),1,1
(124,199),1,1
(125,39),1,1
(125,48),1,1
(125,53),1,1
(125,58),1,1
(125,61),1,1
(125,96),1,1
(125,98),1,1
(125,137),1,1
(125,167),1,1
(127,7),1,1
(127,13),1,1
(127,15),1,1
(127,30),1,1
(127,56),1,1
(127,94),1,1
(127,107),1,1
(127,114),1,1
(127,132),1,1
(127,155),1,1
(127,199),1,1
(128,7),1,1
(128,15),1,1
(128,30),1,1
(128,94),1,1
(128,132),1,1
(128,155),1,1
(128,172),1,1
(128,199),1,1
(129,2),1,1
(129,7),1,1
(129,12),1,1
(129,13),1,1
(129,15),1,1
(129,17),1,1
(129,21),1,1
(129,22),1,1
(129,23),1,1
(129,24),1,1
(129,26),1,1
(129,29),1,1
(129,30),1,1
(129,33),1,1
(129,36),1,1
(129,39),1,1
(129,44),1,1
(129,48),1,1
(129,49),1,1
(129,52),1,1
(129,54),1,1
(129,61),1,1
(129,73),1,1
(129,81),1,1
(129,82),1,1
(129,85),1,1
(129,93),1,1
(129,94),1,1
(129,96),1,1
(129,97),1,1
(129,98),1,1
(129,104),1,1
(129,106),1,1
(129,110),1,1
(129,112),1,1
(129,126),1,1
(129,127),1,1
(129,128),1,1
(129,132),1,1
(129,137),1,1
(129,140),1,1
(129,141),1,1
(129,146),1,1
(129,149),1,1
(129,155),1,1
(129,157),1,1
(129,162),1,1
(129,167),1,1
(129,172),1,1
(129,173),1,1
(129,174),1,1
(129,178),1,1
(129,195),1,1
(129,197),1,1
(129,199),1,1
(130,4),1,1
(130,7),1,1
(130,8),1,1
(130,12),1,1
(130,15),1,1
(130,17),1,1
(130,21),1,1
(130,23),1,1
(130,26),1,1
(130,29),1,1
(130,30),1,1
(130,33),1,1
(130,44),1,1
(130,48),1,1
(130,49),1,1
(130,52),1,1
(130,53),1,1
(130,54),1,1
(130,61),1,1
(130,67),1,1
(130,73),1,1
(130,81),1,1
(130,82),1,1
(130,85),1,1
(130,93),1,1
(130,94),1,1
(130,96),1,1
(130,97),1,1
(130,98),1,1
(130,99),1,1
(130,103),1,1
(130,104),1,1
(130,106),1,1
(130,110),1,1
(130,112),1,1
(130,114),1,1
(130,126),1,1
(130,132),1,1
(130,137),1,1
(130,139),1,1
(130,140),1,1
(130,141),1,1
(130,146),1,1
(130,149),1,1
(130,157),1,1
(130,162),1,1
(130,167),1,1
(130,172),1,1
(130,173),1,1
(130,174),1,1
(130,185),1,1
(130,197),1,1
(130,199),1,1
(131,7),1,1
(131,15),1,1
(131,30),1,1
(131,45),1,1
(131,56),1,1
(131,111),1,1
(131,132),1,1
(131,155),1,1
(131,172),1,1
(131,199),1,1
(132,39),1,1
(132,48),1,1
(132,58),1,1
(132,61),1,1
(132,96),1,1
(132,98),1,1
(132,167),1,1
(133,5),1,1
(133,15),1,1
(133,30),1,1
(133,45),1,1
(133,56),1,1
(133,94),1,1
(133,132),1,1
(133,155),1,1
(133,199),1,1
(134,5),1,1
(134,7),1,1
(134,13),1,1
(134,15),1,1
(134,30),1,1
(134,56),1,1
(134,94),1,1
(134,132),1,1
(134,155),1,1
(134,166),1,1
(134,199),1,1
(135,7),1,1
(135,15),1,1
(135,30),1,1
(135,53),1,1
(135,132),1,1
(135,155),1,1
(135,199),1,1
(136,7),1,1
(136,13),1,1
(136,15),1,1
(136,17),1,1
(136,21),1,1
(136,23),1,1
(136,26),1,1
(136,29),1,1
(136,30),1,1
(136,33),1,1
(136,39),1,1
(136,44),1,1
(136,45),1,1
(136,48),1,1
(136,49),1,1
(136,52),1,1
(136,54),1,1
(136,56),1,1
(136,61),1,1
(136,67),1,1
(136,73),1,1
(136,77),1,1
(136,81),1,1
(136,82),1,1
(136,85),1,1
(136,93),1,1
(136,94),1,1
(136,96),1,1
(136,97),1,1
(136,98),1,1
(136,103),1,1
(136,104),1,1
(136,106),1,1
(136,110),1,1
(136,112),1,1
(136,115),1,1
(136,123),1,1
(136,126),1,1
(136,132),1,1
(136,137),1,1
(136,140),1,1
(136,141),1,1
(136,146),1,1
(136,149),1,1
(136,157),1,1
(136,162),1,1
(136,167),1,1
(136,168),1,1
(136,172),1,1
(136,173),1,1
(136,174),1,1
(136,190),1,1
(136,197),1,1
(136,199),1,1
(137,7),1,1
(137,15),1,1
(137,30),1,1
(137,56),1,1
(137,94),1,1
(137,132),1,1
(137,155),1,1
(137,199),1,1
(138,5),1,1
(138,7),1,1
(138,15),1,1
(138,30),1,1
(138,56),1,1
(138,132),1,1
(138,148),1,1
(138,155),1,1
(138,172),1,1
(138,188),1,1
(138,199),1,1
(139,39),1,1
(139,48),1,1
(139,61),1,1
(139,96),1,1
(139,98),1,1
(139,125),1,1
(139,137),1,1
(139,167),1,1
(140,7),1,1
(140,13),1,1
(140,15),1,1
(140,30),1,1
(140,56),1,1
(140,94),1,1
(140,132),1,1
(140,155),1,1
(140,156),1,1
(140,199),1,1
(141,7),1,1
(141,15),1,1
(141,30),1,1
(141,43),1,1
(141,45),1,1
(141,56),1,1
(141,94),1,1
(141,132),1,1
(141,155),1,1
(141,172),1,1
(141,199),1,1
(142,4),1,1
(142,15),1,1
(142,17),1,1
(142,23),1,1
(142,26),1,1
(142,29),1,1
(142,30),1,1
(142,33),1,1
(142,36),1,1
(142,39),1,1
(142,44),1,1
(142,45),1,1
(142,48),1,1
(142,49),1,1
(142,52),1,1
(142,54),1,1
(142,56),1,1
(142,61),1,1
(142,67),1,1
(142,73),1,1
(142,80),1,1
(142,81),1,1
(142,82),1,1
(142,85),1,1
(142,89),1,1
(142,93),1,1
(142,94),1,1
(142,96),1,1
(142,97),1,1
(142,98),1,1
(142,103),1,1
(142,104),1,1
(142,106),1,1
(142,110),1,1
(142,112),1,1
(142,115),1,1
(142,119),1,1
(142,123),1,1
(142,126),1,1
(142,127),1,1
(142,128),1,1
(142,132),1,1
(142,137),1,1
(142,140),1,1
(142,141),1,1
(142,146),1,1
(142,149),1,1
(142,157),1,1
(142,162),1,1
(142,167),1,1
(142,168),1,1
(142,172),1,1
(142,174),1,1
(142,179),1,1
(142,190),1,1
(142,195),1,1
(142,197),1,1
(142,199),1,1
(143,15),1,1
(143,30),1,1
(143,56),1,1
(143,66),1,1
(143,107),1,1
(143,132),1,1
(143,155),1,1
(143,166),1,1
(143,172),1,1
(143,199),1,1
(144,7),1,1
(144,15),1,1
(144,30),1,1
(144,45),1,1
(144,53),1,1
(144,114),1,1
(144,119),1,1
(144,132),1,1
(144,155),1,1
(144,156),1,1
(144,172),1,1
(144,199),1,1
(145,5),1,1
(145,7),1,1
(145,15),1,1
(145,30),1,1
(145,53),1,1
(145,56),1,1
(145,132),1,1
(145,155),1,1
(145,172),1,1
(145,199),1,1
(146,15),1,1
(146,30),1,1
(146,45),1,1
(146,56),1,1
(146,132),1,1
(146,172),1,1
(146,199),1,1
(147,7),1,1
(147,11),1,1
(147,15),1,1
(147,17),1,1
(147,21),1,1
(147,23),1,1
(147,24),1,1
(147,26),1,1
(147,29),1,1
(147,30),1,1
(147,33),1,1
(147,36),1,1
(147,44),1,1
(147,48),1,1
(147,49),1,1
(147,52),1,1
(147,54),1,1
(147,61),1,1
(147,67),1,1
(147,73),1,1
(147,79),1,1
(147,81),1,1
(147,82),1,1
(147,85),1,1
(147,89),1,1
(147,93),1,1
(147,96),1,1
(147,97),1,1
(147,98),1,1
(147,104),1,1
(147,106),1,1
(147,110),1,1
(147,112),1,1
(147,115),1,1
(147,123),1,1
(147,125),1,1
(147,126),1,1
(147,132),1,1
(147,139),1,1
(147,140),1,1
(147,141),1,1
(147,146),1,1
(147,149),1,1
(147,155),1,1
(147,157),1,1
(147,162),1,1
(147,167),1,1
(147,168),1,1
(147,172),1,1
(147,174),1,1
(147,179),1,1
(147,185),1,1
(147,189),1,1
(147,190),1,1
(147,195),1,1
(147,197),1,1
(147,199),1,1
(148,13),1,1
(148,15),1,1
(148,30),1,1
(148,56),1,1
(148,92),1,1
(148,114),1,1
(148,132),1,1
(148,147),1,1
(148,155),1,1
(148,172),1,1
(148,199),1,1
(149,7),1,1
(149,13),1,1
(149,15),1,1
(149,30),1,1
(149,35),1,1
(149,56),1,1
(149,94),1,1
(149,114),1,1
(149,131),1,1
(149,132),1,1
(149,143),1,1
(149,155),1,1
(149,166),1,1
(149,172),1,1
(149,199),1,1
(150,15),1,1
(150,30),1,1
(150,132),1,1
(150,148),1,1
(150,172),1,1
(150,199),1,1
(151,7),1,1
(151,10),1,1
(151,15),1,1
(151,17),1,1
(151,20),1,1
(151,21),1,1
(151,23),1,1
(151,26),1,1
(151,29),1,1
(151,30),1,1
(151,33),1,1
(151,39),1,1
(151,44),1,1
(151,48),1,1
(151,49),1,1
(151,52),1,1
(151,54),1,1
(151,56),1,1
(151,61),1,1
(151,64),1,1
(151,67),1,1
(151,70),1,1
(151,72),1,1
(151,73),1,1
(151,80),1,1
(151,81),1,1
(151,82),1,1
(151,85),1,1
(151,89),1,1
(151,93),1,1
(151,96),1,1
(151,97),1,1
(151,98),1,1
(151,104),1,1
(151,106),1,1
(151,110),1,1
(151,112),1,1
(151,123),1,1
(151,126),1,1
(151,127),1,1
(151,132),1,1
(151,137),1,1
(151,140),1,1
(151,141),1,1
(151,146),1,1
(151,149),1,1
(151,155),1,1
(151,157),1,1
(151,162),1,1
(151,166),1,1
(151,167),1,1
(151,172),1,1
(151,173),1,1
(151,174),1,1
(151,185),1,1
(151,190),1,1
(151,197),1,1
(151,199),1,1
(152,15),1,1
(152,17),1,1
(152,23),1,1
(152,26),1,1
(152,29),1,1
(152,30),1,1
(152,33),1,1
(152,38),1,1
(152,39),1,1
(152,44),1,1
(152,45),1,1
(152,48),1,1
(152,49),1,1
(152,52),1,1
(152,54),1,1
(152,56),1,1
(152,61),1,1
(152,67),1,1
(152,72),1,1
(152,73),1,1
(152,79),1,1
(152,80),1,1
(152,81),1,1
(152,82),1,1
(152,83),1,1
(152,85),1,1
(152,89),1,1
(152,93),1,1
(152,94),1,1
(152,96),1,1
(152,97),1,1
(152,98),1,1
(152,104),1,1
(152,106),1,1
(152,110),1,1
(152,112),1,1
(152,125),1,1
(152,126),1,1
(152,127),1,1
(152,132),1,1
(152,137),1,1
(152,139),1,1
(152,140),1,1
(152,141),1,1
(152,146),1,1
(152,149),1,1
(152,155),1,1
(152,157),1,1
(152,162),1,1
(152,167),1,1
(152,174),1,1
(152,179),1,1
(152,185),1,1
(152,190),1,1
(152,197),1,1
(152,199),1,1
(153,5),1,1
(153,15),1,1
(153,17),1,1
(153,23),1,1
(153,24),1,1
(153,26),1,1
(153,28),1,1
(153,29),1,1
(153,30),1,1
(153,33),1,1
(153,39),1,1
(153,44),1,1
(153,48),1,1
(153,49),1,1
(153,52),1,1
(153,54),1,1
(153,61),1,1
(153,67),1,1
(153,73),1,1
(153,80),1,1
(153,81),1,1
(153,82),1,1
(153,85),1,1
(153,93),1,1
(153,95),1,1
(153,96),1,1
(153,97),1,1
(153,98),1,1
(153,100),1,1
(153,103),1,1
(153,104),1,1
(153,106),1,1
(153,110),1,1
(153,112),1,1
(153,126),1,1
(153,132),1,1
(153,137),1,1
(153,140),1,1
(153,141),1,1
(153,146),1,1
(153,149),1,1
(153,155),1,1
(153,157),1,1
(153,162),1,1
(153,167),1,1
(153,173),1,1
(153,174),1,1
(153,179),1,1
(153,197),1,1
(153,199),1,1
(154,7),1,1
(154,8),1,1
(154,15),1,1
(154,17),1,1
(154,20),1,1
(154,23),1,1
(154,24),1,1
(154,26),1,1
(154,29),1,1
(154,30),1,1
(154,33),1,1
(154,39),1,1
(154,44),1,1
(154,45),1,1
(154,48),1,1
(154,49),1,1
(154,52),1,1
(154,54),1,1
(154,56),1,1
(154,61),1,1
(154,67),1,1
(154,73),1,1
(154,80),1,1
(154,81),1,1
(154,82),1,1
(154,85),1,1
(154,92),1,1
(154,93),1,1
(154,96),1,1
(154,97),1,1
(154,98),1,1
(154,100),1,1
(154,103),1,1
(154,104),1,1
(154,106),1,1
(154,110),1,1
(154,112),1,1
(154,123),1,1
(154,126),1,1
(154,132),1,1
(154,140),1,1
(154,141),1,1
(154,146),1,1
(154,149),1,1
(154,155),1,1
(154,157),1,1
(154,158),1,1
(154,162),1,1
(154,166),1,1
(154,167),1,1
(154,172),1,1
(154,173),1,1
(154,174),1,1
(154,179),1,1
(154,185),1,1
(154,195),1,1
(154,197),1,1
(154,199),1,1
(155,7),1,1
(155,15),1,1
(155,30),1,1
(155,56),1,1
(155,94),1,1
(155,132),1,1
(155,199),1,1
(156,7),1,1
(156,15),1,1
(156,30),1,1
(156,56),1,1
(156,94),1,1
(156,132),1,1
(156,155),1,1
(156,199),1,1
(157,7),1,1
(157,15),1,1
(157,30),1,1
(157,94),1,1
(157,119),1,1
(157,132),1,1
(157,172),1,1
(157,199),1,1
(158,7),1,1
(158,10),1,1
(158,12),1,1
(158,15),1,1
(158,17),1,1
(158,23),1,1
(158,26),1,1
(158,29),1,1
(158,30),1,1
(158,44),1,1
(158,48),1,1
(158,49),1,1
(158,52),1,1
(158,54),1,1
(158,56),1,1
(158,58),1,1
(158,61),1,1
(158,65),1,1
(158,67),1,1
(158,73),1,1
(158,79),1,1
(158,81),1,1
(158,82),1,1
(158,85),1,1
(158,89),1,1
(158,93),1,1
(158,96),1,1
(158,97),1,1
(158,98),1,1
(158,103),1,1
(158,104),1,1
(158,106),1,1
(158,110),1,1
(158,112),1,1
(158,114),1,1
(158,115),1,1
(158,119),1,1
(158,123),1,1
(158,126),1,1
(158,132),1,1
(158,137),1,1
(158,140),1,1
(158,141),1,1
(158,146),1,1
(158,149),1,1
(158,155),1,1
(158,157),1,1
(158,161),1,1
(158,162),1,1
(158,167),1,1
(158,168),1,1
(158,172),1,1
(158,173),1,1
(158,174),1,1
(158,185),1,1
(158,195),1,1
(158,197),1,1
(158,198),1,1
(158,199),1,1
(159,7),1,1
(159,15),1,1
(159,17),1,1
(159,23),1,1
(159,24),1,1
(159,26),1,1
(159,29),1,1
(159,30),1,1
(159,39),1,1
(159,44),1,1
(159,45),1,1
(159,48),1,1
(159,49),1,1
(159,52),1,1
(159,53),1,1
(159,54),1,1
(159,56),1,1
(159,58),1,1
(159,61),1,1
(159,67),1,1
(159,73),1,1
(159,78),1,1
(159,81),1,1
(159,82),1,1
(159,83),1,1
(159,85),1,1
(159,93),1,1
(159,94),1,1
(159,96),1,1
(159,97),1,1
(159,98),1,1
(159,103),1,1
(159,104),1,1
(159,106),1,1
(159,110),1,1
(159,112),1,1
(159,115),1,1
(159,123),1,1
(159,125),1,1
(159,126),1,1
(159,132),1,1
(159,140),1,1
(159,141),1,1
(159,146),1,1
(159,149),1,1
(159,155),1,1
(159,157),1,1
(159,162),1,1
(159,167),1,1
(159,172),1,1
(159,174),1,1
(159,179),1,1
(159,197),1,1
(159,199),1,1
(160,7),1,1
(160,11),1,1
(160,15),1,1
(160,17),1,1
(160,23),1,1
(160,26),1,1
(160,29),1,1
(160,30),1,1
(160,33),1,1
(160,39),1,1
(160,44),1,1
(160,48),1,1
(160,49),1,1
(160,52),1,1
(160,53),1,1
(160,54),1,1
(160,61),1,1
(160,67),1,1
(160,73),1,1
(160,81),1,1
(160,82),1,1
(160,85),1,1
(160,89),1,1
(160,93),1,1
(160,96),1,1
(160,97),1,1
(160,98),1,1
(160,104),1,1
(160,106),1,1
(160,107),1,1
(160,110),1,1
(160,112),1,1
(160,123),1,1
(160,126),1,1
(160,132),1,1
(160,137),1,1
(160,140),1,1
(160,141),1,1
(160,146),1,1
(160,149),1,1
(160,155),1,1
(160,157),1,1
(160,162),1,1
(160,166),1,1
(160,167),1,1
(160,172),1,1
(160,173),1,1
(160,174),1,1
(160,179),1,1
(160,197),1,1
(160,199),1,1
(161,15),1,1
(161,30),1,1
(161,43),1,1
(161,53),1,1
(161,56),1,1
(161,132),1,1
(161,155),1,1
(161,172),1,1
(161,199),1,1
(162,5),1,1
(162,15),1,1
(162,30),1,1
(162,45),1,1
(162,132),1,1
(162,155),1,1
(162,199),1,1
(163,48),1,1
(163,53),1,1
(163,61),1,1
(163,96),1,1
(163,98),1,1
(163,167),1,1
(164,15),1,1
(164,17),1,1
(164,23),1,1
(164,24),1,1
(164,26),1,1
(164,29),1,1
(164,30),1,1
(164,33),1,1
(164,39),1,1
(164,44),1,1
(164,48),1,1
(164,49),1,1
(164,52),1,1
(164,54),1,1
(164,56),1,1
(164,61),1,1
(164,67),1,1
(164,73),1,1
(164,79),1,1
(164,81),1,1
(164,82),1,1
(164,85),1,1
(164,89),1,1
(164,93),1,1
(164,94),1,1
(164,95),1,1
(164,96),1,1
(164,97),1,1
(164,98),1,1
(164,103),1,1
(164,104),1,1
(164,106),1,1
(164,110),1,1
(164,112),1,1
(164,123),1,1
(164,126),1,1
(164,132),1,1
(164,137),1,1
(164,139),1,1
(164,140),1,1
(164,141),1,1
(164,146),1,1
(164,149),1,1
(164,155),1,1
(164,157),1,1
(164,162),1,1
(164,167),1,1
(164,168),1,1
(164,172),1,1
(164,173),1,1
(164,174),1,1
(164,175),1,1
(164,179),1,1
(164,185),1,1
(164,189),1,1
(164,197),1,1
(164,199),1,1
(165,7),1,1
(165,15),1,1
(165,30),1,1
(165,45),1,1
(165,56),1,1
(165,132),1,1
(165,155),1,1
(165,199),1,1
(166,7),1,1
(166,15),1,1
(166,30),1,1
(166,45),1,1
(166,56),1,1
(166,94),1,1
(166,132),1,1
(166,155),1,1
(166,199),1,1
(167,7),1,1
(167,13),1,1
(167,15),1,1
(167,30),1,1
(167,45),1,1
(167,56),1,1
(167,119),1,1
(167,132),1,1
(167,155),1,1
(167,166),1,1
(167,172),1,1
(167,199),1,1
(168,7),1,1
(168,15),1,1
(168,30),1,1
(168,53),1,1
(168,56),1,1
(168,94),1,1
(168,132),1,1
(168,155),1,1
(168,199),1,1
(169,39),1,1
(169,48),1,1
(169,61),1,1
(169,80),1,1
(169,96),1,1
(169,98),1,1
(169,125),1,1
(169,189),1,1
(170,48),1,1
(170,61),1,1
(170,96),1,1
(170,98),1,1
(170,125),1,1
(170,137),1,1
(170,167),1,1
(170,189),1,1
(171,7),1,1
(171,13),1,1
(171,15),1,1
(171,30),1,1
(171,56),1,1
(171,66),1,1
(171,78),1,1
(171,94),1,1
(171,132),1,1
(171,155),1,1
(171,172),1,1
(171,199),1,1
(173,15),1,1
(173,30),1,1
(173,56),1,1
(173,66),1,1
(173,94),1,1
(173,107),1,1
(173,132),1,1
(173,155),1,1
(173,199),1,1
(174,7),1,1
(174,15),1,1
(174,30),1,1
(174,56),1,1
(174,94),1,1
(174,119),1,1
(174,132),1,1
(174,155),1,1
(174,166),1,1
(174,172),1,1
(174,199),1,1
(175,15),1,1
(175,30),1,1
(175,56),1,1
(175,132),1,1
(175,172),1,1
(175,199),1,1
(176,15),1,1
(176,30),1,1
(176,45),1,1
(176,94),1,1
(176,119),1,1
(176,132),1,1
(176,199),1,1
(177,2),1,1
(177,8),1,1
(177,13),1,1
(177,15),1,1
(177,17),1,1
(177,23),1,1
(177,26),1,1
(177,29),1,1
(177,30),1,1
(177,33),1,1
(177,39),1,1
(177,44),1,1
(177,45),1,1
(177,48),1,1
(177,49),1,1
(177,52),1,1
(177,54),1,1
(177,56),1,1
(177,58),1,1
(177,61),1,1
(177,67),1,1
(177,73),1,1
(177,79),1,1
(177,80),1,1
(177,81),1,1
(177,82),1,1
(177,85),1,1
(177,89),1,1
(177,93),1,1
(177,94),1,1
(177,96),1,1
(177,97),1,1
(177,98),1,1
(177,100),1,1
(177,104),1,1
(177,106),1,1
(177,110),1,1
(177,112),1,1
(177,123),1,1
(177,126),1,1
(177,132),1,1
(177,133),1,1
(177,139),1,1
(177,140),1,1
(177,141),1,1
(177,146),1,1
(177,149),1,1
(177,155),1,1
(177,157),1,1
(177,162),1,1
(177,167),1,1
(177,168),1,1
(177,172),1,1
(177,173),1,1
(177,174),1,1
(177,179),1,1
(177,190),1,1
(177,197),1,1
(177,199),1,1
(178,7),1,1
(178,15),1,1
(178,30),1,1
(178,56),1,1
(178,94),1,1
(178,107),1,1
(178,132),1,1
(178,171),1,1
(178,199),1,1
(179,15),1,1
(179,30),1,1
(179,56),1,1
(179,107),1,1
(179,132),1,1
(179,155),1,1
(179,199),1,1
(180,7),1,1
(180,15),1,1
(180,30),1,1
(180,45),1,1
(180,56),1,1
(180,94),1,1
(180,132),1,1
(180,155),1,1
(180,172),1,1
(180,199),1,1
(181,7),1,1
(181,15),1,1
(181,30),1,1
(181,56),1,1
(181,94),1,1
(181,132),1,1
(181,155),1,1
(181,199),1,1
(182,11),1,1
(182,15),1,1
(182,17),1,1
(182,23),1,1
(182,24),1,1
(182,26),1,1
(182,29),1,1
(182,30),1,1
(182,36),1,1
(182,44),1,1
(182,48),1,1
(182,49),1,1
(182,52),1,1
(182,54),1,1
(182,56),1,1
(182,61),1,1
(182,64),1,1
(182,67),1,1
(182,73),1,1
(182,79),1,1
(182,80),1,1
(182,81),1,1
(182,82),1,1
(182,85),1,1
(182,93),1,1
(182,96),1,1
(182,97),1,1
(182,98),1,1
(182,104),1,1
(182,106),1,1
(182,110),1,1
(182,112),1,1
(182,115),1,1
(182,123),1,1
(182,126),1,1
(182,132),1,1
(182,139),1,1
(182,140),1,1
(182,141),1,1
(182,146),1,1
(182,149),1,1
(182,155),1,1
(182,157),1,1
(182,162),1,1
(182,167),1,1
(182,168),1,1
(182,172),1,1
(182,173),1,1
(182,174),1,1
(182,181),1,1
(182,185),1,1
(182,195),1,1
(182,197),1,1
(182,199),1,1
(183,48),1,1
(183,61),1,1
(183,96),1,1
(183,98),1,1
(183,137),1,1
(183,167),1,1
(184,7),1,1
(184,15),1,1
(184,17),1,1
(184,23),1,1
(184,24),1,1
(184,26),1,1
(184,29),1,1
(184,30),1,1
(184,33),1,1
(184,44),1,1
(184,45),1,1
(184,48),1,1
(184,49),1,1
(184,52),1,1
(184,54),1,1
(184,56),1,1
(184,58),1,1
(184,61),1,1
(184,72),1,1
(184,73),1,1
(184,79),1,1
(184,80),1,1
(184,81),1,1
(184,82),1,1
(184,85),1,1
(184,89),1,1
(184,93),1,1
(184,94),1,1
(184,96),1,1
(184,97),1,1
(184,98),1,1
(184,104),1,1
(184,106),1,1
(184,110),1,1
(184,112),1,1
(184,115),1,1
(184,123),1,1
(184,126),1,1
(184,128),1,1
(184,132),1,1
(184,140),1,1
(184,141),1,1
(184,146),1,1
(184,149),1,1
(184,155),1,1
(184,157),1,1
(184,162),1,1
(184,166),1,1
(184,167),1,1
(184,168),1,1
(184,172),1,1
(184,174),1,1
(184,179),1,1
(184,185),1,1
(184,197),1,1
(184,199),1,1
(185,7),1,1
(185,15),1,1
(185,30),1,1
(185,53),1,1
(185,94),1,1
(185,132),1,1
(185,155),1,1
(185,172),1,1
(185,199),1,1
(186,7),1,1
(186,15),1,1
(186,30),1,1
(186,56),1,1
(186,94),1,1
(186,132),1,1
(186,155),1,1
(186,199),1,1
(187,15),1,1
(187,30),1,1
(187,53),1,1
(187,56),1,1
(187,94),1,1
(187,132),1,1
(187,155),1,1
(187,172),1,1
(187,199),1,1
(188,7),1,1
(188,15),1,1
(188,30),1,1
(188,56),1,1
(188,94),1,1
(188,132),1,1
(188,155),1,1
(188,172),1,1
(188,199),1,1
(189,39),1,1
(189,48),1,1
(189,61),1,1
(189,96),1,1
(189,98),1,1
(189,167),1,1
(190,5),1,1
(190,7),1,1
(190,15),1,1
(190,30),1,1
(190,94),1,1
(190,132),1,1
(190,155),1,1
(190,199),1,1
(191,15),1,1
(191,30),1,1
(191,45),1,1
(191,53),1,1
(191,56),1,1
(191,111),1,1
(191,129),1,1
(191,132),1,1
(191,155),1,1
(191,166),1,1
(191,199),1,1
(192,7),1,1
(192,12),1,1
(192,15),1,1
(192,17),1,1
(192,20),1,1
(192,21),1,1
(192,23),1,1
(192,24),1,1
(192,26),1,1
(192,29),1,1
(192,30),1,1
(192,35),1,1
(192,39),1,1
(192,44),1,1
(192,45),1,1
(192,48),1,1
(192,49),1,1
(192,52),1,1
(192,54),1,1
(192,56),1,1
(192,61),1,1
(192,67),1,1
(192,73),1,1
(192,81),1,1
(192,82),1,1
(192,83),1,1
(192,85),1,1
(192,93),1,1
(192,94),1,1
(192,95),1,1
(192,96),1,1
(192,97),1,1
(192,98),1,1
(192,103),1,1
(192,104),1,1
(192,106),1,1
(192,110),1,1
(192,112),1,1
(192,125),1,1
(192,126),1,1
(192,132),1,1
(192,140),1,1
(192,141),1,1
(192,146),1,1
(192,149),1,1
(192,157),1,1
(192,162),1,1
(192,167),1,1
(192,168),1,1
(192,173),1,1
(192,174),1,1
(192,179),1,1
(192,190),1,1
(192,195),1,1
(192,197),1,1
(192,199),1,1
(193,7),1,1
(193,8),1,1
(193,13),1,1
(193,15),1,1
(193,17),1,1
(193,20),1,1
(193,23),1,1
(193,26),1,1
(193,29),1,1
(193,30),1,1
(193,33),1,1
(193,36),1,1
(193,44),1,1
(193,45),1,1
(193,48),1,1
(193,49),1,1
(193,52),1,1
(193,53),1,1
(193,54),1,1
(193,56),1,1
(193,61),1,1
(193,67),1,1
(193,73),1,1
(193,79),1,1
(193,81),1,1
(193,82),1,1
(193,85),1,1
(193,93),1,1
(193,96),1,1
(193,97),1,1
(193,98),1,1
(193,103),1,1
(193,104),1,1
(193,106),1,1
(193,107),1,1
(193,110),1,1
(193,112),1,1
(193,121),1,1
(193,123),1,1
(193,126),1,1
(193,132),1,1
(193,137),1,1
(193,139),1,1
(193,140),1,1
(193,141),1,1
(193,146),1,1
(193,149),1,1
(193,155),1,1
(193,157),1,1
(193,162),1,1
(193,167),1,1
(193,172),1,1
(193,174),1,1
(193,179),1,1
(193,185),1,1
(193,188),1,1
(193,197),1,1
(193,199),1,1
(194,48),1,1
(194,61),1,1
(194,80),1,1
(194,96),1,1
(194,98),1,1
(194,131),1,1
(194,167),1,1
(195,7),1,1
(195,15),1,1
(195,30),1,1
(195,45),1,1
(195,56),1,1
(195,111),1,1
(195,132),1,1
(195,155),1,1
(195,199),1,1
(196,5),1,1
(196,7),1,1
(196,15),1,1
(196,30),1,1
(196,53),1,1
(196,56),1,1
(196,94),1,1
(196,114),1,1
(196,119),1,1
(196,132),1,1
(196,155),1,1
(196,172),1,1
(196,199),1,1
(197,48),1,1
(197,53),1,1
(197,61),1,1
(197,96),1,1
(197,98),1,1
(197,167),1,1
(197,189),1,1
(198,7),1,1
(198,15),1,1
(198,30),1,1
(198,56),1,1
(198,94),1,1
(198,132),1,1
(198,155),1,1
(198,172),1,1
(198,188),1,1
(198,199),1,1
(199,39),1,1
(199,48),1,1
(199,53),1,1
(199,58),1,1
(199,61),1,1
(199,80),1,1
(199,96),1,1
(199,98),1,1
(199,137),1,1
(199,167),1,1
(199,189),1,1
