Nr_Pairs = 190
Nr_NDD = 10
Nr_Arcs = 4300
0,0,1,0,2
1,0,1,2,2
2,0,2,1,2
3,0,1,0,1
4,0,0,0,2
5,0,1,0,0
6,0,1,0,0
7,0,1,0,0
8,0,2,2,1
9,0,1,0,0
10,0,1,0,0
11,0,1,0,2
12,0,1,2,2
13,0,0,0,2
14,0,1,1,2
15,0,1,1,2
16,0,0,0,2
17,0,2,2,2
18,0,2,3,2
19,0,1,0,1
20,0,0,1,2
21,0,0,1,2
22,0,0,0,2
23,0,0,0,2
24,0,2,1,0
25,0,0,0,2
26,0,1,0,0
27,0,1,0,0
28,0,1,0,2
29,0,1,0,2
30,0,1,0,2
31,0,0,2,2
32,0,1,0,0
33,0,1,1,2
34,0,1,0,0
35,0,1,1,1
36,0,1,0,0
37,0,0,1,2
38,0,1,0,0
39,0,1,1,2
40,0,1,0,2
41,0,0,1,2
42,0,3,1,2
43,0,0,1,2
44,0,0,0,2
45,0,0,0,2
46,0,1,0,0
47,0,1,1,2
48,0,1,0,2
49,0,1,1,2
50,0,1,1,0
51,0,1,1,2
52,0,1,0,2
53,0,0,0,1
54,0,0,1,1
55,0,0,2,2
56,0,1,0,1
57,0,1,0,2
58,0,0,0,2
59,0,1,0,2
60,0,1,1,2
61,0,1,1,2
62,0,1,0,0
63,0,0,0,2
64,0,1,0,0
65,0,2,0,0
66,0,1,3,2
67,0,1,0,2
68,0,1,0,0
69,0,1,0,1
70,0,2,0,0
71,0,1,0,2
72,0,1,2,2
73,0,1,1,2
74,0,1,0,0
75,0,0,2,2
76,0,2,1,0
77,0,0,0,2
78,0,0,0,2
79,0,0,1,2
80,0,1,0,2
81,0,2,0,2
82,0,0,0,2
83,0,1,1,1
84,0,1,0,0
85,0,0,1,1
86,0,1,0,0
87,0,0,0,2
88,0,1,0,0
89,0,1,0,2
90,0,1,1,2
91,0,1,0,2
92,0,0,0,2
93,0,2,1,0
94,0,0,0,2
95,0,0,0,2
96,0,1,0,0
97,0,1,0,0
98,0,0,0,2
99,0,0,2,2
100,0,1,0,2
101,0,0,0,2
102,0,1,0,2
103,0,1,1,2
104,0,1,0,2
105,0,0,1,2
106,0,0,1,2
107,0,1,0,2
108,0,0,0,2
109,0,1,0,0
110,0,0,0,2
111,0,0,1,2
112,0,1,0,0
113,0,1,0,2
114,0,1,0,0
115,0,1,0,2
116,0,2,0,0
117,0,1,0,1
118,0,1,0,0
119,0,1,1,1
120,0,2,0,0
121,0,1,0,0
122,0,1,0,0
123,0,2,1,0
124,0,2,0,0
125,0,2,1,2
126,0,0,0,2
127,0,1,1,2
128,0,0,0,2
129,0,0,0,2
130,0,0,0,2
131,0,0,0,2
132,0,0,0,2
133,0,1,2,2
134,0,0,0,2
135,0,3,2,2
136,0,1,0,0
137,0,1,0,0
138,0,0,0,2
139,0,0,2,2
140,0,0,0,2
141,0,0,1,2
142,0,1,0,0
143,0,1,0,0
144,0,2,0,2
145,0,0,0,2
146,0,1,1,2
147,0,0,0,2
148,0,1,2,2
149,0,1,0,1
150,0,3,0,2
151,0,1,0,0
152,0,1,1,2
153,0,2,0,2
154,0,0,2,2
155,0,0,2,2
156,0,1,0,0
157,0,0,0,2
158,0,2,0,0
159,0,1,1,2
160,0,0,0,2
161,0,1,0,2
162,0,0,2,2
163,0,2,2,2
164,0,1,0,2
165,0,0,0,2
166,0,0,0,2
167,0,0,0,1
168,0,1,0,0
169,0,2,0,1
170,0,1,0,1
171,0,1,0,0
172,0,1,0,2
173,0,1,1,2
174,0,1,0,0
175,0,1,1,2
176,0,1,0,0
177,0,1,0,1
178,0,1,0,0
179,0,2,1,2
180,0,2,1,2
181,0,1,1,2
182,0,2,2,1
183,0,0,3,2
184,0,1,0,0
185,0,1,1,2
186,0,0,0,2
187,0,1,0,0
188,0,2,2,2
189,0,1,0,0
190,1,0,0,0
191,1,1,0,0
192,1,0,0,0
193,1,0,0,0
194,1,1,0,0
195,1,0,0,0
196,1,0,0,0
197,1,1,0,0
198,1,1,0,0
199,1,1,1,2
(0,35),1,1
(0,76),1,1
(0,93),1,1
(1,20),1,1
(1,24),1,1
(1,76),1,1
(1,79),1,1
(1,85),1,1
(1,93),1,1
(1,106),1,1
(3,24),1,1
(3,51),1,1
(3,76),1,1
(3,85),1,1
(3,93),1,1
(3,123),1,1
(3,175),1,1
(4,2),1,1
(4,5),1,1
(4,6),1,1
(4,7),1,1
(4,15),1,1
(4,24),1,1
(4,26),1,1
(4,27),1,1
(4,32),1,1
(4,34),1,1
(4,36),1,1
(4,38),1,1
(4,46),1,1
(4,54),1,1
(4,64),1,1
(4,65),1,1
(4,68),1,1
(4,69),1,1
(4,70),1,1
(4,74),1,1
(4,76),1,1
(4,77),1,1
(4,84),1,1
(4,85),1,1
(4,86),1,1
(4,88),1,1
(4,93),1,1
(4,96),1,1
(4,112),1,1
(4,114),1,1
(4,116),1,1
(4,118),1,1
(4,119),1,1
(4,120),1,1
(4,121),1,1
(4,122),1,1
(4,123),1,1
(4,124),1,1
(4,136),1,1
(4,137),1,1
(4,142),1,1
(4,143),1,1
(4,149),1,1
(4,152),1,1
(4,156),1,1
(4,167),1,1
(4,168),1,1
(4,171),1,1
(4,174),1,1
(4,176),1,1
(4,177),1,1
(4,178),1,1
(4,187),1,1
(4,189),1,1
(5,50),1,1
(5,54),1,1
(5,76),1,1
(5,93),1,1
(6,49),1,1
(6,50),1,1
(6,76),1,1
(6,93),1,1
(6,123),1,1
(7,24),1,1
(7,76),1,1
(7,85),1,1
(7,93),1,1
(7,123),1,1
(9,24),1,1
(9,35),1,1
(9,49),1,1
(9,76),1,1
(9,85),1,1
(9,93),1,1
(9,123),1,1
(10,24),1,1
(10,54),1,1
(10,73),1,1
(10,76),1,1
(10,85),1,1
(10,93),1,1
(10,123),1,1
(11,24),1,1
(11,50),1,1
(11,51),1,1
(11,76),1,1
(11,85),1,1
(11,93),1,1
(11,123),1,1
(12,24),1,1
(12,50),1,1
(12,51),1,1
(12,76),1,1
(12,93),1,1
(12,123),1,1
(12,159),1,1
(13,5),1,1
(13,6),1,1
(13,7),1,1
(13,10),1,1
(13,19),1,1
(13,24),1,1
(13,27),1,1
(13,32),1,1
(13,34),1,1
(13,36),1,1
(13,38),1,1
(13,46),1,1
(13,53),1,1
(13,62),1,1
(13,64),1,1
(13,68),1,1
(13,69),1,1
(13,70),1,1
(13,74),1,1
(13,76),1,1
(13,84),1,1
(13,85),1,1
(13,86),1,1
(13,88),1,1
(13,90),1,1
(13,93),1,1
(13,96),1,1
(13,109),1,1
(13,114),1,1
(13,116),1,1
(13,118),1,1
(13,120),1,1
(13,121),1,1
(13,122),1,1
(13,123),1,1
(13,124),1,1
(13,136),1,1
(13,137),1,1
(13,142),1,1
(13,143),1,1
(13,155),1,1
(13,156),1,1
(13,158),1,1
(13,165),1,1
(13,168),1,1
(13,169),1,1
(13,171),1,1
(13,174),1,1
(13,178),1,1
(13,187),1,1
(13,189),1,1
(14,24),1,1
(14,33),1,1
(14,50),1,1
(14,73),1,1
(14,76),1,1
(14,93),1,1
(15,24),1,1
(15,49),1,1
(15,50),1,1
(15,76),1,1
(15,93),1,1
(15,123),1,1
(16,6),1,1
(16,7),1,1
(16,9),1,1
(16,10),1,1
(16,24),1,1
(16,26),1,1
(16,27),1,1
(16,32),1,1
(16,34),1,1
(16,36),1,1
(16,38),1,1
(16,46),1,1
(16,47),1,1
(16,53),1,1
(16,54),1,1
(16,62),1,1
(16,64),1,1
(16,65),1,1
(16,68),1,1
(16,70),1,1
(16,74),1,1
(16,76),1,1
(16,83),1,1
(16,84),1,1
(16,85),1,1
(16,86),1,1
(16,88),1,1
(16,93),1,1
(16,96),1,1
(16,112),1,1
(16,114),1,1
(16,116),1,1
(16,117),1,1
(16,118),1,1
(16,119),1,1
(16,120),1,1
(16,121),1,1
(16,122),1,1
(16,124),1,1
(16,136),1,1
(16,137),1,1
(16,142),1,1
(16,145),1,1
(16,149),1,1
(16,156),1,1
(16,165),1,1
(16,168),1,1
(16,170),1,1
(16,171),1,1
(16,174),1,1
(16,176),1,1
(16,177),1,1
(16,178),1,1
(16,182),1,1
(16,187),1,1
(16,189),1,1
(17,12),1,1
(19,24),1,1
(19,47),1,1
(19,54),1,1
(19,76),1,1
(19,93),1,1
(20,5),1,1
(20,6),1,1
(20,7),1,1
(20,8),1,1
(20,10),1,1
(20,24),1,1
(20,26),1,1
(20,27),1,1
(20,29),1,1
(20,32),1,1
(20,34),1,1
(20,35),1,1
(20,36),1,1
(20,38),1,1
(20,45),1,1
(20,46),1,1
(20,50),1,1
(20,62),1,1
(20,64),1,1
(20,65),1,1
(20,68),1,1
(20,70),1,1
(20,76),1,1
(20,77),1,1
(20,83),1,1
(20,84),1,1
(20,85),1,1
(20,86),1,1
(20,88),1,1
(20,93),1,1
(20,95),1,1
(20,96),1,1
(20,97),1,1
(20,106),1,1
(20,109),1,1
(20,112),1,1
(20,114),1,1
(20,116),1,1
(20,117),1,1
(20,118),1,1
(20,120),1,1
(20,121),1,1
(20,122),1,1
(20,123),1,1
(20,124),1,1
(20,136),1,1
(20,137),1,1
(20,139),1,1
(20,140),1,1
(20,142),1,1
(20,149),1,1
(20,156),1,1
(20,158),1,1
(20,167),1,1
(20,168),1,1
(20,171),1,1
(20,174),1,1
(20,176),1,1
(20,178),1,1
(20,187),1,1
(20,189),1,1
(21,0),1,1
(21,5),1,1
(21,6),1,1
(21,7),1,1
(21,10),1,1
(21,12),1,1
(21,24),1,1
(21,27),1,1
(21,32),1,1
(21,34),1,1
(21,36),1,1
(21,38),1,1
(21,40),1,1
(21,46),1,1
(21,49),1,1
(21,50),1,1
(21,54),1,1
(21,62),1,1
(21,63),1,1
(21,64),1,1
(21,65),1,1
(21,68),1,1
(21,70),1,1
(21,74),1,1
(21,76),1,1
(21,79),1,1
(21,81),1,1
(21,84),1,1
(21,85),1,1
(21,86),1,1
(21,88),1,1
(21,93),1,1
(21,96),1,1
(21,97),1,1
(21,109),1,1
(21,112),1,1
(21,114),1,1
(21,116),1,1
(21,118),1,1
(21,120),1,1
(21,121),1,1
(21,122),1,1
(21,123),1,1
(21,124),1,1
(21,126),1,1
(21,136),1,1
(21,137),1,1
(21,142),1,1
(21,143),1,1
(21,151),1,1
(21,156),1,1
(21,158),1,1
(21,165),1,1
(21,167),1,1
(21,168),1,1
(21,171),1,1
(21,174),1,1
(21,178),1,1
(21,184),1,1
(21,187),1,1
(21,189),1,1
(22,3),1,1
(22,5),1,1
(22,6),1,1
(22,7),1,1
(22,10),1,1
(22,24),1,1
(22,27),1,1
(22,32),1,1
(22,33),1,1
(22,34),1,1
(22,36),1,1
(22,38),1,1
(22,45),1,1
(22,46),1,1
(22,53),1,1
(22,62),1,1
(22,64),1,1
(22,68),1,1
(22,70),1,1
(22,74),1,1
(22,76),1,1
(22,77),1,1
(22,84),1,1
(22,85),1,1
(22,86),1,1
(22,88),1,1
(22,93),1,1
(22,96),1,1
(22,97),1,1
(22,109),1,1
(22,112),1,1
(22,114),1,1
(22,116),1,1
(22,118),1,1
(22,120),1,1
(22,121),1,1
(22,122),1,1
(22,123),1,1
(22,124),1,1
(22,136),1,1
(22,137),1,1
(22,142),1,1
(22,143),1,1
(22,155),1,1
(22,156),1,1
(22,158),1,1
(22,168),1,1
(22,169),1,1
(22,170),1,1
(22,171),1,1
(22,174),1,1
(22,177),1,1
(22,178),1,1
(22,184),1,1
(22,187),1,1
(22,189),1,1
(23,6),1,1
(23,7),1,1
(23,9),1,1
(23,26),1,1
(23,27),1,1
(23,32),1,1
(23,34),1,1
(23,35),1,1
(23,36),1,1
(23,38),1,1
(23,46),1,1
(23,47),1,1
(23,50),1,1
(23,62),1,1
(23,64),1,1
(23,68),1,1
(23,70),1,1
(23,76),1,1
(23,84),1,1
(23,86),1,1
(23,88),1,1
(23,93),1,1
(23,95),1,1
(23,96),1,1
(23,97),1,1
(23,109),1,1
(23,112),1,1
(23,114),1,1
(23,115),1,1
(23,116),1,1
(23,120),1,1
(23,121),1,1
(23,122),1,1
(23,123),1,1
(23,124),1,1
(23,136),1,1
(23,137),1,1
(23,142),1,1
(23,148),1,1
(23,149),1,1
(23,151),1,1
(23,156),1,1
(23,158),1,1
(23,168),1,1
(23,171),1,1
(23,174),1,1
(23,176),1,1
(23,178),1,1
(23,182),1,1
(23,184),1,1
(23,187),1,1
(23,189),1,1
(24,8),1,1
(24,182),1,1
(25,5),1,1
(25,6),1,1
(25,7),1,1
(25,8),1,1
(25,9),1,1
(25,12),1,1
(25,19),1,1
(25,24),1,1
(25,27),1,1
(25,32),1,1
(25,34),1,1
(25,35),1,1
(25,36),1,1
(25,38),1,1
(25,46),1,1
(25,50),1,1
(25,51),1,1
(25,54),1,1
(25,64),1,1
(25,65),1,1
(25,68),1,1
(25,70),1,1
(25,74),1,1
(25,76),1,1
(25,84),1,1
(25,85),1,1
(25,86),1,1
(25,88),1,1
(25,93),1,1
(25,95),1,1
(25,96),1,1
(25,97),1,1
(25,109),1,1
(25,112),1,1
(25,114),1,1
(25,115),1,1
(25,116),1,1
(25,118),1,1
(25,120),1,1
(25,121),1,1
(25,122),1,1
(25,123),1,1
(25,124),1,1
(25,136),1,1
(25,137),1,1
(25,142),1,1
(25,156),1,1
(25,158),1,1
(25,168),1,1
(25,169),1,1
(25,171),1,1
(25,174),1,1
(25,177),1,1
(25,178),1,1
(25,182),1,1
(25,187),1,1
(25,189),1,1
(26,24),1,1
(26,50),1,1
(26,54),1,1
(26,76),1,1
(26,85),1,1
(26,93),1,1
(26,119),1,1
(27,24),1,1
(27,35),1,1
(27,50),1,1
(27,51),1,1
(27,76),1,1
(27,83),1,1
(27,85),1,1
(27,93),1,1
(28,24),1,1
(28,35),1,1
(28,50),1,1
(28,76),1,1
(28,85),1,1
(28,93),1,1
(28,119),1,1
(28,123),1,1
(29,24),1,1
(29,54),1,1
(29,76),1,1
(29,85),1,1
(29,93),1,1
(30,24),1,1
(30,76),1,1
(30,79),1,1
(30,93),1,1
(30,123),1,1
(31,5),1,1
(31,6),1,1
(31,7),1,1
(31,8),1,1
(31,24),1,1
(31,26),1,1
(31,27),1,1
(31,32),1,1
(31,34),1,1
(31,36),1,1
(31,38),1,1
(31,46),1,1
(31,50),1,1
(31,62),1,1
(31,64),1,1
(31,68),1,1
(31,69),1,1
(31,70),1,1
(31,74),1,1
(31,76),1,1
(31,78),1,1
(31,84),1,1
(31,86),1,1
(31,88),1,1
(31,93),1,1
(31,96),1,1
(31,97),1,1
(31,112),1,1
(31,114),1,1
(31,120),1,1
(31,121),1,1
(31,122),1,1
(31,123),1,1
(31,124),1,1
(31,136),1,1
(31,137),1,1
(31,142),1,1
(31,143),1,1
(31,151),1,1
(31,156),1,1
(31,168),1,1
(31,169),1,1
(31,170),1,1
(31,171),1,1
(31,174),1,1
(31,177),1,1
(31,178),1,1
(31,184),1,1
(31,187),1,1
(31,189),1,1
(32,24),1,1
(32,76),1,1
(32,93),1,1
(33,24),1,1
(33,50),1,1
(33,51),1,1
(33,76),1,1
(33,85),1,1
(33,93),1,1
(33,123),1,1
(33,159),1,1
(34,24),1,1
(34,35),1,1
(34,76),1,1
(34,79),1,1
(34,85),1,1
(34,93),1,1
(35,2),1,1
(35,24),1,1
(35,76),1,1
(35,85),1,1
(35,93),1,1
(35,123),1,1
(36,24),1,1
(36,50),1,1
(36,76),1,1
(36,85),1,1
(36,93),1,1
(36,119),1,1
(36,123),1,1
(37,3),1,1
(37,6),1,1
(37,7),1,1
(37,9),1,1
(37,10),1,1
(37,12),1,1
(37,24),1,1
(37,26),1,1
(37,27),1,1
(37,34),1,1
(37,35),1,1
(37,36),1,1
(37,38),1,1
(37,46),1,1
(37,52),1,1
(37,53),1,1
(37,62),1,1
(37,64),1,1
(37,65),1,1
(37,68),1,1
(37,70),1,1
(37,76),1,1
(37,84),1,1
(37,85),1,1
(37,86),1,1
(37,88),1,1
(37,93),1,1
(37,96),1,1
(37,97),1,1
(37,109),1,1
(37,114),1,1
(37,116),1,1
(37,118),1,1
(37,120),1,1
(37,121),1,1
(37,122),1,1
(37,123),1,1
(37,124),1,1
(37,136),1,1
(37,137),1,1
(37,142),1,1
(37,143),1,1
(37,149),1,1
(37,151),1,1
(37,155),1,1
(37,156),1,1
(37,158),1,1
(37,167),1,1
(37,168),1,1
(37,171),1,1
(37,174),1,1
(37,176),1,1
(37,177),1,1
(37,178),1,1
(37,187),1,1
(37,189),1,1
(38,24),1,1
(38,35),1,1
(38,54),1,1
(38,76),1,1
(38,93),1,1
(38,123),1,1
(38,185),1,1
(39,24),1,1
(39,51),1,1
(39,76),1,1
(39,85),1,1
(39,93),1,1
(39,123),1,1
(40,24),1,1
(40,76),1,1
(40,85),1,1
(40,93),1,1
(40,123),1,1
(41,0),1,1
(41,5),1,1
(41,6),1,1
(41,7),1,1
(41,9),1,1
(41,10),1,1
(41,19),1,1
(41,24),1,1
(41,26),1,1
(41,27),1,1
(41,29),1,1
(41,34),1,1
(41,36),1,1
(41,38),1,1
(41,40),1,1
(41,46),1,1
(41,51),1,1
(41,62),1,1
(41,64),1,1
(41,65),1,1
(41,68),1,1
(41,70),1,1
(41,74),1,1
(41,76),1,1
(41,84),1,1
(41,86),1,1
(41,88),1,1
(41,93),1,1
(41,96),1,1
(41,112),1,1
(41,114),1,1
(41,116),1,1
(41,120),1,1
(41,121),1,1
(41,122),1,1
(41,123),1,1
(41,124),1,1
(41,136),1,1
(41,137),1,1
(41,140),1,1
(41,142),1,1
(41,143),1,1
(41,156),1,1
(41,158),1,1
(41,168),1,1
(41,171),1,1
(41,174),1,1
(41,176),1,1
(41,178),1,1
(41,182),1,1
(41,184),1,1
(41,187),1,1
(41,189),1,1
(43,5),1,1
(43,6),1,1
(43,7),1,1
(43,9),1,1
(43,10),1,1
(43,24),1,1
(43,26),1,1
(43,27),1,1
(43,32),1,1
(43,34),1,1
(43,36),1,1
(43,38),1,1
(43,46),1,1
(43,52),1,1
(43,64),1,1
(43,65),1,1
(43,68),1,1
(43,70),1,1
(43,72),1,1
(43,74),1,1
(43,76),1,1
(43,84),1,1
(43,85),1,1
(43,86),1,1
(43,88),1,1
(43,93),1,1
(43,95),1,1
(43,96),1,1
(43,97),1,1
(43,112),1,1
(43,114),1,1
(43,117),1,1
(43,118),1,1
(43,120),1,1
(43,121),1,1
(43,122),1,1
(43,123),1,1
(43,124),1,1
(43,132),1,1
(43,136),1,1
(43,137),1,1
(43,142),1,1
(43,143),1,1
(43,148),1,1
(43,151),1,1
(43,156),1,1
(43,158),1,1
(43,168),1,1
(43,169),1,1
(43,171),1,1
(43,174),1,1
(43,178),1,1
(43,184),1,1
(43,187),1,1
(43,189),1,1
(44,0),1,1
(44,6),1,1
(44,7),1,1
(44,9),1,1
(44,10),1,1
(44,19),1,1
(44,24),1,1
(44,26),1,1
(44,27),1,1
(44,32),1,1
(44,34),1,1
(44,36),1,1
(44,38),1,1
(44,46),1,1
(44,50),1,1
(44,54),1,1
(44,56),1,1
(44,62),1,1
(44,64),1,1
(44,68),1,1
(44,70),1,1
(44,74),1,1
(44,76),1,1
(44,84),1,1
(44,86),1,1
(44,88),1,1
(44,93),1,1
(44,96),1,1
(44,97),1,1
(44,104),1,1
(44,109),1,1
(44,112),1,1
(44,114),1,1
(44,116),1,1
(44,117),1,1
(44,118),1,1
(44,119),1,1
(44,120),1,1
(44,121),1,1
(44,122),1,1
(44,124),1,1
(44,136),1,1
(44,137),1,1
(44,142),1,1
(44,143),1,1
(44,149),1,1
(44,153),1,1
(44,156),1,1
(44,158),1,1
(44,165),1,1
(44,168),1,1
(44,171),1,1
(44,172),1,1
(44,174),1,1
(44,177),1,1
(44,178),1,1
(44,184),1,1
(44,187),1,1
(44,189),1,1
(45,6),1,1
(45,7),1,1
(45,8),1,1
(45,10),1,1
(45,24),1,1
(45,27),1,1
(45,32),1,1
(45,34),1,1
(45,36),1,1
(45,38),1,1
(45,46),1,1
(45,50),1,1
(45,53),1,1
(45,64),1,1
(45,65),1,1
(45,68),1,1
(45,70),1,1
(45,74),1,1
(45,76),1,1
(45,84),1,1
(45,85),1,1
(45,86),1,1
(45,88),1,1
(45,93),1,1
(45,96),1,1
(45,97),1,1
(45,109),1,1
(45,112),1,1
(45,114),1,1
(45,116),1,1
(45,118),1,1
(45,120),1,1
(45,121),1,1
(45,122),1,1
(45,124),1,1
(45,128),1,1
(45,136),1,1
(45,137),1,1
(45,138),1,1
(45,142),1,1
(45,143),1,1
(45,156),1,1
(45,158),1,1
(45,159),1,1
(45,168),1,1
(45,171),1,1
(45,174),1,1
(45,176),1,1
(45,177),1,1
(45,178),1,1
(45,184),1,1
(45,187),1,1
(45,189),1,1
(46,24),1,1
(46,76),1,1
(46,85),1,1
(46,93),1,1
(46,123),1,1
(46,185),1,1
(47,24),1,1
(47,35),1,1
(47,51),1,1
(47,54),1,1
(47,76),1,1
(47,93),1,1
(47,123),1,1
(48,24),1,1
(48,50),1,1
(48,76),1,1
(48,93),1,1
(48,123),1,1
(48,159),1,1
(49,2),1,1
(49,24),1,1
(49,50),1,1
(49,54),1,1
(49,76),1,1
(49,85),1,1
(49,93),1,1
(49,123),1,1
(50,24),1,1
(50,76),1,1
(50,79),1,1
(50,85),1,1
(50,93),1,1
(50,123),1,1
(51,24),1,1
(51,50),1,1
(51,76),1,1
(51,85),1,1
(51,93),1,1
(52,24),1,1
(52,50),1,1
(52,76),1,1
(52,93),1,1
(52,123),1,1
(53,3),1,1
(53,5),1,1
(53,6),1,1
(53,7),1,1
(53,8),1,1
(53,9),1,1
(53,10),1,1
(53,24),1,1
(53,26),1,1
(53,27),1,1
(53,34),1,1
(53,36),1,1
(53,38),1,1
(53,46),1,1
(53,52),1,1
(53,54),1,1
(53,56),1,1
(53,64),1,1
(53,65),1,1
(53,68),1,1
(53,70),1,1
(53,74),1,1
(53,76),1,1
(53,84),1,1
(53,85),1,1
(53,86),1,1
(53,88),1,1
(53,93),1,1
(53,96),1,1
(53,97),1,1
(53,109),1,1
(53,112),1,1
(53,114),1,1
(53,116),1,1
(53,118),1,1
(53,120),1,1
(53,121),1,1
(53,122),1,1
(53,124),1,1
(53,136),1,1
(53,137),1,1
(53,142),1,1
(53,143),1,1
(53,156),1,1
(53,168),1,1
(53,171),1,1
(53,174),1,1
(53,176),1,1
(53,178),1,1
(53,184),1,1
(53,187),1,1
(53,189),1,1
(54,5),1,1
(54,6),1,1
(54,7),1,1
(54,9),1,1
(54,24),1,1
(54,27),1,1
(54,29),1,1
(54,32),1,1
(54,34),1,1
(54,36),1,1
(54,38),1,1
(54,46),1,1
(54,50),1,1
(54,53),1,1
(54,62),1,1
(54,64),1,1
(54,68),1,1
(54,70),1,1
(54,74),1,1
(54,76),1,1
(54,79),1,1
(54,84),1,1
(54,85),1,1
(54,86),1,1
(54,88),1,1
(54,93),1,1
(54,96),1,1
(54,97),1,1
(54,109),1,1
(54,114),1,1
(54,117),1,1
(54,118),1,1
(54,120),1,1
(54,121),1,1
(54,122),1,1
(54,123),1,1
(54,124),1,1
(54,136),1,1
(54,137),1,1
(54,142),1,1
(54,149),1,1
(54,156),1,1
(54,158),1,1
(54,168),1,1
(54,169),1,1
(54,171),1,1
(54,174),1,1
(54,176),1,1
(54,177),1,1
(54,178),1,1
(54,184),1,1
(54,187),1,1
(54,189),1,1
(55,5),1,1
(55,6),1,1
(55,7),1,1
(55,8),1,1
(55,9),1,1
(55,19),1,1
(55,24),1,1
(55,27),1,1
(55,32),1,1
(55,34),1,1
(55,36),1,1
(55,38),1,1
(55,46),1,1
(55,50),1,1
(55,53),1,1
(55,56),1,1
(55,62),1,1
(55,64),1,1
(55,65),1,1
(55,68),1,1
(55,70),1,1
(55,74),1,1
(55,76),1,1
(55,83),1,1
(55,84),1,1
(55,85),1,1
(55,86),1,1
(55,88),1,1
(55,93),1,1
(55,96),1,1
(55,97),1,1
(55,114),1,1
(55,116),1,1
(55,119),1,1
(55,120),1,1
(55,121),1,1
(55,122),1,1
(55,124),1,1
(55,134),1,1
(55,136),1,1
(55,137),1,1
(55,142),1,1
(55,143),1,1
(55,149),1,1
(55,155),1,1
(55,156),1,1
(55,158),1,1
(55,168),1,1
(55,170),1,1
(55,171),1,1
(55,174),1,1
(55,176),1,1
(55,177),1,1
(55,178),1,1
(55,182),1,1
(55,187),1,1
(55,189),1,1
(56,20),1,1
(56,24),1,1
(56,35),1,1
(56,50),1,1
(56,76),1,1
(56,85),1,1
(56,93),1,1
(56,119),1,1
(56,123),1,1
(57,20),1,1
(57,24),1,1
(57,50),1,1
(57,76),1,1
(57,79),1,1
(57,93),1,1
(57,123),1,1
(58,5),1,1
(58,6),1,1
(58,7),1,1
(58,9),1,1
(58,10),1,1
(58,24),1,1
(58,26),1,1
(58,27),1,1
(58,34),1,1
(58,36),1,1
(58,38),1,1
(58,46),1,1
(58,62),1,1
(58,64),1,1
(58,65),1,1
(58,68),1,1
(58,70),1,1
(58,76),1,1
(58,78),1,1
(58,84),1,1
(58,85),1,1
(58,86),1,1
(58,88),1,1
(58,93),1,1
(58,95),1,1
(58,96),1,1
(58,97),1,1
(58,109),1,1
(58,114),1,1
(58,116),1,1
(58,118),1,1
(58,120),1,1
(58,121),1,1
(58,122),1,1
(58,124),1,1
(58,136),1,1
(58,137),1,1
(58,142),1,1
(58,143),1,1
(58,145),1,1
(58,151),1,1
(58,153),1,1
(58,155),1,1
(58,156),1,1
(58,158),1,1
(58,168),1,1
(58,171),1,1
(58,174),1,1
(58,176),1,1
(58,177),1,1
(58,178),1,1
(58,184),1,1
(58,187),1,1
(58,189),1,1
(59,24),1,1
(59,73),1,1
(59,76),1,1
(59,83),1,1
(59,93),1,1
(59,119),1,1
(60,24),1,1
(60,50),1,1
(60,73),1,1
(60,76),1,1
(60,85),1,1
(60,93),1,1
(60,123),1,1
(61,24),1,1
(61,76),1,1
(61,93),1,1
(62,2),1,1
(62,24),1,1
(62,50),1,1
(62,76),1,1
(62,79),1,1
(62,93),1,1
(63,5),1,1
(63,6),1,1
(63,7),1,1
(63,8),1,1
(63,9),1,1
(63,10),1,1
(63,19),1,1
(63,24),1,1
(63,26),1,1
(63,27),1,1
(63,32),1,1
(63,34),1,1
(63,36),1,1
(63,38),1,1
(63,46),1,1
(63,53),1,1
(63,64),1,1
(63,65),1,1
(63,68),1,1
(63,70),1,1
(63,74),1,1
(63,76),1,1
(63,84),1,1
(63,85),1,1
(63,86),1,1
(63,88),1,1
(63,93),1,1
(63,95),1,1
(63,96),1,1
(63,109),1,1
(63,112),1,1
(63,114),1,1
(63,116),1,1
(63,118),1,1
(63,120),1,1
(63,121),1,1
(63,122),1,1
(63,123),1,1
(63,124),1,1
(63,136),1,1
(63,137),1,1
(63,138),1,1
(63,142),1,1
(63,143),1,1
(63,156),1,1
(63,158),1,1
(63,165),1,1
(63,168),1,1
(63,171),1,1
(63,174),1,1
(63,177),1,1
(63,178),1,1
(63,184),1,1
(63,187),1,1
(63,189),1,1
(64,24),1,1
(64,49),1,1
(64,50),1,1
(64,76),1,1
(64,85),1,1
(64,93),1,1
(65,182),1,1
(66,24),1,1
(66,50),1,1
(66,51),1,1
(66,54),1,1
(66,73),1,1
(66,76),1,1
(66,93),1,1
(66,123),1,1
(67,24),1,1
(67,50),1,1
(67,76),1,1
(67,85),1,1
(67,93),1,1
(67,123),1,1
(68,24),1,1
(68,50),1,1
(68,76),1,1
(68,85),1,1
(68,93),1,1
(69,24),1,1
(69,54),1,1
(69,76),1,1
(69,85),1,1
(69,93),1,1
(69,141),1,1
(71,76),1,1
(71,83),1,1
(71,93),1,1
(72,24),1,1
(72,49),1,1
(72,76),1,1
(72,85),1,1
(72,93),1,1
(72,185),1,1
(73,24),1,1
(73,35),1,1
(73,76),1,1
(73,93),1,1
(73,119),1,1
(73,123),1,1
(73,141),1,1
(74,24),1,1
(74,35),1,1
(74,50),1,1
(74,76),1,1
(74,85),1,1
(74,93),1,1
(74,123),1,1
(75,5),1,1
(75,6),1,1
(75,7),1,1
(75,9),1,1
(75,24),1,1
(75,26),1,1
(75,27),1,1
(75,32),1,1
(75,34),1,1
(75,36),1,1
(75,38),1,1
(75,46),1,1
(75,50),1,1
(75,53),1,1
(75,54),1,1
(75,64),1,1
(75,65),1,1
(75,68),1,1
(75,70),1,1
(75,76),1,1
(75,79),1,1
(75,84),1,1
(75,86),1,1
(75,88),1,1
(75,93),1,1
(75,96),1,1
(75,97),1,1
(75,109),1,1
(75,112),1,1
(75,114),1,1
(75,116),1,1
(75,118),1,1
(75,120),1,1
(75,121),1,1
(75,122),1,1
(75,124),1,1
(75,125),1,1
(75,136),1,1
(75,137),1,1
(75,140),1,1
(75,142),1,1
(75,151),1,1
(75,155),1,1
(75,156),1,1
(75,158),1,1
(75,167),1,1
(75,168),1,1
(75,169),1,1
(75,171),1,1
(75,174),1,1
(75,176),1,1
(75,177),1,1
(75,178),1,1
(75,182),1,1
(75,184),1,1
(75,187),1,1
(75,189),1,1
(76,8),1,1
(77,5),1,1
(77,6),1,1
(77,7),1,1
(77,10),1,1
(77,12),1,1
(77,19),1,1
(77,24),1,1
(77,26),1,1
(77,27),1,1
(77,34),1,1
(77,36),1,1
(77,38),1,1
(77,46),1,1
(77,50),1,1
(77,62),1,1
(77,65),1,1
(77,68),1,1
(77,70),1,1
(77,72),1,1
(77,76),1,1
(77,84),1,1
(77,86),1,1
(77,88),1,1
(77,93),1,1
(77,96),1,1
(77,109),1,1
(77,114),1,1
(77,116),1,1
(77,120),1,1
(77,121),1,1
(77,122),1,1
(77,123),1,1
(77,124),1,1
(77,136),1,1
(77,137),1,1
(77,138),1,1
(77,139),1,1
(77,142),1,1
(77,143),1,1
(77,151),1,1
(77,156),1,1
(77,158),1,1
(77,165),1,1
(77,168),1,1
(77,171),1,1
(77,174),1,1
(77,176),1,1
(77,177),1,1
(77,178),1,1
(77,187),1,1
(77,189),1,1
(78,6),1,1
(78,7),1,1
(78,9),1,1
(78,10),1,1
(78,13),1,1
(78,19),1,1
(78,26),1,1
(78,27),1,1
(78,32),1,1
(78,34),1,1
(78,36),1,1
(78,38),1,1
(78,46),1,1
(78,56),1,1
(78,64),1,1
(78,65),1,1
(78,68),1,1
(78,69),1,1
(78,70),1,1
(78,74),1,1
(78,76),1,1
(78,83),1,1
(78,84),1,1
(78,86),1,1
(78,88),1,1
(78,93),1,1
(78,96),1,1
(78,109),1,1
(78,112),1,1
(78,114),1,1
(78,116),1,1
(78,120),1,1
(78,121),1,1
(78,122),1,1
(78,123),1,1
(78,124),1,1
(78,136),1,1
(78,137),1,1
(78,142),1,1
(78,143),1,1
(78,151),1,1
(78,156),1,1
(78,158),1,1
(78,167),1,1
(78,168),1,1
(78,170),1,1
(78,171),1,1
(78,174),1,1
(78,176),1,1
(78,178),1,1
(78,184),1,1
(78,187),1,1
(78,189),1,1
(79,5),1,1
(79,6),1,1
(79,7),1,1
(79,9),1,1
(79,10),1,1
(79,19),1,1
(79,24),1,1
(79,26),1,1
(79,27),1,1
(79,32),1,1
(79,34),1,1
(79,36),1,1
(79,38),1,1
(79,46),1,1
(79,50),1,1
(79,54),1,1
(79,62),1,1
(79,64),1,1
(79,68),1,1
(79,69),1,1
(79,70),1,1
(79,74),1,1
(79,76),1,1
(79,77),1,1
(79,84),1,1
(79,86),1,1
(79,88),1,1
(79,93),1,1
(79,96),1,1
(79,97),1,1
(79,114),1,1
(79,116),1,1
(79,118),1,1
(79,120),1,1
(79,121),1,1
(79,122),1,1
(79,124),1,1
(79,136),1,1
(79,137),1,1
(79,142),1,1
(79,149),1,1
(79,151),1,1
(79,156),1,1
(79,158),1,1
(79,168),1,1
(79,169),1,1
(79,171),1,1
(79,174),1,1
(79,176),1,1
(79,177),1,1
(79,178),1,1
(79,184),1,1
(79,187),1,1
(79,189),1,1
(80,24),1,1
(80,50),1,1
(80,76),1,1
(80,93),1,1
(81,182),1,1
(82,5),1,1
(82,6),1,1
(82,7),1,1
(82,9),1,1
(82,10),1,1
(82,19),1,1
(82,24),1,1
(82,26),1,1
(82,27),1,1
(82,32),1,1
(82,34),1,1
(82,36),1,1
(82,38),1,1
(82,46),1,1
(82,50),1,1
(82,64),1,1
(82,65),1,1
(82,68),1,1
(82,70),1,1
(82,74),1,1
(82,76),1,1
(82,78),1,1
(82,83),1,1
(82,84),1,1
(82,85),1,1
(82,86),1,1
(82,88),1,1
(82,93),1,1
(82,96),1,1
(82,97),1,1
(82,109),1,1
(82,114),1,1
(82,118),1,1
(82,120),1,1
(82,121),1,1
(82,122),1,1
(82,123),1,1
(82,124),1,1
(82,132),1,1
(82,136),1,1
(82,137),1,1
(82,142),1,1
(82,143),1,1
(82,148),1,1
(82,151),1,1
(82,156),1,1
(82,158),1,1
(82,167),1,1
(82,168),1,1
(82,169),1,1
(82,171),1,1
(82,174),1,1
(82,176),1,1
(82,178),1,1
(82,182),1,1
(82,184),1,1
(82,185),1,1
(82,187),1,1
(82,189),1,1
(83,24),1,1
(83,50),1,1
(83,76),1,1
(83,85),1,1
(83,93),1,1
(83,119),1,1
(84,24),1,1
(84,50),1,1
(84,54),1,1
(84,76),1,1
(84,93),1,1
(84,123),1,1
(85,5),1,1
(85,6),1,1
(85,7),1,1
(85,8),1,1
(85,9),1,1
(85,10),1,1
(85,19),1,1
(85,24),1,1
(85,27),1,1
(85,32),1,1
(85,34),1,1
(85,36),1,1
(85,38),1,1
(85,46),1,1
(85,50),1,1
(85,56),1,1
(85,62),1,1
(85,64),1,1
(85,65),1,1
(85,68),1,1
(85,70),1,1
(85,74),1,1
(85,76),1,1
(85,83),1,1
(85,84),1,1
(85,86),1,1
(85,88),1,1
(85,93),1,1
(85,96),1,1
(85,109),1,1
(85,112),1,1
(85,114),1,1
(85,116),1,1
(85,117),1,1
(85,118),1,1
(85,120),1,1
(85,121),1,1
(85,122),1,1
(85,124),1,1
(85,136),1,1
(85,137),1,1
(85,142),1,1
(85,149),1,1
(85,156),1,1
(85,158),1,1
(85,167),1,1
(85,168),1,1
(85,171),1,1
(85,174),1,1
(85,176),1,1
(85,177),1,1
(85,178),1,1
(85,182),1,1
(85,184),1,1
(85,187),1,1
(85,189),1,1
(86,24),1,1
(86,35),1,1
(86,76),1,1
(86,85),1,1
(86,93),1,1
(87,5),1,1
(87,6),1,1
(87,7),1,1
(87,8),1,1
(87,10),1,1
(87,24),1,1
(87,26),1,1
(87,27),1,1
(87,32),1,1
(87,34),1,1
(87,35),1,1
(87,36),1,1
(87,38),1,1
(87,46),1,1
(87,50),1,1
(87,54),1,1
(87,62),1,1
(87,64),1,1
(87,65),1,1
(87,68),1,1
(87,69),1,1
(87,70),1,1
(87,74),1,1
(87,76),1,1
(87,84),1,1
(87,86),1,1
(87,88),1,1
(87,93),1,1
(87,96),1,1
(87,109),1,1
(87,112),1,1
(87,114),1,1
(87,116),1,1
(87,118),1,1
(87,120),1,1
(87,121),1,1
(87,122),1,1
(87,123),1,1
(87,124),1,1
(87,136),1,1
(87,137),1,1
(87,142),1,1
(87,151),1,1
(87,156),1,1
(87,158),1,1
(87,168),1,1
(87,171),1,1
(87,174),1,1
(87,176),1,1
(87,178),1,1
(87,182),1,1
(87,184),1,1
(87,187),1,1
(87,189),1,1
(88,24),1,1
(88,35),1,1
(88,76),1,1
(88,93),1,1
(88,123),1,1
(89,24),1,1
(89,33),1,1
(89,51),1,1
(89,76),1,1
(89,93),1,1
(89,119),1,1
(89,123),1,1
(90,24),1,1
(90,49),1,1
(90,50),1,1
(90,54),1,1
(90,76),1,1
(90,85),1,1
(90,93),1,1
(90,123),1,1
(90,152),1,1
(91,20),1,1
(91,24),1,1
(91,50),1,1
(91,76),1,1
(91,93),1,1
(91,123),1,1
(92,5),1,1
(92,6),1,1
(92,7),1,1
(92,8),1,1
(92,19),1,1
(92,24),1,1
(92,26),1,1
(92,27),1,1
(92,32),1,1
(92,34),1,1
(92,36),1,1
(92,38),1,1
(92,46),1,1
(92,49),1,1
(92,50),1,1
(92,54),1,1
(92,62),1,1
(92,64),1,1
(92,65),1,1
(92,68),1,1
(92,70),1,1
(92,72),1,1
(92,74),1,1
(92,76),1,1
(92,84),1,1
(92,86),1,1
(92,88),1,1
(92,93),1,1
(92,96),1,1
(92,97),1,1
(92,109),1,1
(92,112),1,1
(92,114),1,1
(92,116),1,1
(92,117),1,1
(92,120),1,1
(92,121),1,1
(92,122),1,1
(92,124),1,1
(92,125),1,1
(92,136),1,1
(92,137),1,1
(92,142),1,1
(92,143),1,1
(92,145),1,1
(92,148),1,1
(92,149),1,1
(92,156),1,1
(92,158),1,1
(92,168),1,1
(92,171),1,1
(92,174),1,1
(92,176),1,1
(92,177),1,1
(92,178),1,1
(92,182),1,1
(92,184),1,1
(92,187),1,1
(92,189),1,1
(93,8),1,1
(93,154),1,1
(93,182),1,1
(94,6),1,1
(94,7),1,1
(94,9),1,1
(94,10),1,1
(94,12),1,1
(94,19),1,1
(94,24),1,1
(94,26),1,1
(94,27),1,1
(94,34),1,1
(94,36),1,1
(94,38),1,1
(94,46),1,1
(94,50),1,1
(94,53),1,1
(94,56),1,1
(94,62),1,1
(94,64),1,1
(94,65),1,1
(94,68),1,1
(94,70),1,1
(94,74),1,1
(94,76),1,1
(94,84),1,1
(94,86),1,1
(94,88),1,1
(94,93),1,1
(94,96),1,1
(94,97),1,1
(94,109),1,1
(94,112),1,1
(94,114),1,1
(94,118),1,1
(94,120),1,1
(94,121),1,1
(94,122),1,1
(94,124),1,1
(94,136),1,1
(94,137),1,1
(94,142),1,1
(94,143),1,1
(94,156),1,1
(94,158),1,1
(94,168),1,1
(94,170),1,1
(94,171),1,1
(94,174),1,1
(94,176),1,1
(94,178),1,1
(94,184),1,1
(94,187),1,1
(94,189),1,1
(95,2),1,1
(95,5),1,1
(95,6),1,1
(95,7),1,1
(95,9),1,1
(95,10),1,1
(95,19),1,1
(95,24),1,1
(95,26),1,1
(95,27),1,1
(95,32),1,1
(95,34),1,1
(95,35),1,1
(95,36),1,1
(95,38),1,1
(95,40),1,1
(95,46),1,1
(95,49),1,1
(95,51),1,1
(95,53),1,1
(95,56),1,1
(95,64),1,1
(95,65),1,1
(95,68),1,1
(95,70),1,1
(95,74),1,1
(95,76),1,1
(95,79),1,1
(95,84),1,1
(95,86),1,1
(95,88),1,1
(95,93),1,1
(95,96),1,1
(95,97),1,1
(95,109),1,1
(95,114),1,1
(95,118),1,1
(95,120),1,1
(95,121),1,1
(95,122),1,1
(95,124),1,1
(95,136),1,1
(95,137),1,1
(95,142),1,1
(95,149),1,1
(95,151),1,1
(95,153),1,1
(95,156),1,1
(95,158),1,1
(95,168),1,1
(95,171),1,1
(95,174),1,1
(95,177),1,1
(95,178),1,1
(95,182),1,1
(95,187),1,1
(95,189),1,1
(96,24),1,1
(96,50),1,1
(96,76),1,1
(96,79),1,1
(96,83),1,1
(96,93),1,1
(97,24),1,1
(97,76),1,1
(97,85),1,1
(97,93),1,1
(98,0),1,1
(98,6),1,1
(98,7),1,1
(98,9),1,1
(98,10),1,1
(98,24),1,1
(98,26),1,1
(98,27),1,1
(98,34),1,1
(98,36),1,1
(98,38),1,1
(98,46),1,1
(98,50),1,1
(98,51),1,1
(98,54),1,1
(98,56),1,1
(98,62),1,1
(98,64),1,1
(98,65),1,1
(98,68),1,1
(98,69),1,1
(98,70),1,1
(98,74),1,1
(98,76),1,1
(98,84),1,1
(98,86),1,1
(98,88),1,1
(98,93),1,1
(98,96),1,1
(98,97),1,1
(98,109),1,1
(98,112),1,1
(98,114),1,1
(98,116),1,1
(98,118),1,1
(98,120),1,1
(98,121),1,1
(98,122),1,1
(98,124),1,1
(98,136),1,1
(98,137),1,1
(98,138),1,1
(98,142),1,1
(98,149),1,1
(98,155),1,1
(98,156),1,1
(98,158),1,1
(98,165),1,1
(98,167),1,1
(98,168),1,1
(98,169),1,1
(98,170),1,1
(98,171),1,1
(98,174),1,1
(98,176),1,1
(98,178),1,1
(98,187),1,1
(98,189),1,1
(99,0),1,1
(99,5),1,1
(99,6),1,1
(99,7),1,1
(99,9),1,1
(99,10),1,1
(99,13),1,1
(99,24),1,1
(99,26),1,1
(99,27),1,1
(99,32),1,1
(99,34),1,1
(99,36),1,1
(99,38),1,1
(99,46),1,1
(99,50),1,1
(99,52),1,1
(99,53),1,1
(99,54),1,1
(99,56),1,1
(99,62),1,1
(99,65),1,1
(99,68),1,1
(99,70),1,1
(99,74),1,1
(99,76),1,1
(99,84),1,1
(99,85),1,1
(99,86),1,1
(99,88),1,1
(99,93),1,1
(99,96),1,1
(99,97),1,1
(99,104),1,1
(99,114),1,1
(99,116),1,1
(99,118),1,1
(99,120),1,1
(99,121),1,1
(99,122),1,1
(99,123),1,1
(99,124),1,1
(99,136),1,1
(99,137),1,1
(99,139),1,1
(99,142),1,1
(99,143),1,1
(99,144),1,1
(99,156),1,1
(99,158),1,1
(99,168),1,1
(99,169),1,1
(99,170),1,1
(99,171),1,1
(99,174),1,1
(99,176),1,1
(99,177),1,1
(99,178),1,1
(99,182),1,1
(99,184),1,1
(99,187),1,1
(99,189),1,1
(100,24),1,1
(100,49),1,1
(100,76),1,1
(100,85),1,1
(100,93),1,1
(100,123),1,1
(101,2),1,1
(101,3),1,1
(101,6),1,1
(101,7),1,1
(101,8),1,1
(101,10),1,1
(101,27),1,1
(101,34),1,1
(101,36),1,1
(101,38),1,1
(101,46),1,1
(101,50),1,1
(101,54),1,1
(101,56),1,1
(101,62),1,1
(101,64),1,1
(101,68),1,1
(101,69),1,1
(101,70),1,1
(101,74),1,1
(101,76),1,1
(101,79),1,1
(101,83),1,1
(101,84),1,1
(101,86),1,1
(101,88),1,1
(101,93),1,1
(101,96),1,1
(101,97),1,1
(101,109),1,1
(101,112),1,1
(101,114),1,1
(101,116),1,1
(101,118),1,1
(101,120),1,1
(101,121),1,1
(101,122),1,1
(101,123),1,1
(101,124),1,1
(101,136),1,1
(101,137),1,1
(101,142),1,1
(101,143),1,1
(101,148),1,1
(101,156),1,1
(101,158),1,1
(101,168),1,1
(101,170),1,1
(101,171),1,1
(101,174),1,1
(101,175),1,1
(101,176),1,1
(101,178),1,1
(101,182),1,1
(101,187),1,1
(101,189),1,1
(102,24),1,1
(102,76),1,1
(102,79),1,1
(102,85),1,1
(102,93),1,1
(102,123),1,1
(103,76),1,1
(103,83),1,1
(103,85),1,1
(103,93),1,1
(103,119),1,1
(103,123),1,1
(103,159),1,1
(104,24),1,1
(104,51),1,1
(104,76),1,1
(104,79),1,1
(104,83),1,1
(104,85),1,1
(104,93),1,1
(104,119),1,1
(104,179),1,1
(105,5),1,1
(105,6),1,1
(105,7),1,1
(105,19),1,1
(105,24),1,1
(105,26),1,1
(105,27),1,1
(105,32),1,1
(105,34),1,1
(105,36),1,1
(105,38),1,1
(105,46),1,1
(105,50),1,1
(105,58),1,1
(105,62),1,1
(105,64),1,1
(105,65),1,1
(105,68),1,1
(105,70),1,1
(105,76),1,1
(105,84),1,1
(105,85),1,1
(105,86),1,1
(105,88),1,1
(105,93),1,1
(105,96),1,1
(105,97),1,1
(105,98),1,1
(105,109),1,1
(105,112),1,1
(105,114),1,1
(105,116),1,1
(105,120),1,1
(105,121),1,1
(105,122),1,1
(105,124),1,1
(105,136),1,1
(105,137),1,1
(105,142),1,1
(105,143),1,1
(105,153),1,1
(105,156),1,1
(105,158),1,1
(105,167),1,1
(105,168),1,1
(105,171),1,1
(105,174),1,1
(105,176),1,1
(105,177),1,1
(105,178),1,1
(105,184),1,1
(105,187),1,1
(105,189),1,1
(106,6),1,1
(106,7),1,1
(106,10),1,1
(106,19),1,1
(106,24),1,1
(106,27),1,1
(106,32),1,1
(106,34),1,1
(106,36),1,1
(106,38),1,1
(106,46),1,1
(106,62),1,1
(106,64),1,1
(106,65),1,1
(106,68),1,1
(106,69),1,1
(106,70),1,1
(106,76),1,1
(106,84),1,1
(106,86),1,1
(106,88),1,1
(106,93),1,1
(106,96),1,1
(106,97),1,1
(106,104),1,1
(106,109),1,1
(106,112),1,1
(106,114),1,1
(106,116),1,1
(106,118),1,1
(106,120),1,1
(106,121),1,1
(106,122),1,1
(106,123),1,1
(106,124),1,1
(106,136),1,1
(106,137),1,1
(106,140),1,1
(106,142),1,1
(106,143),1,1
(106,148),1,1
(106,156),1,1
(106,158),1,1
(106,167),1,1
(106,168),1,1
(106,171),1,1
(106,174),1,1
(106,177),1,1
(106,178),1,1
(106,182),1,1
(106,184),1,1
(106,187),1,1
(106,189),1,1
(107,20),1,1
(107,76),1,1
(107,83),1,1
(107,93),1,1
(107,123),1,1
(107,125),1,1
(108,5),1,1
(108,6),1,1
(108,7),1,1
(108,26),1,1
(108,27),1,1
(108,32),1,1
(108,34),1,1
(108,36),1,1
(108,38),1,1
(108,46),1,1
(108,63),1,1
(108,64),1,1
(108,68),1,1
(108,70),1,1
(108,74),1,1
(108,76),1,1
(108,84),1,1
(108,85),1,1
(108,86),1,1
(108,88),1,1
(108,93),1,1
(108,96),1,1
(108,97),1,1
(108,112),1,1
(108,114),1,1
(108,116),1,1
(108,118),1,1
(108,120),1,1
(108,121),1,1
(108,122),1,1
(108,123),1,1
(108,124),1,1
(108,136),1,1
(108,137),1,1
(108,142),1,1
(108,143),1,1
(108,149),1,1
(108,156),1,1
(108,158),1,1
(108,159),1,1
(108,165),1,1
(108,168),1,1
(108,171),1,1
(108,174),1,1
(108,176),1,1
(108,178),1,1
(108,182),1,1
(108,187),1,1
(108,189),1,1
(109,24),1,1
(109,50),1,1
(109,76),1,1
(109,93),1,1
(110,5),1,1
(110,6),1,1
(110,7),1,1
(110,8),1,1
(110,9),1,1
(110,10),1,1
(110,24),1,1
(110,27),1,1
(110,29),1,1
(110,34),1,1
(110,36),1,1
(110,38),1,1
(110,46),1,1
(110,50),1,1
(110,53),1,1
(110,54),1,1
(110,56),1,1
(110,64),1,1
(110,65),1,1
(110,68),1,1
(110,69),1,1
(110,70),1,1
(110,74),1,1
(110,76),1,1
(110,79),1,1
(110,84),1,1
(110,86),1,1
(110,88),1,1
(110,93),1,1
(110,96),1,1
(110,97),1,1
(110,112),1,1
(110,114),1,1
(110,116),1,1
(110,118),1,1
(110,119),1,1
(110,120),1,1
(110,121),1,1
(110,122),1,1
(110,123),1,1
(110,124),1,1
(110,136),1,1
(110,137),1,1
(110,138),1,1
(110,142),1,1
(110,143),1,1
(110,149),1,1
(110,156),1,1
(110,158),1,1
(110,168),1,1
(110,170),1,1
(110,171),1,1
(110,174),1,1
(110,177),1,1
(110,178),1,1
(110,187),1,1
(110,189),1,1
(111,5),1,1
(111,6),1,1
(111,7),1,1
(111,10),1,1
(111,19),1,1
(111,24),1,1
(111,26),1,1
(111,27),1,1
(111,32),1,1
(111,34),1,1
(111,36),1,1
(111,38),1,1
(111,46),1,1
(111,50),1,1
(111,54),1,1
(111,65),1,1
(111,68),1,1
(111,69),1,1
(111,70),1,1
(111,76),1,1
(111,79),1,1
(111,84),1,1
(111,86),1,1
(111,88),1,1
(111,93),1,1
(111,96),1,1
(111,97),1,1
(111,109),1,1
(111,112),1,1
(111,114),1,1
(111,116),1,1
(111,118),1,1
(111,120),1,1
(111,121),1,1
(111,122),1,1
(111,123),1,1
(111,124),1,1
(111,136),1,1
(111,137),1,1
(111,142),1,1
(111,153),1,1
(111,156),1,1
(111,158),1,1
(111,167),1,1
(111,168),1,1
(111,169),1,1
(111,170),1,1
(111,171),1,1
(111,174),1,1
(111,176),1,1
(111,178),1,1
(111,187),1,1
(111,189),1,1
(112,24),1,1
(112,50),1,1
(112,54),1,1
(112,76),1,1
(112,85),1,1
(112,93),1,1
(112,123),1,1
(113,24),1,1
(113,76),1,1
(113,83),1,1
(113,85),1,1
(113,93),1,1
(114,24),1,1
(114,50),1,1
(114,76),1,1
(114,85),1,1
(114,93),1,1
(114,123),1,1
(114,159),1,1
(114,185),1,1
(115,24),1,1
(115,51),1,1
(115,76),1,1
(115,83),1,1
(115,85),1,1
(115,90),1,1
(115,93),1,1
(115,105),1,1
(115,119),1,1
(117,24),1,1
(117,51),1,1
(117,54),1,1
(117,76),1,1
(117,85),1,1
(117,93),1,1
(117,125),1,1
(118,24),1,1
(118,35),1,1
(118,49),1,1
(118,50),1,1
(118,76),1,1
(118,93),1,1
(118,119),1,1
(118,123),1,1
(119,24),1,1
(119,33),1,1
(119,54),1,1
(119,76),1,1
(119,93),1,1
(119,123),1,1
(120,182),1,1
(121,2),1,1
(121,54),1,1
(121,76),1,1
(121,85),1,1
(121,93),1,1
(121,119),1,1
(121,141),1,1
(121,185),1,1
(122,24),1,1
(122,50),1,1
(122,76),1,1
(122,93),1,1
(122,119),1,1
(122,179),1,1
(124,12),1,1
(124,72),1,1
(125,8),1,1
(126,6),1,1
(126,7),1,1
(126,9),1,1
(126,10),1,1
(126,24),1,1
(126,26),1,1
(126,27),1,1
(126,34),1,1
(126,36),1,1
(126,38),1,1
(126,46),1,1
(126,50),1,1
(126,51),1,1
(126,62),1,1
(126,64),1,1
(126,68),1,1
(126,70),1,1
(126,74),1,1
(126,76),1,1
(126,84),1,1
(126,85),1,1
(126,86),1,1
(126,88),1,1
(126,93),1,1
(126,95),1,1
(126,96),1,1
(126,97),1,1
(126,108),1,1
(126,109),1,1
(126,112),1,1
(126,114),1,1
(126,116),1,1
(126,118),1,1
(126,120),1,1
(126,121),1,1
(126,122),1,1
(126,123),1,1
(126,124),1,1
(126,132),1,1
(126,136),1,1
(126,137),1,1
(126,142),1,1
(126,143),1,1
(126,149),1,1
(126,151),1,1
(126,156),1,1
(126,158),1,1
(126,168),1,1
(126,171),1,1
(126,174),1,1
(126,176),1,1
(126,178),1,1
(126,187),1,1
(126,189),1,1
(127,24),1,1
(127,35),1,1
(127,50),1,1
(127,76),1,1
(127,93),1,1
(127,123),1,1
(128,2),1,1
(128,5),1,1
(128,6),1,1
(128,7),1,1
(128,9),1,1
(128,10),1,1
(128,24),1,1
(128,26),1,1
(128,27),1,1
(128,32),1,1
(128,34),1,1
(128,35),1,1
(128,36),1,1
(128,38),1,1
(128,46),1,1
(128,52),1,1
(128,56),1,1
(128,64),1,1
(128,68),1,1
(128,70),1,1
(128,74),1,1
(128,76),1,1
(128,84),1,1
(128,86),1,1
(128,88),1,1
(128,93),1,1
(128,96),1,1
(128,97),1,1
(128,109),1,1
(128,112),1,1
(128,114),1,1
(128,116),1,1
(128,120),1,1
(128,121),1,1
(128,122),1,1
(128,124),1,1
(128,136),1,1
(128,137),1,1
(128,142),1,1
(128,143),1,1
(128,149),1,1
(128,151),1,1
(128,156),1,1
(128,167),1,1
(128,168),1,1
(128,170),1,1
(128,171),1,1
(128,174),1,1
(128,177),1,1
(128,178),1,1
(128,184),1,1
(128,187),1,1
(128,189),1,1
(129,0),1,1
(129,5),1,1
(129,6),1,1
(129,7),1,1
(129,9),1,1
(129,24),1,1
(129,26),1,1
(129,27),1,1
(129,32),1,1
(129,34),1,1
(129,36),1,1
(129,38),1,1
(129,46),1,1
(129,62),1,1
(129,65),1,1
(129,68),1,1
(129,69),1,1
(129,70),1,1
(129,76),1,1
(129,83),1,1
(129,84),1,1
(129,86),1,1
(129,88),1,1
(129,93),1,1
(129,96),1,1
(129,97),1,1
(129,112),1,1
(129,114),1,1
(129,116),1,1
(129,117),1,1
(129,118),1,1
(129,120),1,1
(129,121),1,1
(129,122),1,1
(129,123),1,1
(129,124),1,1
(129,136),1,1
(129,137),1,1
(129,139),1,1
(129,142),1,1
(129,143),1,1
(129,149),1,1
(129,151),1,1
(129,156),1,1
(129,158),1,1
(129,168),1,1
(129,170),1,1
(129,171),1,1
(129,174),1,1
(129,176),1,1
(129,178),1,1
(129,184),1,1
(129,187),1,1
(129,189),1,1
(130,6),1,1
(130,7),1,1
(130,8),1,1
(130,9),1,1
(130,10),1,1
(130,19),1,1
(130,24),1,1
(130,27),1,1
(130,32),1,1
(130,34),1,1
(130,36),1,1
(130,38),1,1
(130,46),1,1
(130,51),1,1
(130,62),1,1
(130,64),1,1
(130,65),1,1
(130,68),1,1
(130,70),1,1
(130,74),1,1
(130,76),1,1
(130,83),1,1
(130,84),1,1
(130,85),1,1
(130,86),1,1
(130,88),1,1
(130,93),1,1
(130,96),1,1
(130,97),1,1
(130,109),1,1
(130,112),1,1
(130,114),1,1
(130,119),1,1
(130,120),1,1
(130,121),1,1
(130,122),1,1
(130,124),1,1
(130,136),1,1
(130,137),1,1
(130,142),1,1
(130,143),1,1
(130,149),1,1
(130,151),1,1
(130,156),1,1
(130,158),1,1
(130,167),1,1
(130,168),1,1
(130,169),1,1
(130,171),1,1
(130,174),1,1
(130,178),1,1
(130,182),1,1
(130,184),1,1
(130,187),1,1
(130,189),1,1
(131,5),1,1
(131,6),1,1
(131,7),1,1
(131,8),1,1
(131,9),1,1
(131,24),1,1
(131,26),1,1
(131,27),1,1
(131,32),1,1
(131,34),1,1
(131,36),1,1
(131,38),1,1
(131,46),1,1
(131,50),1,1
(131,53),1,1
(131,54),1,1
(131,64),1,1
(131,68),1,1
(131,70),1,1
(131,74),1,1
(131,76),1,1
(131,84),1,1
(131,85),1,1
(131,86),1,1
(131,88),1,1
(131,93),1,1
(131,96),1,1
(131,109),1,1
(131,114),1,1
(131,116),1,1
(131,118),1,1
(131,120),1,1
(131,121),1,1
(131,122),1,1
(131,124),1,1
(131,125),1,1
(131,136),1,1
(131,137),1,1
(131,142),1,1
(131,143),1,1
(131,148),1,1
(131,151),1,1
(131,156),1,1
(131,158),1,1
(131,168),1,1
(131,169),1,1
(131,170),1,1
(131,171),1,1
(131,172),1,1
(131,174),1,1
(131,178),1,1
(131,182),1,1
(131,184),1,1
(131,187),1,1
(131,189),1,1
(132,5),1,1
(132,6),1,1
(132,7),1,1
(132,8),1,1
(132,10),1,1
(132,19),1,1
(132,24),1,1
(132,27),1,1
(132,32),1,1
(132,33),1,1
(132,34),1,1
(132,36),1,1
(132,38),1,1
(132,46),1,1
(132,50),1,1
(132,62),1,1
(132,64),1,1
(132,65),1,1
(132,68),1,1
(132,69),1,1
(132,70),1,1
(132,76),1,1
(132,83),1,1
(132,84),1,1
(132,85),1,1
(132,86),1,1
(132,88),1,1
(132,93),1,1
(132,96),1,1
(132,109),1,1
(132,114),1,1
(132,116),1,1
(132,120),1,1
(132,121),1,1
(132,122),1,1
(132,123),1,1
(132,124),1,1
(132,136),1,1
(132,137),1,1
(132,142),1,1
(132,143),1,1
(132,148),1,1
(132,149),1,1
(132,156),1,1
(132,157),1,1
(132,168),1,1
(132,170),1,1
(132,171),1,1
(132,174),1,1
(132,176),1,1
(132,178),1,1
(132,182),1,1
(132,184),1,1
(132,187),1,1
(132,189),1,1
(133,24),1,1
(133,49),1,1
(133,50),1,1
(133,54),1,1
(133,73),1,1
(133,76),1,1
(133,93),1,1
(133,123),1,1
(134,3),1,1
(134,6),1,1
(134,7),1,1
(134,9),1,1
(134,24),1,1
(134,26),1,1
(134,27),1,1
(134,32),1,1
(134,34),1,1
(134,36),1,1
(134,38),1,1
(134,46),1,1
(134,49),1,1
(134,50),1,1
(134,51),1,1
(134,62),1,1
(134,64),1,1
(134,65),1,1
(134,68),1,1
(134,69),1,1
(134,70),1,1
(134,74),1,1
(134,76),1,1
(134,84),1,1
(134,86),1,1
(134,88),1,1
(134,93),1,1
(134,95),1,1
(134,96),1,1
(134,109),1,1
(134,112),1,1
(134,114),1,1
(134,117),1,1
(134,118),1,1
(134,120),1,1
(134,121),1,1
(134,122),1,1
(134,123),1,1
(134,124),1,1
(134,136),1,1
(134,137),1,1
(134,142),1,1
(134,143),1,1
(134,149),1,1
(134,151),1,1
(134,156),1,1
(134,158),1,1
(134,168),1,1
(134,171),1,1
(134,174),1,1
(134,176),1,1
(134,178),1,1
(134,184),1,1
(134,187),1,1
(134,189),1,1
(136,24),1,1
(136,35),1,1
(136,50),1,1
(136,76),1,1
(136,83),1,1
(136,93),1,1
(137,24),1,1
(137,35),1,1
(137,76),1,1
(137,83),1,1
(137,93),1,1
(137,123),1,1
(138,3),1,1
(138,6),1,1
(138,7),1,1
(138,9),1,1
(138,24),1,1
(138,26),1,1
(138,27),1,1
(138,33),1,1
(138,34),1,1
(138,36),1,1
(138,38),1,1
(138,40),1,1
(138,46),1,1
(138,50),1,1
(138,62),1,1
(138,64),1,1
(138,65),1,1
(138,68),1,1
(138,69),1,1
(138,70),1,1
(138,76),1,1
(138,84),1,1
(138,86),1,1
(138,88),1,1
(138,93),1,1
(138,96),1,1
(138,97),1,1
(138,109),1,1
(138,114),1,1
(138,116),1,1
(138,119),1,1
(138,120),1,1
(138,121),1,1
(138,122),1,1
(138,123),1,1
(138,124),1,1
(138,132),1,1
(138,136),1,1
(138,137),1,1
(138,142),1,1
(138,151),1,1
(138,156),1,1
(138,158),1,1
(138,168),1,1
(138,171),1,1
(138,174),1,1
(138,176),1,1
(138,178),1,1
(138,184),1,1
(138,187),1,1
(138,189),1,1
(139,6),1,1
(139,7),1,1
(139,10),1,1
(139,24),1,1
(139,26),1,1
(139,27),1,1
(139,29),1,1
(139,32),1,1
(139,34),1,1
(139,36),1,1
(139,38),1,1
(139,46),1,1
(139,50),1,1
(139,53),1,1
(139,64),1,1
(139,65),1,1
(139,68),1,1
(139,70),1,1
(139,73),1,1
(139,74),1,1
(139,76),1,1
(139,79),1,1
(139,81),1,1
(139,84),1,1
(139,86),1,1
(139,88),1,1
(139,93),1,1
(139,96),1,1
(139,97),1,1
(139,109),1,1
(139,112),1,1
(139,114),1,1
(139,118),1,1
(139,120),1,1
(139,121),1,1
(139,122),1,1
(139,124),1,1
(139,136),1,1
(139,137),1,1
(139,142),1,1
(139,143),1,1
(139,151),1,1
(139,156),1,1
(139,168),1,1
(139,171),1,1
(139,174),1,1
(139,176),1,1
(139,177),1,1
(139,178),1,1
(139,179),1,1
(139,182),1,1
(139,184),1,1
(139,187),1,1
(139,189),1,1
(140,6),1,1
(140,7),1,1
(140,8),1,1
(140,9),1,1
(140,10),1,1
(140,24),1,1
(140,26),1,1
(140,27),1,1
(140,29),1,1
(140,34),1,1
(140,36),1,1
(140,38),1,1
(140,46),1,1
(140,50),1,1
(140,53),1,1
(140,62),1,1
(140,64),1,1
(140,65),1,1
(140,68),1,1
(140,69),1,1
(140,70),1,1
(140,76),1,1
(140,84),1,1
(140,86),1,1
(140,88),1,1
(140,93),1,1
(140,96),1,1
(140,97),1,1
(140,109),1,1
(140,112),1,1
(140,114),1,1
(140,116),1,1
(140,117),1,1
(140,118),1,1
(140,120),1,1
(140,121),1,1
(140,122),1,1
(140,123),1,1
(140,124),1,1
(140,132),1,1
(140,136),1,1
(140,137),1,1
(140,142),1,1
(140,145),1,1
(140,149),1,1
(140,156),1,1
(140,158),1,1
(140,168),1,1
(140,170),1,1
(140,171),1,1
(140,174),1,1
(140,176),1,1
(140,178),1,1
(140,184),1,1
(140,187),1,1
(140,189),1,1
(141,6),1,1
(141,7),1,1
(141,10),1,1
(141,22),1,1
(141,24),1,1
(141,27),1,1
(141,34),1,1
(141,36),1,1
(141,38),1,1
(141,46),1,1
(141,47),1,1
(141,50),1,1
(141,54),1,1
(141,56),1,1
(141,64),1,1
(141,65),1,1
(141,68),1,1
(141,69),1,1
(141,70),1,1
(141,72),1,1
(141,73),1,1
(141,74),1,1
(141,76),1,1
(141,84),1,1
(141,86),1,1
(141,88),1,1
(141,90),1,1
(141,93),1,1
(141,96),1,1
(141,97),1,1
(141,109),1,1
(141,112),1,1
(141,114),1,1
(141,120),1,1
(141,121),1,1
(141,122),1,1
(141,124),1,1
(141,136),1,1
(141,137),1,1
(141,142),1,1
(141,143),1,1
(141,145),1,1
(141,156),1,1
(141,158),1,1
(141,168),1,1
(141,171),1,1
(141,174),1,1
(141,176),1,1
(141,178),1,1
(141,187),1,1
(141,189),1,1
(142,20),1,1
(142,24),1,1
(142,50),1,1
(142,54),1,1
(142,76),1,1
(142,83),1,1
(142,85),1,1
(142,93),1,1
(142,123),1,1
(143,24),1,1
(143,35),1,1
(143,54),1,1
(143,76),1,1
(143,93),1,1
(143,119),1,1
(143,123),1,1
(144,155),1,1
(144,182),1,1
(145,2),1,1
(145,3),1,1
(145,5),1,1
(145,6),1,1
(145,7),1,1
(145,9),1,1
(145,10),1,1
(145,24),1,1
(145,26),1,1
(145,27),1,1
(145,32),1,1
(145,34),1,1
(145,35),1,1
(145,36),1,1
(145,38),1,1
(145,46),1,1
(145,50),1,1
(145,54),1,1
(145,56),1,1
(145,64),1,1
(145,65),1,1
(145,68),1,1
(145,69),1,1
(145,70),1,1
(145,74),1,1
(145,76),1,1
(145,84),1,1
(145,85),1,1
(145,86),1,1
(145,88),1,1
(145,93),1,1
(145,95),1,1
(145,96),1,1
(145,97),1,1
(145,112),1,1
(145,114),1,1
(145,116),1,1
(145,118),1,1
(145,120),1,1
(145,121),1,1
(145,122),1,1
(145,124),1,1
(145,136),1,1
(145,137),1,1
(145,138),1,1
(145,140),1,1
(145,142),1,1
(145,143),1,1
(145,151),1,1
(145,155),1,1
(145,156),1,1
(145,158),1,1
(145,168),1,1
(145,171),1,1
(145,174),1,1
(145,176),1,1
(145,177),1,1
(145,178),1,1
(145,182),1,1
(145,184),1,1
(145,187),1,1
(145,189),1,1
(146,24),1,1
(146,50),1,1
(146,76),1,1
(146,85),1,1
(146,93),1,1
(146,159),1,1
(147,3),1,1
(147,5),1,1
(147,6),1,1
(147,7),1,1
(147,8),1,1
(147,19),1,1
(147,24),1,1
(147,27),1,1
(147,32),1,1
(147,34),1,1
(147,35),1,1
(147,36),1,1
(147,38),1,1
(147,46),1,1
(147,50),1,1
(147,62),1,1
(147,64),1,1
(147,65),1,1
(147,68),1,1
(147,69),1,1
(147,70),1,1
(147,74),1,1
(147,76),1,1
(147,83),1,1
(147,84),1,1
(147,85),1,1
(147,86),1,1
(147,88),1,1
(147,93),1,1
(147,96),1,1
(147,97),1,1
(147,109),1,1
(147,112),1,1
(147,114),1,1
(147,118),1,1
(147,120),1,1
(147,121),1,1
(147,122),1,1
(147,123),1,1
(147,124),1,1
(147,136),1,1
(147,137),1,1
(147,138),1,1
(147,142),1,1
(147,143),1,1
(147,149),1,1
(147,151),1,1
(147,156),1,1
(147,158),1,1
(147,167),1,1
(147,168),1,1
(147,169),1,1
(147,170),1,1
(147,171),1,1
(147,174),1,1
(147,176),1,1
(147,178),1,1
(147,184),1,1
(147,187),1,1
(147,189),1,1
(148,24),1,1
(148,49),1,1
(148,76),1,1
(148,93),1,1
(148,123),1,1
(149,35),1,1
(149,54),1,1
(149,73),1,1
(149,76),1,1
(149,85),1,1
(149,93),1,1
(149,119),1,1
(149,123),1,1
(151,24),1,1
(151,76),1,1
(151,85),1,1
(151,93),1,1
(151,123),1,1
(152,24),1,1
(152,35),1,1
(152,54),1,1
(152,76),1,1
(152,93),1,1
(153,12),1,1
(153,155),1,1
(154,3),1,1
(154,5),1,1
(154,6),1,1
(154,7),1,1
(154,9),1,1
(154,24),1,1
(154,27),1,1
(154,29),1,1
(154,32),1,1
(154,34),1,1
(154,36),1,1
(154,38),1,1
(154,46),1,1
(154,50),1,1
(154,52),1,1
(154,56),1,1
(154,64),1,1
(154,68),1,1
(154,70),1,1
(154,73),1,1
(154,74),1,1
(154,76),1,1
(154,79),1,1
(154,84),1,1
(154,86),1,1
(154,88),1,1
(154,93),1,1
(154,96),1,1
(154,97),1,1
(154,109),1,1
(154,112),1,1
(154,114),1,1
(154,118),1,1
(154,120),1,1
(154,121),1,1
(154,122),1,1
(154,123),1,1
(154,124),1,1
(154,132),1,1
(154,136),1,1
(154,137),1,1
(154,142),1,1
(154,149),1,1
(154,155),1,1
(154,156),1,1
(154,158),1,1
(154,168),1,1
(154,169),1,1
(154,171),1,1
(154,174),1,1
(154,176),1,1
(154,177),1,1
(154,178),1,1
(154,182),1,1
(154,185),1,1
(154,187),1,1
(154,189),1,1
(155,0),1,1
(155,5),1,1
(155,6),1,1
(155,7),1,1
(155,9),1,1
(155,19),1,1
(155,24),1,1
(155,26),1,1
(155,27),1,1
(155,34),1,1
(155,36),1,1
(155,38),1,1
(155,46),1,1
(155,50),1,1
(155,51),1,1
(155,56),1,1
(155,62),1,1
(155,64),1,1
(155,65),1,1
(155,68),1,1
(155,69),1,1
(155,70),1,1
(155,76),1,1
(155,84),1,1
(155,85),1,1
(155,86),1,1
(155,88),1,1
(155,93),1,1
(155,96),1,1
(155,97),1,1
(155,109),1,1
(155,112),1,1
(155,114),1,1
(155,118),1,1
(155,120),1,1
(155,121),1,1
(155,122),1,1
(155,124),1,1
(155,136),1,1
(155,137),1,1
(155,138),1,1
(155,142),1,1
(155,143),1,1
(155,156),1,1
(155,158),1,1
(155,168),1,1
(155,171),1,1
(155,174),1,1
(155,176),1,1
(155,177),1,1
(155,178),1,1
(155,184),1,1
(155,187),1,1
(155,189),1,1
(156,24),1,1
(156,35),1,1
(156,50),1,1
(156,54),1,1
(156,73),1,1
(156,76),1,1
(156,85),1,1
(156,93),1,1
(156,119),1,1
(156,123),1,1
(157,5),1,1
(157,6),1,1
(157,7),1,1
(157,10),1,1
(157,24),1,1
(157,26),1,1
(157,27),1,1
(157,32),1,1
(157,34),1,1
(157,36),1,1
(157,38),1,1
(157,46),1,1
(157,50),1,1
(157,64),1,1
(157,68),1,1
(157,70),1,1
(157,74),1,1
(157,76),1,1
(157,78),1,1
(157,84),1,1
(157,86),1,1
(157,88),1,1
(157,93),1,1
(157,96),1,1
(157,104),1,1
(157,109),1,1
(157,112),1,1
(157,114),1,1
(157,116),1,1
(157,118),1,1
(157,120),1,1
(157,121),1,1
(157,122),1,1
(157,124),1,1
(157,136),1,1
(157,137),1,1
(157,142),1,1
(157,143),1,1
(157,145),1,1
(157,148),1,1
(157,153),1,1
(157,154),1,1
(157,156),1,1
(157,158),1,1
(157,168),1,1
(157,171),1,1
(157,174),1,1
(157,176),1,1
(157,177),1,1
(157,178),1,1
(157,182),1,1
(157,184),1,1
(157,187),1,1
(157,189),1,1
(158,8),1,1
(158,72),1,1
(158,182),1,1
(159,24),1,1
(159,50),1,1
(159,51),1,1
(159,54),1,1
(159,76),1,1
(159,93),1,1
(159,123),1,1
(159,152),1,1
(159,185),1,1
(160,5),1,1
(160,6),1,1
(160,7),1,1
(160,9),1,1
(160,10),1,1
(160,19),1,1
(160,24),1,1
(160,27),1,1
(160,34),1,1
(160,36),1,1
(160,38),1,1
(160,46),1,1
(160,50),1,1
(160,54),1,1
(160,64),1,1
(160,65),1,1
(160,68),1,1
(160,69),1,1
(160,70),1,1
(160,74),1,1
(160,76),1,1
(160,77),1,1
(160,83),1,1
(160,84),1,1
(160,86),1,1
(160,88),1,1
(160,93),1,1
(160,96),1,1
(160,97),1,1
(160,109),1,1
(160,112),1,1
(160,114),1,1
(160,116),1,1
(160,118),1,1
(160,120),1,1
(160,121),1,1
(160,122),1,1
(160,124),1,1
(160,136),1,1
(160,137),1,1
(160,142),1,1
(160,143),1,1
(160,148),1,1
(160,149),1,1
(160,151),1,1
(160,156),1,1
(160,158),1,1
(160,165),1,1
(160,168),1,1
(160,170),1,1
(160,171),1,1
(160,174),1,1
(160,176),1,1
(160,178),1,1
(160,187),1,1
(160,189),1,1
(161,24),1,1
(161,33),1,1
(161,50),1,1
(161,76),1,1
(161,85),1,1
(161,93),1,1
(161,123),1,1
(161,185),1,1
(162,6),1,1
(162,7),1,1
(162,24),1,1
(162,27),1,1
(162,34),1,1
(162,36),1,1
(162,38),1,1
(162,46),1,1
(162,47),1,1
(162,53),1,1
(162,62),1,1
(162,64),1,1
(162,65),1,1
(162,68),1,1
(162,69),1,1
(162,70),1,1
(162,74),1,1
(162,76),1,1
(162,84),1,1
(162,85),1,1
(162,86),1,1
(162,88),1,1
(162,93),1,1
(162,96),1,1
(162,97),1,1
(162,109),1,1
(162,112),1,1
(162,114),1,1
(162,118),1,1
(162,120),1,1
(162,121),1,1
(162,122),1,1
(162,124),1,1
(162,136),1,1
(162,137),1,1
(162,138),1,1
(162,142),1,1
(162,145),1,1
(162,151),1,1
(162,156),1,1
(162,167),1,1
(162,168),1,1
(162,171),1,1
(162,174),1,1
(162,176),1,1
(162,178),1,1
(162,184),1,1
(162,187),1,1
(162,189),1,1
(164,24),1,1
(164,50),1,1
(164,76),1,1
(164,93),1,1
(164,159),1,1
(165,5),1,1
(165,6),1,1
(165,7),1,1
(165,9),1,1
(165,19),1,1
(165,24),1,1
(165,27),1,1
(165,32),1,1
(165,34),1,1
(165,35),1,1
(165,36),1,1
(165,38),1,1
(165,46),1,1
(165,49),1,1
(165,54),1,1
(165,64),1,1
(165,65),1,1
(165,68),1,1
(165,70),1,1
(165,76),1,1
(165,84),1,1
(165,85),1,1
(165,86),1,1
(165,88),1,1
(165,93),1,1
(165,96),1,1
(165,97),1,1
(165,109),1,1
(165,112),1,1
(165,114),1,1
(165,118),1,1
(165,120),1,1
(165,121),1,1
(165,122),1,1
(165,123),1,1
(165,124),1,1
(165,136),1,1
(165,137),1,1
(165,142),1,1
(165,148),1,1
(165,149),1,1
(165,156),1,1
(165,158),1,1
(165,167),1,1
(165,168),1,1
(165,170),1,1
(165,171),1,1
(165,174),1,1
(165,176),1,1
(165,177),1,1
(165,178),1,1
(165,182),1,1
(165,184),1,1
(165,187),1,1
(165,189),1,1
(166,2),1,1
(166,5),1,1
(166,6),1,1
(166,7),1,1
(166,8),1,1
(166,10),1,1
(166,24),1,1
(166,27),1,1
(166,32),1,1
(166,34),1,1
(166,36),1,1
(166,38),1,1
(166,40),1,1
(166,46),1,1
(166,49),1,1
(166,50),1,1
(166,64),1,1
(166,65),1,1
(166,68),1,1
(166,69),1,1
(166,70),1,1
(166,76),1,1
(166,79),1,1
(166,84),1,1
(166,86),1,1
(166,88),1,1
(166,93),1,1
(166,96),1,1
(166,109),1,1
(166,112),1,1
(166,114),1,1
(166,116),1,1
(166,118),1,1
(166,120),1,1
(166,121),1,1
(166,122),1,1
(166,124),1,1
(166,136),1,1
(166,137),1,1
(166,142),1,1
(166,151),1,1
(166,153),1,1
(166,156),1,1
(166,158),1,1
(166,168),1,1
(166,169),1,1
(166,171),1,1
(166,174),1,1
(166,176),1,1
(166,177),1,1
(166,178),1,1
(166,184),1,1
(166,187),1,1
(166,188),1,1
(166,189),1,1
(167,6),1,1
(167,7),1,1
(167,9),1,1
(167,12),1,1
(167,24),1,1
(167,26),1,1
(167,27),1,1
(167,32),1,1
(167,34),1,1
(167,36),1,1
(167,38),1,1
(167,46),1,1
(167,50),1,1
(167,53),1,1
(167,56),1,1
(167,62),1,1
(167,64),1,1
(167,65),1,1
(167,68),1,1
(167,70),1,1
(167,74),1,1
(167,76),1,1
(167,84),1,1
(167,85),1,1
(167,86),1,1
(167,88),1,1
(167,91),1,1
(167,93),1,1
(167,96),1,1
(167,97),1,1
(167,109),1,1
(167,114),1,1
(167,116),1,1
(167,117),1,1
(167,118),1,1
(167,120),1,1
(167,121),1,1
(167,122),1,1
(167,123),1,1
(167,124),1,1
(167,136),1,1
(167,137),1,1
(167,142),1,1
(167,149),1,1
(167,156),1,1
(167,158),1,1
(167,168),1,1
(167,170),1,1
(167,171),1,1
(167,174),1,1
(167,176),1,1
(167,177),1,1
(167,178),1,1
(167,182),1,1
(167,184),1,1
(167,187),1,1
(167,189),1,1
(168,24),1,1
(168,49),1,1
(168,76),1,1
(168,79),1,1
(168,93),1,1
(170,24),1,1
(170,76),1,1
(170,85),1,1
(170,93),1,1
(170,123),1,1
(170,141),1,1
(171,24),1,1
(171,49),1,1
(171,76),1,1
(171,93),1,1
(171,123),1,1
(172,24),1,1
(172,47),1,1
(172,50),1,1
(172,76),1,1
(172,79),1,1
(172,85),1,1
(172,93),1,1
(172,123),1,1
(173,24),1,1
(173,47),1,1
(173,50),1,1
(173,51),1,1
(173,76),1,1
(173,93),1,1
(173,123),1,1
(174,24),1,1
(174,50),1,1
(174,54),1,1
(174,76),1,1
(174,85),1,1
(174,93),1,1
(174,123),1,1
(175,24),1,1
(175,35),1,1
(175,50),1,1
(175,73),1,1
(175,76),1,1
(175,79),1,1
(175,85),1,1
(175,93),1,1
(175,123),1,1
(176,24),1,1
(176,35),1,1
(176,49),1,1
(176,50),1,1
(176,51),1,1
(176,73),1,1
(176,76),1,1
(176,83),1,1
(176,93),1,1
(177,20),1,1
(177,24),1,1
(177,49),1,1
(177,76),1,1
(177,83),1,1
(177,93),1,1
(177,123),1,1
(177,159),1,1
(178,24),1,1
(178,35),1,1
(178,50),1,1
(178,76),1,1
(178,83),1,1
(178,93),1,1
(178,123),1,1
(178,185),1,1
(180,155),1,1
(181,24),1,1
(181,50),1,1
(181,76),1,1
(181,85),1,1
(181,93),1,1
(181,123),1,1
(182,72),1,1
(183,6),1,1
(183,7),1,1
(183,10),1,1
(183,24),1,1
(183,27),1,1
(183,29),1,1
(183,32),1,1
(183,34),1,1
(183,36),1,1
(183,38),1,1
(183,40),1,1
(183,46),1,1
(183,50),1,1
(183,54),1,1
(183,62),1,1
(183,64),1,1
(183,65),1,1
(183,68),1,1
(183,69),1,1
(183,70),1,1
(183,74),1,1
(183,76),1,1
(183,84),1,1
(183,86),1,1
(183,88),1,1
(183,93),1,1
(183,96),1,1
(183,109),1,1
(183,112),1,1
(183,114),1,1
(183,116),1,1
(183,118),1,1
(183,120),1,1
(183,121),1,1
(183,122),1,1
(183,123),1,1
(183,124),1,1
(183,136),1,1
(183,137),1,1
(183,142),1,1
(183,143),1,1
(183,149),1,1
(183,151),1,1
(183,156),1,1
(183,158),1,1
(183,168),1,1
(183,169),1,1
(183,171),1,1
(183,174),1,1
(183,176),1,1
(183,177),1,1
(183,178),1,1
(183,184),1,1
(183,187),1,1
(183,189),1,1
(184,24),1,1
(184,50),1,1
(184,54),1,1
(184,76),1,1
(184,85),1,1
(184,93),1,1
(184,159),1,1
(185,24),1,1
(185,50),1,1
(185,76),1,1
(185,93),1,1
(186,5),1,1
(186,6),1,1
(186,7),1,1
(186,8),1,1
(186,10),1,1
(186,13),1,1
(186,19),1,1
(186,24),1,1
(186,27),1,1
(186,29),1,1
(186,32),1,1
(186,34),1,1
(186,35),1,1
(186,36),1,1
(186,38),1,1
(186,46),1,1
(186,49),1,1
(186,51),1,1
(186,53),1,1
(186,64),1,1
(186,68),1,1
(186,70),1,1
(186,74),1,1
(186,76),1,1
(186,84),1,1
(186,86),1,1
(186,88),1,1
(186,93),1,1
(186,96),1,1
(186,109),1,1
(186,112),1,1
(186,114),1,1
(186,116),1,1
(186,118),1,1
(186,120),1,1
(186,121),1,1
(186,122),1,1
(186,123),1,1
(186,124),1,1
(186,136),1,1
(186,137),1,1
(186,142),1,1
(186,143),1,1
(186,145),1,1
(186,151),1,1
(186,153),1,1
(186,156),1,1
(186,158),1,1
(186,168),1,1
(186,171),1,1
(186,174),1,1
(186,176),1,1
(186,178),1,1
(186,184),1,1
(186,185),1,1
(186,187),1,1
(186,189),1,1
(187,24),1,1
(187,50),1,1
(187,51),1,1
(187,54),1,1
(187,76),1,1
(187,93),1,1
(187,119),1,1
(187,123),1,1
(188,12),1,1
(188,133),1,1
(188,154),1,1
(188,182),1,1
(189,2),1,1
(189,24),1,1
(189,73),1,1
(189,76),1,1
(189,79),1,1
(189,90),1,1
(189,93),1,1
(189,119),1,1
(189,123),1,1
(189,175),1,1
(190,0),1,1
(190,5),1,1
(190,6),1,1
(190,7),1,1
(190,10),1,1
(190,24),1,1
(190,26),1,1
(190,27),1,1
(190,32),1,1
(190,34),1,1
(190,35),1,1
(190,36),1,1
(190,38),1,1
(190,46),1,1
(190,50),1,1
(190,62),1,1
(190,64),1,1
(190,65),1,1
(190,68),1,1
(190,70),1,1
(190,74),1,1
(190,76),1,1
(190,78),1,1
(190,84),1,1
(190,85),1,1
(190,86),1,1
(190,88),1,1
(190,93),1,1
(190,96),1,1
(190,97),1,1
(190,109),1,1
(190,112),1,1
(190,114),1,1
(190,119),1,1
(190,120),1,1
(190,121),1,1
(190,122),1,1
(190,123),1,1
(190,124),1,1
(190,136),1,1
(190,137),1,1
(190,142),1,1
(190,145),1,1
(190,151),1,1
(190,156),1,1
(190,158),1,1
(190,167),1,1
(190,168),1,1
(190,169),1,1
(190,171),1,1
(190,174),1,1
(190,176),1,1
(190,177),1,1
(190,178),1,1
(190,182),1,1
(190,184),1,1
(190,187),1,1
(190,189),1,1
(191,24),1,1
(191,76),1,1
(191,93),1,1
(192,5),1,1
(192,6),1,1
(192,7),1,1
(192,8),1,1
(192,10),1,1
(192,24),1,1
(192,26),1,1
(192,27),1,1
(192,32),1,1
(192,34),1,1
(192,36),1,1
(192,38),1,1
(192,40),1,1
(192,46),1,1
(192,50),1,1
(192,53),1,1
(192,54),1,1
(192,62),1,1
(192,63),1,1
(192,64),1,1
(192,65),1,1
(192,68),1,1
(192,70),1,1
(192,74),1,1
(192,76),1,1
(192,84),1,1
(192,85),1,1
(192,86),1,1
(192,88),1,1
(192,93),1,1
(192,96),1,1
(192,109),1,1
(192,112),1,1
(192,114),1,1
(192,120),1,1
(192,121),1,1
(192,122),1,1
(192,123),1,1
(192,124),1,1
(192,136),1,1
(192,137),1,1
(192,138),1,1
(192,142),1,1
(192,148),1,1
(192,149),1,1
(192,151),1,1
(192,153),1,1
(192,156),1,1
(192,158),1,1
(192,167),1,1
(192,168),1,1
(192,170),1,1
(192,171),1,1
(192,172),1,1
(192,174),1,1
(192,178),1,1
(192,182),1,1
(192,187),1,1
(192,189),1,1
(193,2),1,1
(193,5),1,1
(193,6),1,1
(193,7),1,1
(193,10),1,1
(193,19),1,1
(193,24),1,1
(193,26),1,1
(193,27),1,1
(193,34),1,1
(193,35),1,1
(193,36),1,1
(193,38),1,1
(193,46),1,1
(193,54),1,1
(193,62),1,1
(193,64),1,1
(193,68),1,1
(193,69),1,1
(193,70),1,1
(193,76),1,1
(193,84),1,1
(193,86),1,1
(193,88),1,1
(193,93),1,1
(193,96),1,1
(193,97),1,1
(193,109),1,1
(193,112),1,1
(193,114),1,1
(193,116),1,1
(193,117),1,1
(193,120),1,1
(193,121),1,1
(193,122),1,1
(193,123),1,1
(193,124),1,1
(193,136),1,1
(193,137),1,1
(193,138),1,1
(193,142),1,1
(193,149),1,1
(193,151),1,1
(193,153),1,1
(193,156),1,1
(193,158),1,1
(193,168),1,1
(193,171),1,1
(193,174),1,1
(193,176),1,1
(193,178),1,1
(193,187),1,1
(193,189),1,1
(194,24),1,1
(194,54),1,1
(194,76),1,1
(194,93),1,1
(194,159),1,1
(195,5),1,1
(195,6),1,1
(195,7),1,1
(195,8),1,1
(195,9),1,1
(195,10),1,1
(195,19),1,1
(195,24),1,1
(195,26),1,1
(195,27),1,1
(195,32),1,1
(195,34),1,1
(195,35),1,1
(195,36),1,1
(195,38),1,1
(195,46),1,1
(195,57),1,1
(195,62),1,1
(195,64),1,1
(195,65),1,1
(195,68),1,1
(195,70),1,1
(195,74),1,1
(195,76),1,1
(195,84),1,1
(195,85),1,1
(195,86),1,1
(195,88),1,1
(195,93),1,1
(195,96),1,1
(195,97),1,1
(195,109),1,1
(195,114),1,1
(195,116),1,1
(195,118),1,1
(195,120),1,1
(195,121),1,1
(195,122),1,1
(195,123),1,1
(195,124),1,1
(195,132),1,1
(195,134),1,1
(195,136),1,1
(195,137),1,1
(195,142),1,1
(195,156),1,1
(195,158),1,1
(195,168),1,1
(195,171),1,1
(195,172),1,1
(195,174),1,1
(195,176),1,1
(195,177),1,1
(195,178),1,1
(195,184),1,1
(195,187),1,1
(195,189),1,1
(196,0),1,1
(196,3),1,1
(196,6),1,1
(196,7),1,1
(196,9),1,1
(196,10),1,1
(196,24),1,1
(196,26),1,1
(196,27),1,1
(196,34),1,1
(196,36),1,1
(196,38),1,1
(196,46),1,1
(196,50),1,1
(196,56),1,1
(196,62),1,1
(196,64),1,1
(196,65),1,1
(196,68),1,1
(196,69),1,1
(196,70),1,1
(196,76),1,1
(196,84),1,1
(196,85),1,1
(196,86),1,1
(196,88),1,1
(196,93),1,1
(196,96),1,1
(196,97),1,1
(196,105),1,1
(196,112),1,1
(196,114),1,1
(196,116),1,1
(196,117),1,1
(196,118),1,1
(196,119),1,1
(196,120),1,1
(196,121),1,1
(196,122),1,1
(196,124),1,1
(196,136),1,1
(196,137),1,1
(196,142),1,1
(196,143),1,1
(196,145),1,1
(196,151),1,1
(196,156),1,1
(196,158),1,1
(196,168),1,1
(196,169),1,1
(196,171),1,1
(196,174),1,1
(196,176),1,1
(196,178),1,1
(196,184),1,1
(196,187),1,1
(196,189),1,1
(197,24),1,1
(197,50),1,1
(197,54),1,1
(197,76),1,1
(197,93),1,1
(197,123),1,1
(198,24),1,1
(198,76),1,1
(198,93),1,1
(198,123),1,1
(198,159),1,1
(198,175),1,1
(199,2),1,1
(199,24),1,1
(199,76),1,1
(199,83),1,1
(199,90),1,1
(199,93),1,1
