Nr_Pairs = 190
Nr_NDD = 10
Nr_Arcs = 3394
0,0,0,0,2
1,0,1,3,2
2,0,1,1,2
3,0,0,2,2
4,0,1,1,2
5,0,0,0,2
6,0,2,0,2
7,0,1,2,0
8,0,0,0,2
9,0,1,0,2
10,0,1,0,0
11,0,1,0,0
12,0,2,0,0
13,0,0,0,1
14,0,2,1,0
15,0,1,0,0
16,0,0,0,2
17,0,1,0,0
18,0,1,0,2
19,0,0,0,2
20,0,0,0,2
21,0,1,0,1
22,0,1,0,0
23,0,0,0,2
24,0,1,0,0
25,0,1,1,2
26,0,0,0,2
27,0,2,0,1
28,0,0,1,2
29,0,0,0,2
30,0,2,0,0
31,0,2,2,2
32,0,1,0,1
33,0,2,1,1
34,0,1,1,2
35,0,2,0,0
36,0,1,0,1
37,0,0,0,2
38,0,1,0,2
39,0,0,2,2
40,0,0,0,2
41,0,2,0,2
42,0,0,0,2
43,0,1,2,1
44,0,2,0,2
45,0,1,0,2
46,0,0,0,2
47,0,1,2,1
48,0,1,0,0
49,0,0,1,2
50,0,2,0,0
51,0,1,1,2
52,0,1,0,0
53,0,1,0,2
54,0,1,0,2
55,0,1,0,2
56,0,2,0,0
57,0,1,0,2
58,0,0,0,2
59,0,1,0,1
60,0,1,0,2
61,0,0,0,2
62,0,1,1,2
63,0,1,0,0
64,0,1,0,2
65,0,1,0,0
66,0,2,0,2
67,0,0,2,2
68,0,1,0,0
69,0,1,0,2
70,0,1,1,1
71,0,1,0,0
72,0,2,2,2
73,0,1,2,0
74,0,0,1,2
75,0,1,0,0
76,0,1,0,2
77,0,0,2,2
78,0,1,1,2
79,0,1,0,2
80,0,0,2,2
81,0,1,2,2
82,0,1,0,0
83,0,1,0,0
84,0,0,0,2
85,0,0,3,2
86,0,3,0,0
87,0,1,1,2
88,0,2,2,2
89,0,1,0,0
90,0,3,2,0
91,0,1,1,2
92,0,3,1,2
93,0,3,0,0
94,0,1,1,2
95,0,0,1,2
96,0,1,0,1
97,0,1,0,0
98,0,1,0,2
99,0,1,0,0
100,0,1,0,0
101,0,0,0,2
102,0,0,0,1
103,0,1,1,1
104,0,1,3,2
105,0,1,1,1
106,0,0,0,2
107,0,1,0,1
108,0,1,1,2
109,0,1,0,1
110,0,2,0,2
111,0,1,1,2
112,0,1,0,2
113,0,2,1,0
114,0,1,1,2
115,0,1,1,2
116,0,0,0,1
117,0,0,0,2
118,0,1,0,2
119,0,1,1,2
120,0,1,0,2
121,0,1,0,0
122,0,1,0,2
123,0,1,0,0
124,0,1,1,2
125,0,3,1,0
126,0,1,1,2
127,0,1,2,0
128,0,1,0,0
129,0,1,3,2
130,0,1,0,2
131,0,1,0,0
132,0,2,3,2
133,0,0,0,2
134,0,2,2,2
135,0,1,0,2
136,0,0,0,2
137,0,1,1,1
138,0,3,2,0
139,0,2,1,0
140,0,1,0,0
141,0,0,0,2
142,0,1,1,2
143,0,1,1,2
144,0,1,0,1
145,0,1,0,2
146,0,1,0,2
147,0,1,0,0
148,0,1,0,2
149,0,1,0,1
150,0,3,2,0
151,0,2,2,2
152,0,1,1,2
153,0,1,1,2
154,0,0,0,2
155,0,0,2,2
156,0,0,1,2
157,0,0,0,2
158,0,1,1,2
159,0,1,0,0
160,0,1,1,2
161,0,1,1,2
162,0,0,0,2
163,0,2,0,2
164,0,3,2,2
165,0,1,1,2
166,0,2,2,2
167,0,0,0,2
168,0,1,1,2
169,0,1,0,1
170,0,1,0,0
171,0,0,2,2
172,0,0,0,2
173,0,1,1,2
174,0,2,0,0
175,0,0,0,2
176,0,0,0,2
177,0,2,0,0
178,0,1,0,0
179,0,1,0,1
180,0,0,0,2
181,0,1,0,0
182,0,1,1,2
183,0,2,0,2
184,0,3,0,2
185,0,0,0,2
186,0,1,0,2
187,0,1,1,2
188,0,1,1,2
189,0,1,0,2
190,1,0,0,0
191,1,2,0,0
192,1,0,0,0
193,1,1,0,0
194,1,0,0,0
195,1,2,0,0
196,1,1,0,0
197,1,1,0,0
198,1,1,0,0
199,1,0,2,2
(0,7),1,66
(0,10),1,39
(0,11),1,83
(0,12),1,31
(0,15),1,81
(0,17),1,49
(0,24),1,70
(0,30),1,30
(0,32),1,17
(0,33),1,9
(0,35),1,12
(0,50),1,53
(0,52),1,48
(0,53),1,45
(0,55),1,21
(0,63),1,7
(0,65),1,75
(0,68),1,86
(0,71),1,27
(0,73),1,5
(0,75),1,75
(0,82),1,25
(0,83),1,84
(0,86),1,13
(0,89),1,54
(0,90),1,39
(0,93),1,77
(0,97),1,15
(0,99),1,79
(0,100),1,56
(0,107),1,0
(0,116),1,17
(0,121),1,73
(0,123),1,79
(0,125),1,66
(0,127),1,24
(0,128),1,0
(0,131),1,25
(0,138),1,54
(0,139),1,9
(0,140),1,55
(0,147),1,59
(0,149),1,52
(0,150),1,2
(0,159),1,32
(0,170),1,37
(0,174),1,63
(0,177),1,35
(0,181),1,89
(0,187),1,21
(1,4),1,41
(1,14),1,33
(1,104),1,79
(1,113),1,32
(1,125),1,75
(1,137),1,19
(1,139),1,15
(1,182),1,89
(1,187),1,88
(2,70),1,68
(2,125),1,61
(2,139),1,23
(3,5),1,32
(3,7),1,21
(3,10),1,33
(3,11),1,2
(3,12),1,6
(3,13),1,19
(3,14),1,4
(3,15),1,15
(3,17),1,12
(3,21),1,0
(3,24),1,70
(3,30),1,11
(3,48),1,85
(3,50),1,74
(3,52),1,34
(3,56),1,62
(3,59),1,12
(3,63),1,40
(3,65),1,14
(3,68),1,24
(3,70),1,4
(3,71),1,32
(3,73),1,7
(3,75),1,83
(3,82),1,0
(3,83),1,69
(3,86),1,31
(3,90),1,64
(3,93),1,4
(3,97),1,63
(3,99),1,60
(3,100),1,44
(3,102),1,75
(3,107),1,72
(3,113),1,23
(3,121),1,3
(3,123),1,73
(3,125),1,44
(3,127),1,43
(3,128),1,22
(3,131),1,62
(3,138),1,30
(3,139),1,14
(3,140),1,52
(3,144),1,60
(3,147),1,24
(3,150),1,69
(3,159),1,59
(3,169),1,73
(3,170),1,86
(3,174),1,30
(3,177),1,42
(3,178),1,3
(3,181),1,31
(4,14),1,13
(4,70),1,24
(4,103),1,5
(4,105),1,69
(4,113),1,43
(4,125),1,80
(4,139),1,37
(4,188),1,33
(5,10),1,38
(5,11),1,65
(5,12),1,55
(5,15),1,78
(5,17),1,84
(5,22),1,3
(5,24),1,52
(5,30),1,17
(5,50),1,35
(5,52),1,31
(5,56),1,84
(5,63),1,42
(5,65),1,24
(5,68),1,8
(5,71),1,65
(5,73),1,80
(5,75),1,32
(5,82),1,27
(5,83),1,43
(5,86),1,42
(5,89),1,9
(5,90),1,35
(5,93),1,73
(5,96),1,83
(5,97),1,68
(5,99),1,11
(5,100),1,72
(5,113),1,27
(5,116),1,11
(5,121),1,67
(5,125),1,61
(5,127),1,2
(5,128),1,45
(5,131),1,46
(5,138),1,34
(5,139),1,55
(5,140),1,18
(5,147),1,47
(5,149),1,67
(5,150),1,62
(5,159),1,12
(5,170),1,15
(5,174),1,9
(5,177),1,33
(5,178),1,13
(5,181),1,54
(6,7),1,34
(6,73),1,37
(6,90),1,40
(6,127),1,74
(6,138),1,9
(6,150),1,62
(7,14),1,3
(7,33),1,4
(7,70),1,3
(7,103),1,38
(7,105),1,27
(7,113),1,18
(7,125),1,8
(7,139),1,10
(8,7),1,58
(8,10),1,77
(8,11),1,72
(8,12),1,52
(8,15),1,22
(8,16),1,83
(8,17),1,6
(8,21),1,3
(8,22),1,62
(8,24),1,33
(8,30),1,76
(8,35),1,33
(8,43),1,82
(8,48),1,40
(8,50),1,28
(8,52),1,29
(8,55),1,14
(8,56),1,15
(8,63),1,15
(8,65),1,23
(8,68),1,79
(8,70),1,89
(8,71),1,87
(8,73),1,85
(8,75),1,76
(8,83),1,14
(8,86),1,52
(8,89),1,88
(8,90),1,10
(8,93),1,70
(8,97),1,31
(8,99),1,29
(8,100),1,76
(8,109),1,39
(8,113),1,73
(8,116),1,78
(8,121),1,13
(8,123),1,62
(8,125),1,5
(8,127),1,13
(8,128),1,84
(8,131),1,38
(8,138),1,12
(8,139),1,25
(8,140),1,86
(8,144),1,51
(8,147),1,64
(8,149),1,28
(8,150),1,88
(8,170),1,27
(8,174),1,83
(8,176),1,19
(8,177),1,41
(8,178),1,24
(8,179),1,63
(8,181),1,23
(9,14),1,33
(9,103),1,38
(9,113),1,31
(9,125),1,88
(9,139),1,39
(10,14),1,85
(10,33),1,56
(10,125),1,50
(10,139),1,78
(11,14),1,75
(11,33),1,2
(11,70),1,45
(11,113),1,33
(11,125),1,60
(11,139),1,33
(11,182),1,21
(12,7),1,29
(12,73),1,26
(12,90),1,50
(12,127),1,32
(12,138),1,79
(12,150),1,8
(13,7),1,42
(13,10),1,30
(13,11),1,59
(13,12),1,84
(13,14),1,74
(13,15),1,27
(13,17),1,86
(13,21),1,40
(13,24),1,74
(13,27),1,74
(13,30),1,25
(13,32),1,46
(13,35),1,16
(13,36),1,45
(13,48),1,11
(13,50),1,76
(13,52),1,14
(13,56),1,7
(13,63),1,48
(13,65),1,7
(13,68),1,86
(13,71),1,14
(13,73),1,79
(13,75),1,40
(13,83),1,59
(13,86),1,67
(13,89),1,57
(13,90),1,65
(13,93),1,11
(13,97),1,13
(13,99),1,27
(13,100),1,17
(13,103),1,55
(13,113),1,83
(13,121),1,86
(13,122),1,5
(13,123),1,59
(13,125),1,68
(13,127),1,51
(13,128),1,18
(13,131),1,20
(13,137),1,44
(13,138),1,14
(13,139),1,2
(13,140),1,20
(13,144),1,58
(13,147),1,59
(13,150),1,3
(13,159),1,62
(13,170),1,32
(13,174),1,6
(13,177),1,16
(13,181),1,16
(13,183),1,62
(14,7),1,11
(14,73),1,77
(14,90),1,6
(14,127),1,59
(14,138),1,10
(14,150),1,78
(15,14),1,53
(15,113),1,58
(15,125),1,61
(15,139),1,72
(16,7),1,34
(16,10),1,0
(16,11),1,66
(16,12),1,51
(16,14),1,28
(16,15),1,47
(16,22),1,87
(16,24),1,43
(16,30),1,88
(16,47),1,9
(16,48),1,73
(16,50),1,33
(16,52),1,68
(16,63),1,41
(16,65),1,6
(16,68),1,21
(16,71),1,43
(16,73),1,8
(16,75),1,69
(16,82),1,3
(16,83),1,51
(16,86),1,58
(16,89),1,14
(16,90),1,60
(16,93),1,26
(16,99),1,79
(16,100),1,36
(16,107),1,72
(16,121),1,60
(16,123),1,22
(16,125),1,48
(16,127),1,76
(16,128),1,14
(16,131),1,9
(16,137),1,1
(16,138),1,54
(16,139),1,21
(16,140),1,77
(16,147),1,11
(16,150),1,37
(16,159),1,11
(16,170),1,68
(16,174),1,15
(16,176),1,79
(16,177),1,6
(16,178),1,42
(16,181),1,5
(16,189),1,8
(17,14),1,39
(17,103),1,50
(17,105),1,61
(17,113),1,21
(17,125),1,49
(17,139),1,78
(18,14),1,9
(18,70),1,5
(18,105),1,55
(18,113),1,37
(18,125),1,80
(18,139),1,31
(19,7),1,80
(19,10),1,31
(19,11),1,81
(19,12),1,23
(19,14),1,28
(19,15),1,64
(19,17),1,72
(19,21),1,30
(19,22),1,19
(19,24),1,13
(19,30),1,59
(19,32),1,12
(19,40),1,21
(19,48),1,41
(19,50),1,2
(19,52),1,8
(19,58),1,89
(19,63),1,79
(19,68),1,34
(19,71),1,8
(19,73),1,85
(19,75),1,58
(19,82),1,1
(19,83),1,41
(19,86),1,10
(19,89),1,48
(19,90),1,61
(19,93),1,29
(19,97),1,40
(19,99),1,43
(19,100),1,8
(19,113),1,63
(19,121),1,59
(19,123),1,6
(19,125),1,3
(19,127),1,66
(19,128),1,53
(19,131),1,0
(19,138),1,34
(19,139),1,54
(19,140),1,45
(19,144),1,78
(19,147),1,81
(19,150),1,60
(19,159),1,83
(19,170),1,31
(19,174),1,85
(19,177),1,41
(19,181),1,29
(20,10),1,71
(20,11),1,72
(20,12),1,40
(20,14),1,82
(20,15),1,49
(20,17),1,71
(20,22),1,59
(20,24),1,8
(20,30),1,55
(20,35),1,38
(20,48),1,21
(20,50),1,46
(20,52),1,17
(20,55),1,63
(20,63),1,78
(20,65),1,23
(20,68),1,51
(20,71),1,33
(20,75),1,82
(20,83),1,60
(20,86),1,10
(20,89),1,57
(20,90),1,83
(20,93),1,29
(20,99),1,40
(20,100),1,75
(20,102),1,25
(20,105),1,45
(20,113),1,58
(20,121),1,69
(20,123),1,66
(20,125),1,28
(20,127),1,44
(20,128),1,44
(20,131),1,69
(20,137),1,78
(20,138),1,63
(20,139),1,79
(20,140),1,42
(20,147),1,31
(20,150),1,52
(20,170),1,70
(20,174),1,67
(20,177),1,50
(20,178),1,85
(20,181),1,47
(21,14),1,38
(21,113),1,85
(21,125),1,30
(21,139),1,45
(22,14),1,10
(22,103),1,79
(22,113),1,52
(22,125),1,51
(22,139),1,87
(22,188),1,75
(23,10),1,79
(23,11),1,66
(23,12),1,71
(23,14),1,16
(23,15),1,31
(23,17),1,37
(23,22),1,14
(23,24),1,32
(23,30),1,84
(23,33),1,40
(23,50),1,27
(23,52),1,69
(23,63),1,27
(23,68),1,13
(23,71),1,60
(23,73),1,0
(23,75),1,36
(23,82),1,2
(23,83),1,41
(23,86),1,76
(23,89),1,12
(23,90),1,80
(23,93),1,66
(23,97),1,33
(23,99),1,23
(23,100),1,5
(23,113),1,38
(23,121),1,72
(23,125),1,43
(23,127),1,53
(23,128),1,59
(23,131),1,63
(23,138),1,87
(23,139),1,33
(23,140),1,44
(23,147),1,69
(23,150),1,36
(23,170),1,49
(23,174),1,44
(23,177),1,13
(23,181),1,15
(24,14),1,89
(24,103),1,37
(24,113),1,10
(24,125),1,40
(24,139),1,85
(25,14),1,13
(25,113),1,27
(25,125),1,63
(25,139),1,32
(26,10),1,15
(26,11),1,28
(26,12),1,0
(26,14),1,52
(26,15),1,23
(26,17),1,76
(26,24),1,56
(26,30),1,85
(26,32),1,36
(26,35),1,63
(26,48),1,57
(26,50),1,24
(26,51),1,48
(26,52),1,71
(26,56),1,30
(26,58),1,79
(26,63),1,80
(26,68),1,16
(26,71),1,76
(26,73),1,8
(26,75),1,20
(26,82),1,47
(26,83),1,13
(26,86),1,40
(26,89),1,20
(26,90),1,40
(26,93),1,43
(26,96),1,20
(26,97),1,16
(26,99),1,37
(26,100),1,8
(26,103),1,23
(26,105),1,88
(26,109),1,45
(26,113),1,10
(26,121),1,50
(26,122),1,37
(26,123),1,25
(26,125),1,54
(26,127),1,29
(26,128),1,37
(26,131),1,38
(26,137),1,64
(26,138),1,82
(26,139),1,61
(26,140),1,88
(26,144),1,71
(26,147),1,66
(26,150),1,45
(26,169),1,15
(26,170),1,18
(26,174),1,46
(26,177),1,50
(26,178),1,62
(26,181),1,81
(26,188),1,51
(27,7),1,84
(27,67),1,18
(27,73),1,41
(27,90),1,75
(27,127),1,35
(27,138),1,43
(27,150),1,26
(28,7),1,87
(28,10),1,22
(28,11),1,35
(28,12),1,87
(28,14),1,63
(28,15),1,15
(28,17),1,28
(28,24),1,82
(28,27),1,69
(28,30),1,69
(28,35),1,17
(28,47),1,27
(28,48),1,0
(28,50),1,13
(28,52),1,23
(28,56),1,53
(28,65),1,3
(28,68),1,23
(28,71),1,64
(28,75),1,81
(28,82),1,89
(28,83),1,76
(28,86),1,62
(28,89),1,52
(28,90),1,80
(28,93),1,66
(28,97),1,69
(28,99),1,66
(28,100),1,46
(28,107),1,17
(28,121),1,22
(28,123),1,56
(28,125),1,8
(28,127),1,51
(28,128),1,63
(28,131),1,19
(28,138),1,37
(28,139),1,46
(28,140),1,11
(28,147),1,32
(28,150),1,53
(28,159),1,21
(28,170),1,86
(28,172),1,49
(28,174),1,56
(28,177),1,18
(28,178),1,18
(28,181),1,82
(29,10),1,68
(29,11),1,1
(29,12),1,29
(29,14),1,14
(29,15),1,25
(29,17),1,43
(29,22),1,21
(29,24),1,38
(29,30),1,86
(29,35),1,85
(29,48),1,89
(29,50),1,51
(29,52),1,32
(29,68),1,37
(29,71),1,3
(29,73),1,14
(29,75),1,29
(29,83),1,27
(29,86),1,69
(29,89),1,75
(29,90),1,43
(29,93),1,58
(29,97),1,89
(29,100),1,56
(29,105),1,42
(29,107),1,31
(29,109),1,85
(29,123),1,47
(29,125),1,52
(29,127),1,13
(29,128),1,15
(29,131),1,64
(29,135),1,11
(29,138),1,39
(29,139),1,65
(29,140),1,33
(29,147),1,41
(29,150),1,66
(29,159),1,34
(29,169),1,15
(29,170),1,49
(29,174),1,30
(29,177),1,74
(29,181),1,78
(30,7),1,9
(30,43),1,6
(30,73),1,48
(30,90),1,8
(30,127),1,26
(30,138),1,38
(30,150),1,66
(31,7),1,38
(31,90),1,55
(31,127),1,60
(31,138),1,54
(31,150),1,8
(32,14),1,44
(32,105),1,55
(32,113),1,56
(32,125),1,26
(32,139),1,89
(33,7),1,1
(33,47),1,25
(33,73),1,81
(33,90),1,54
(33,127),1,82
(33,138),1,62
(33,150),1,49
(34,14),1,63
(34,113),1,13
(34,125),1,26
(34,137),1,56
(34,139),1,60
(35,7),1,84
(35,47),1,66
(35,73),1,83
(35,90),1,72
(35,127),1,23
(35,138),1,83
(35,150),1,68
(36,14),1,52
(36,70),1,89
(36,113),1,84
(36,125),1,3
(36,137),1,45
(36,139),1,35
(37,7),1,13
(37,10),1,88
(37,11),1,34
(37,12),1,87
(37,15),1,41
(37,17),1,81
(37,21),1,47
(37,22),1,80
(37,24),1,26
(37,30),1,72
(37,35),1,15
(37,36),1,83
(37,47),1,4
(37,48),1,39
(37,50),1,19
(37,52),1,14
(37,56),1,4
(37,63),1,53
(37,65),1,67
(37,68),1,2
(37,71),1,53
(37,75),1,36
(37,82),1,16
(37,83),1,88
(37,86),1,20
(37,88),1,26
(37,90),1,33
(37,93),1,55
(37,97),1,85
(37,99),1,16
(37,100),1,19
(37,107),1,13
(37,109),1,14
(37,121),1,16
(37,123),1,76
(37,125),1,34
(37,127),1,46
(37,128),1,53
(37,131),1,22
(37,135),1,29
(37,138),1,56
(37,139),1,21
(37,140),1,16
(37,144),1,61
(37,147),1,39
(37,150),1,32
(37,159),1,4
(37,169),1,30
(37,170),1,63
(37,172),1,78
(37,174),1,15
(37,177),1,81
(37,178),1,26
(37,181),1,51
(38,49),1,24
(38,70),1,26
(38,105),1,22
(38,125),1,2
(38,137),1,45
(38,139),1,47
(39,6),1,67
(39,10),1,36
(39,11),1,64
(39,12),1,15
(39,14),1,71
(39,15),1,42
(39,24),1,34
(39,27),1,53
(39,30),1,10
(39,32),1,63
(39,48),1,12
(39,50),1,15
(39,52),1,70
(39,55),1,89
(39,56),1,88
(39,59),1,18
(39,63),1,62
(39,68),1,34
(39,71),1,67
(39,73),1,70
(39,75),1,88
(39,83),1,71
(39,86),1,25
(39,90),1,29
(39,93),1,76
(39,99),1,49
(39,100),1,32
(39,103),1,73
(39,105),1,84
(39,109),1,38
(39,113),1,9
(39,121),1,52
(39,123),1,38
(39,125),1,50
(39,127),1,41
(39,128),1,22
(39,131),1,84
(39,135),1,5
(39,138),1,45
(39,139),1,57
(39,140),1,73
(39,147),1,64
(39,149),1,15
(39,150),1,19
(39,159),1,23
(39,170),1,57
(39,174),1,14
(39,177),1,3
(39,181),1,52
(40,4),1,18
(40,7),1,22
(40,10),1,18
(40,11),1,3
(40,12),1,40
(40,14),1,75
(40,15),1,41
(40,17),1,67
(40,21),1,21
(40,22),1,0
(40,24),1,17
(40,30),1,48
(40,31),1,64
(40,35),1,3
(40,43),1,69
(40,47),1,45
(40,48),1,66
(40,50),1,88
(40,52),1,40
(40,55),1,12
(40,68),1,26
(40,71),1,17
(40,75),1,87
(40,82),1,29
(40,83),1,4
(40,86),1,50
(40,89),1,33
(40,90),1,77
(40,93),1,9
(40,99),1,81
(40,100),1,70
(40,109),1,59
(40,113),1,5
(40,121),1,22
(40,123),1,2
(40,125),1,27
(40,127),1,78
(40,128),1,14
(40,131),1,77
(40,137),1,24
(40,138),1,78
(40,139),1,40
(40,140),1,13
(40,144),1,80
(40,147),1,73
(40,149),1,45
(40,150),1,28
(40,162),1,73
(40,169),1,26
(40,170),1,80
(40,174),1,88
(40,177),1,83
(40,178),1,79
(40,179),1,17
(40,181),1,42
(41,7),1,60
(41,43),1,27
(41,47),1,33
(41,73),1,7
(41,90),1,5
(41,127),1,10
(41,138),1,41
(41,150),1,44
(42,7),1,28
(42,10),1,7
(42,11),1,32
(42,12),1,81
(42,15),1,67
(42,17),1,5
(42,22),1,85
(42,24),1,17
(42,27),1,0
(42,30),1,21
(42,35),1,48
(42,36),1,37
(42,48),1,38
(42,50),1,38
(42,52),1,16
(42,63),1,10
(42,68),1,18
(42,71),1,66
(42,73),1,87
(42,75),1,47
(42,82),1,25
(42,83),1,70
(42,86),1,40
(42,89),1,18
(42,90),1,55
(42,93),1,83
(42,99),1,89
(42,100),1,84
(42,103),1,3
(42,113),1,56
(42,122),1,5
(42,123),1,55
(42,125),1,3
(42,127),1,87
(42,128),1,19
(42,130),1,29
(42,131),1,2
(42,135),1,4
(42,138),1,6
(42,139),1,89
(42,140),1,14
(42,147),1,65
(42,150),1,6
(42,159),1,44
(42,170),1,47
(42,174),1,29
(42,177),1,56
(42,178),1,11
(42,181),1,17
(43,14),1,25
(43,113),1,77
(43,125),1,69
(43,137),1,50
(43,139),1,26
(43,187),1,67
(44,47),1,21
(44,73),1,10
(44,90),1,18
(44,127),1,40
(44,138),1,0
(44,150),1,49
(45,70),1,44
(45,113),1,19
(45,125),1,6
(45,139),1,46
(46,7),1,2
(46,10),1,6
(46,11),1,66
(46,12),1,22
(46,13),1,15
(46,14),1,55
(46,15),1,71
(46,24),1,26
(46,30),1,37
(46,35),1,40
(46,36),1,62
(46,38),1,44
(46,43),1,0
(46,48),1,20
(46,50),1,64
(46,52),1,17
(46,63),1,51
(46,68),1,18
(46,70),1,49
(46,71),1,32
(46,75),1,10
(46,83),1,80
(46,86),1,52
(46,90),1,23
(46,93),1,35
(46,96),1,40
(46,97),1,57
(46,99),1,51
(46,100),1,74
(46,103),1,59
(46,105),1,42
(46,113),1,1
(46,123),1,29
(46,125),1,23
(46,127),1,56
(46,128),1,32
(46,131),1,7
(46,135),1,7
(46,138),1,37
(46,139),1,77
(46,140),1,54
(46,141),1,46
(46,144),1,83
(46,147),1,9
(46,150),1,13
(46,159),1,44
(46,170),1,64
(46,174),1,66
(46,177),1,1
(46,178),1,24
(46,179),1,55
(46,181),1,0
(46,187),1,27
(47,14),1,60
(47,33),1,38
(47,103),1,44
(47,113),1,68
(47,125),1,87
(47,139),1,58
(48,33),1,9
(48,70),1,0
(48,114),1,66
(48,125),1,13
(48,139),1,3
(49,10),1,47
(49,11),1,68
(49,12),1,68
(49,14),1,75
(49,15),1,6
(49,17),1,87
(49,22),1,2
(49,24),1,80
(49,30),1,74
(49,32),1,49
(49,33),1,74
(49,35),1,44
(49,50),1,21
(49,52),1,45
(49,56),1,80
(49,65),1,60
(49,68),1,57
(49,70),1,88
(49,71),1,11
(49,73),1,25
(49,75),1,28
(49,83),1,39
(49,86),1,49
(49,89),1,89
(49,90),1,25
(49,93),1,84
(49,96),1,20
(49,99),1,55
(49,100),1,64
(49,102),1,9
(49,121),1,45
(49,122),1,25
(49,123),1,47
(49,125),1,5
(49,127),1,21
(49,128),1,48
(49,131),1,77
(49,137),1,65
(49,138),1,7
(49,139),1,13
(49,140),1,70
(49,145),1,25
(49,147),1,75
(49,149),1,34
(49,150),1,8
(49,159),1,54
(49,169),1,80
(49,170),1,14
(49,174),1,26
(49,176),1,67
(49,177),1,2
(49,178),1,60
(49,179),1,11
(49,181),1,30
(49,187),1,86
(50,7),1,56
(50,43),1,87
(50,47),1,84
(50,73),1,79
(50,90),1,44
(50,127),1,18
(50,138),1,79
(50,150),1,83
(51,14),1,53
(51,113),1,67
(51,125),1,89
(51,137),1,76
(51,139),1,27
(52,14),1,88
(52,113),1,40
(52,125),1,78
(52,139),1,28
(53,14),1,26
(53,70),1,41
(53,103),1,66
(53,113),1,82
(53,125),1,83
(53,139),1,37
(54,14),1,60
(54,33),1,61
(54,70),1,14
(54,103),1,88
(54,113),1,11
(54,125),1,10
(54,137),1,12
(54,139),1,42
(55,14),1,59
(55,103),1,4
(55,113),1,51
(55,125),1,36
(55,139),1,30
(56,7),1,23
(56,47),1,53
(56,73),1,20
(56,90),1,2
(56,127),1,50
(56,138),1,16
(56,150),1,13
(57,103),1,1
(57,105),1,38
(57,113),1,76
(57,125),1,18
(57,139),1,89
(58,7),1,12
(58,10),1,21
(58,11),1,13
(58,12),1,12
(58,14),1,75
(58,15),1,25
(58,17),1,22
(58,30),1,47
(58,32),1,76
(58,40),1,29
(58,46),1,28
(58,47),1,14
(58,48),1,1
(58,50),1,33
(58,52),1,59
(58,63),1,46
(58,68),1,8
(58,71),1,24
(58,73),1,48
(58,75),1,41
(58,76),1,82
(58,83),1,40
(58,86),1,20
(58,89),1,7
(58,90),1,50
(58,93),1,78
(58,97),1,75
(58,99),1,55
(58,100),1,3
(58,109),1,50
(58,113),1,82
(58,116),1,71
(58,121),1,46
(58,123),1,10
(58,125),1,21
(58,127),1,14
(58,128),1,66
(58,131),1,19
(58,138),1,49
(58,139),1,83
(58,140),1,81
(58,147),1,57
(58,149),1,40
(58,150),1,56
(58,170),1,46
(58,172),1,13
(58,174),1,36
(58,177),1,68
(58,178),1,75
(58,181),1,76
(59,14),1,62
(59,113),1,81
(59,125),1,12
(59,137),1,29
(59,139),1,10
(60,14),1,86
(60,125),1,47
(60,126),1,56
(60,139),1,62
(61,5),1,9
(61,7),1,16
(61,10),1,50
(61,11),1,11
(61,12),1,67
(61,13),1,88
(61,14),1,78
(61,15),1,60
(61,21),1,42
(61,22),1,54
(61,24),1,2
(61,27),1,67
(61,30),1,18
(61,32),1,12
(61,35),1,21
(61,38),1,24
(61,48),1,40
(61,50),1,52
(61,52),1,10
(61,58),1,84
(61,59),1,57
(61,68),1,7
(61,70),1,43
(61,71),1,29
(61,73),1,87
(61,75),1,66
(61,83),1,44
(61,86),1,51
(61,89),1,6
(61,90),1,13
(61,93),1,15
(61,96),1,24
(61,99),1,32
(61,100),1,10
(61,102),1,34
(61,103),1,18
(61,121),1,46
(61,123),1,30
(61,125),1,82
(61,127),1,68
(61,128),1,73
(61,131),1,26
(61,138),1,24
(61,139),1,66
(61,140),1,88
(61,147),1,49
(61,150),1,40
(61,159),1,53
(61,170),1,23
(61,174),1,87
(61,176),1,86
(61,177),1,62
(61,178),1,69
(61,181),1,4
(62,14),1,61
(62,70),1,14
(62,103),1,39
(62,113),1,15
(62,115),1,4
(62,125),1,27
(62,139),1,58
(63,14),1,36
(63,103),1,40
(63,113),1,47
(63,125),1,4
(63,139),1,40
(64,14),1,20
(64,103),1,50
(64,113),1,81
(64,125),1,37
(64,139),1,46
(65,14),1,23
(65,33),1,2
(65,113),1,75
(65,125),1,60
(65,137),1,80
(65,139),1,31
(66,7),1,40
(66,73),1,16
(66,90),1,26
(66,127),1,10
(66,138),1,75
(66,150),1,77
(67,10),1,1
(67,11),1,23
(67,12),1,14
(67,14),1,4
(67,15),1,89
(67,19),1,64
(67,24),1,26
(67,30),1,84
(67,32),1,10
(67,38),1,16
(67,43),1,8
(67,47),1,88
(67,48),1,66
(67,50),1,73
(67,52),1,62
(67,59),1,75
(67,63),1,25
(67,65),1,71
(67,68),1,24
(67,71),1,60
(67,73),1,66
(67,75),1,23
(67,83),1,41
(67,86),1,25
(67,89),1,32
(67,90),1,55
(67,93),1,88
(67,96),1,28
(67,100),1,10
(67,105),1,52
(67,113),1,72
(67,121),1,45
(67,123),1,16
(67,125),1,18
(67,127),1,58
(67,128),1,21
(67,131),1,10
(67,138),1,73
(67,139),1,39
(67,140),1,89
(67,144),1,54
(67,147),1,33
(67,149),1,80
(67,150),1,27
(67,151),1,49
(67,170),1,58
(67,174),1,49
(67,177),1,2
(67,178),1,52
(67,181),1,2
(68,105),1,4
(68,113),1,77
(68,125),1,68
(68,139),1,24
(68,156),1,31
(68,187),1,19
(69,14),1,37
(69,103),1,5
(69,113),1,46
(69,125),1,13
(69,139),1,71
(70,14),1,30
(70,113),1,69
(70,125),1,50
(70,139),1,35
(71,14),1,16
(71,125),1,43
(71,139),1,61
(72,47),1,58
(72,73),1,79
(72,90),1,13
(72,127),1,33
(72,138),1,13
(72,150),1,41
(73,103),1,81
(73,113),1,40
(73,125),1,23
(73,137),1,66
(73,139),1,42
(74,7),1,43
(74,10),1,3
(74,11),1,19
(74,12),1,15
(74,14),1,0
(74,15),1,4
(74,17),1,67
(74,22),1,56
(74,24),1,41
(74,27),1,53
(74,30),1,53
(74,33),1,74
(74,35),1,19
(74,36),1,57
(74,46),1,64
(74,47),1,51
(74,48),1,54
(74,50),1,6
(74,52),1,18
(74,58),1,42
(74,68),1,88
(74,71),1,62
(74,73),1,1
(74,75),1,31
(74,83),1,87
(74,86),1,19
(74,89),1,57
(74,90),1,55
(74,93),1,39
(74,97),1,6
(74,99),1,75
(74,100),1,64
(74,113),1,35
(74,115),1,19
(74,121),1,45
(74,123),1,2
(74,125),1,75
(74,127),1,61
(74,128),1,5
(74,131),1,76
(74,138),1,41
(74,139),1,16
(74,140),1,40
(74,144),1,82
(74,147),1,12
(74,149),1,7
(74,150),1,22
(74,159),1,9
(74,170),1,1
(74,174),1,81
(74,177),1,48
(74,179),1,88
(74,181),1,37
(75,103),1,44
(75,113),1,30
(75,125),1,53
(75,137),1,23
(75,139),1,55
(75,160),1,81
(76,14),1,22
(76,33),1,73
(76,113),1,18
(76,125),1,51
(76,139),1,44
(77,7),1,67
(77,10),1,76
(77,11),1,52
(77,12),1,52
(77,14),1,42
(77,15),1,55
(77,17),1,49
(77,22),1,13
(77,24),1,12
(77,30),1,56
(77,32),1,24
(77,35),1,61
(77,50),1,37
(77,52),1,62
(77,56),1,82
(77,65),1,55
(77,68),1,72
(77,70),1,55
(77,71),1,79
(77,73),1,24
(77,75),1,87
(77,82),1,34
(77,83),1,78
(77,86),1,85
(77,89),1,23
(77,90),1,22
(77,93),1,42
(77,100),1,1
(77,103),1,84
(77,105),1,65
(77,107),1,64
(77,125),1,15
(77,127),1,25
(77,128),1,32
(77,131),1,24
(77,135),1,72
(77,138),1,13
(77,139),1,43
(77,140),1,68
(77,144),1,21
(77,147),1,57
(77,149),1,47
(77,150),1,74
(77,159),1,60
(77,168),1,23
(77,170),1,82
(77,174),1,15
(77,177),1,89
(77,178),1,71
(77,181),1,5
(78,14),1,62
(78,33),1,23
(78,125),1,40
(78,139),1,34
(78,187),1,7
(79,33),1,20
(79,103),1,52
(79,105),1,64
(79,125),1,73
(79,139),1,8
(79,188),1,62
(80,7),1,71
(80,10),1,63
(80,11),1,41
(80,12),1,57
(80,14),1,1
(80,15),1,83
(80,17),1,21
(80,21),1,59
(80,22),1,80
(80,24),1,5
(80,30),1,42
(80,32),1,52
(80,35),1,14
(80,36),1,77
(80,48),1,47
(80,50),1,5
(80,52),1,38
(80,56),1,4
(80,63),1,76
(80,65),1,31
(80,68),1,18
(80,71),1,89
(80,73),1,73
(80,75),1,9
(80,82),1,69
(80,83),1,40
(80,86),1,14
(80,90),1,25
(80,93),1,1
(80,96),1,23
(80,97),1,38
(80,99),1,6
(80,100),1,66
(80,102),1,72
(80,116),1,12
(80,121),1,52
(80,123),1,84
(80,125),1,59
(80,127),1,7
(80,128),1,21
(80,131),1,82
(80,138),1,67
(80,139),1,41
(80,140),1,37
(80,147),1,28
(80,150),1,63
(80,170),1,18
(80,174),1,87
(80,177),1,62
(80,178),1,45
(80,181),1,63
(80,184),1,7
(81,14),1,33
(81,33),1,70
(81,103),1,78
(81,125),1,80
(81,137),1,9
(81,139),1,59
(82,14),1,30
(82,33),1,64
(82,103),1,11
(82,105),1,74
(82,113),1,78
(82,125),1,38
(82,139),1,30
(83,70),1,6
(83,103),1,10
(83,113),1,26
(83,125),1,66
(83,139),1,66
(84,7),1,74
(84,10),1,3
(84,11),1,36
(84,12),1,50
(84,15),1,28
(84,17),1,78
(84,22),1,52
(84,24),1,54
(84,30),1,40
(84,33),1,39
(84,48),1,52
(84,50),1,40
(84,52),1,43
(84,63),1,3
(84,68),1,89
(84,71),1,9
(84,75),1,63
(84,82),1,7
(84,83),1,57
(84,86),1,60
(84,89),1,54
(84,90),1,81
(84,93),1,25
(84,99),1,30
(84,100),1,79
(84,102),1,77
(84,109),1,29
(84,125),1,76
(84,127),1,74
(84,128),1,29
(84,131),1,26
(84,138),1,43
(84,139),1,71
(84,140),1,49
(84,144),1,39
(84,147),1,79
(84,149),1,81
(84,150),1,60
(84,170),1,87
(84,174),1,49
(84,176),1,44
(84,177),1,17
(84,181),1,53
(84,187),1,19
(85,7),1,41
(85,10),1,68
(85,11),1,70
(85,12),1,71
(85,14),1,68
(85,15),1,34
(85,21),1,53
(85,30),1,0
(85,35),1,57
(85,47),1,28
(85,50),1,46
(85,52),1,8
(85,56),1,53
(85,63),1,67
(85,68),1,24
(85,71),1,21
(85,75),1,86
(85,82),1,14
(85,83),1,51
(85,86),1,38
(85,89),1,84
(85,90),1,21
(85,93),1,58
(85,97),1,8
(85,99),1,59
(85,100),1,20
(85,107),1,82
(85,113),1,51
(85,121),1,34
(85,123),1,42
(85,125),1,6
(85,126),1,33
(85,127),1,83
(85,128),1,84
(85,131),1,59
(85,135),1,12
(85,137),1,82
(85,138),1,48
(85,139),1,47
(85,140),1,79
(85,147),1,68
(85,150),1,10
(85,159),1,8
(85,169),1,55
(85,170),1,8
(85,174),1,25
(85,177),1,78
(85,178),1,58
(85,181),1,57
(87,14),1,87
(87,33),1,0
(87,113),1,58
(87,125),1,57
(87,139),1,9
(87,187),1,21
(88,47),1,73
(88,90),1,72
(88,127),1,74
(88,138),1,8
(88,150),1,30
(89,14),1,12
(89,70),1,11
(89,105),1,84
(89,113),1,70
(89,114),1,45
(89,125),1,1
(89,139),1,1
(91,125),1,52
(91,139),1,24
(94,14),1,68
(94,33),1,76
(94,70),1,47
(94,113),1,32
(94,125),1,15
(94,139),1,13
(95,7),1,81
(95,10),1,26
(95,11),1,8
(95,12),1,47
(95,14),1,72
(95,15),1,18
(95,17),1,11
(95,21),1,0
(95,22),1,8
(95,24),1,54
(95,30),1,11
(95,33),1,66
(95,35),1,60
(95,48),1,20
(95,50),1,41
(95,52),1,19
(95,65),1,62
(95,68),1,6
(95,71),1,36
(95,73),1,71
(95,75),1,18
(95,82),1,20
(95,83),1,32
(95,86),1,57
(95,89),1,3
(95,90),1,20
(95,93),1,21
(95,96),1,83
(95,97),1,22
(95,99),1,29
(95,100),1,49
(95,103),1,31
(95,113),1,78
(95,116),1,84
(95,121),1,86
(95,125),1,23
(95,127),1,28
(95,128),1,19
(95,131),1,79
(95,137),1,6
(95,138),1,58
(95,139),1,54
(95,140),1,38
(95,147),1,1
(95,150),1,50
(95,159),1,86
(95,170),1,13
(95,174),1,34
(95,177),1,19
(95,178),1,84
(95,181),1,65
(96,113),1,72
(96,114),1,30
(96,125),1,76
(96,137),1,57
(96,139),1,11
(97,33),1,37
(97,113),1,23
(97,125),1,79
(97,137),1,56
(97,139),1,65
(98,14),1,4
(98,33),1,77
(98,113),1,33
(98,125),1,46
(98,137),1,22
(98,139),1,80
(99,14),1,2
(99,113),1,65
(99,125),1,43
(99,137),1,67
(99,139),1,69
(100,14),1,79
(100,70),1,26
(100,103),1,30
(100,113),1,9
(100,125),1,28
(100,139),1,89
(101,7),1,53
(101,10),1,55
(101,11),1,20
(101,12),1,46
(101,14),1,37
(101,15),1,78
(101,24),1,30
(101,30),1,9
(101,32),1,85
(101,33),1,2
(101,43),1,86
(101,48),1,34
(101,50),1,65
(101,51),1,67
(101,52),1,62
(101,56),1,76
(101,68),1,88
(101,71),1,71
(101,73),1,4
(101,75),1,34
(101,76),1,40
(101,83),1,62
(101,86),1,78
(101,89),1,21
(101,90),1,75
(101,93),1,88
(101,99),1,68
(101,100),1,45
(101,105),1,32
(101,113),1,9
(101,121),1,22
(101,123),1,28
(101,125),1,31
(101,127),1,28
(101,128),1,33
(101,130),1,89
(101,131),1,20
(101,138),1,18
(101,139),1,75
(101,140),1,88
(101,147),1,48
(101,149),1,35
(101,150),1,81
(101,170),1,9
(101,174),1,57
(101,177),1,59
(101,178),1,58
(101,181),1,1
(101,187),1,33
(102,10),1,63
(102,11),1,88
(102,12),1,21
(102,13),1,70
(102,14),1,78
(102,15),1,88
(102,17),1,15
(102,21),1,46
(102,22),1,76
(102,24),1,68
(102,26),1,62
(102,27),1,67
(102,30),1,67
(102,35),1,85
(102,47),1,34
(102,48),1,61
(102,50),1,21
(102,52),1,25
(102,56),1,71
(102,63),1,28
(102,65),1,48
(102,68),1,23
(102,70),1,13
(102,71),1,41
(102,73),1,45
(102,75),1,23
(102,82),1,26
(102,83),1,56
(102,86),1,36
(102,89),1,39
(102,90),1,0
(102,93),1,74
(102,97),1,50
(102,99),1,70
(102,100),1,84
(102,103),1,5
(102,105),1,37
(102,109),1,79
(102,121),1,28
(102,122),1,74
(102,123),1,1
(102,125),1,59
(102,127),1,81
(102,128),1,12
(102,131),1,11
(102,138),1,33
(102,139),1,48
(102,140),1,85
(102,144),1,12
(102,147),1,56
(102,150),1,89
(102,157),1,68
(102,159),1,10
(102,170),1,59
(102,174),1,76
(102,177),1,67
(102,181),1,84
(103,14),1,62
(103,105),1,72
(103,113),1,28
(103,125),1,30
(103,139),1,67
(104,14),1,17
(104,33),1,71
(104,125),1,71
(104,139),1,13
(105,14),1,19
(105,104),1,28
(105,113),1,13
(105,125),1,7
(105,139),1,69
(106,7),1,59
(106,10),1,21
(106,11),1,61
(106,12),1,68
(106,14),1,61
(106,15),1,46
(106,17),1,47
(106,21),1,63
(106,22),1,69
(106,24),1,80
(106,25),1,19
(106,27),1,65
(106,30),1,21
(106,32),1,69
(106,35),1,77
(106,48),1,71
(106,50),1,84
(106,52),1,46
(106,56),1,82
(106,58),1,1
(106,63),1,32
(106,65),1,39
(106,68),1,21
(106,71),1,13
(106,73),1,40
(106,75),1,22
(106,83),1,7
(106,86),1,30
(106,89),1,67
(106,90),1,4
(106,93),1,64
(106,97),1,45
(106,99),1,70
(106,100),1,89
(106,107),1,53
(106,113),1,76
(106,121),1,15
(106,125),1,64
(106,127),1,79
(106,128),1,55
(106,131),1,42
(106,137),1,75
(106,138),1,47
(106,139),1,75
(106,140),1,37
(106,147),1,54
(106,149),1,33
(106,150),1,72
(106,159),1,40
(106,169),1,38
(106,170),1,2
(106,174),1,89
(106,177),1,14
(106,178),1,39
(106,181),1,38
(107,103),1,82
(107,113),1,43
(107,114),1,33
(107,125),1,25
(107,139),1,64
(108,103),1,7
(108,105),1,0
(108,113),1,76
(108,125),1,84
(108,139),1,1
(109,14),1,2
(109,103),1,84
(109,113),1,77
(109,125),1,64
(109,139),1,34
(110,7),1,24
(110,73),1,54
(110,90),1,49
(110,127),1,18
(110,138),1,82
(110,150),1,54
(111,14),1,86
(111,33),1,67
(111,70),1,41
(111,105),1,4
(111,113),1,54
(111,125),1,83
(111,139),1,54
(111,160),1,11
(112,70),1,61
(112,105),1,86
(112,113),1,70
(112,125),1,66
(112,139),1,78
(113,7),1,15
(113,73),1,23
(113,90),1,65
(113,127),1,25
(113,138),1,2
(113,150),1,24
(114,14),1,52
(114,125),1,6
(114,139),1,46
(115,14),1,44
(115,70),1,54
(115,125),1,85
(115,139),1,82
(115,188),1,43
(116,7),1,71
(116,10),1,53
(116,11),1,61
(116,12),1,36
(116,14),1,32
(116,15),1,7
(116,24),1,2
(116,30),1,60
(116,43),1,64
(116,47),1,62
(116,48),1,39
(116,50),1,28
(116,52),1,8
(116,59),1,21
(116,63),1,40
(116,68),1,21
(116,71),1,83
(116,75),1,53
(116,83),1,44
(116,86),1,64
(116,90),1,23
(116,93),1,25
(116,97),1,89
(116,99),1,65
(116,100),1,17
(116,102),1,25
(116,103),1,70
(116,109),1,47
(116,113),1,9
(116,121),1,15
(116,123),1,38
(116,125),1,36
(116,127),1,52
(116,128),1,17
(116,131),1,18
(116,138),1,74
(116,139),1,11
(116,140),1,1
(116,144),1,18
(116,147),1,36
(116,149),1,81
(116,150),1,43
(116,159),1,61
(116,170),1,59
(116,174),1,46
(116,177),1,31
(116,178),1,77
(116,179),1,60
(116,181),1,16
(117,7),1,51
(117,10),1,28
(117,11),1,76
(117,12),1,30
(117,14),1,2
(117,15),1,52
(117,22),1,38
(117,24),1,38
(117,30),1,4
(117,32),1,51
(117,35),1,77
(117,38),1,18
(117,48),1,80
(117,50),1,20
(117,52),1,9
(117,56),1,48
(117,58),1,2
(117,63),1,17
(117,68),1,47
(117,71),1,39
(117,73),1,84
(117,75),1,15
(117,83),1,58
(117,86),1,6
(117,89),1,19
(117,90),1,42
(117,93),1,6
(117,99),1,7
(117,100),1,36
(117,103),1,74
(117,105),1,51
(117,121),1,41
(117,125),1,17
(117,127),1,70
(117,128),1,63
(117,131),1,67
(117,138),1,21
(117,139),1,60
(117,140),1,33
(117,144),1,11
(117,147),1,38
(117,150),1,68
(117,159),1,0
(117,169),1,65
(117,170),1,49
(117,174),1,16
(117,177),1,27
(117,181),1,28
(118,70),1,37
(118,113),1,81
(118,125),1,27
(118,139),1,84
(119,14),1,72
(119,103),1,59
(119,105),1,78
(119,113),1,67
(119,125),1,20
(119,139),1,61
(119,188),1,9
(120,14),1,31
(120,33),1,37
(120,70),1,1
(120,103),1,20
(120,105),1,69
(120,113),1,61
(120,125),1,54
(120,139),1,69
(121,14),1,63
(121,33),1,67
(121,113),1,29
(121,125),1,53
(121,139),1,39
(122,14),1,43
(122,33),1,32
(122,51),1,59
(122,113),1,75
(122,125),1,61
(122,139),1,87
(123,14),1,79
(123,70),1,48
(123,103),1,65
(123,113),1,21
(123,125),1,34
(123,139),1,41
(124,14),1,3
(124,103),1,29
(124,105),1,11
(124,113),1,4
(124,125),1,89
(124,139),1,25
(126,70),1,9
(126,103),1,37
(126,113),1,74
(126,125),1,50
(126,139),1,63
(127,14),1,41
(127,103),1,36
(127,113),1,56
(127,125),1,28
(127,139),1,78
(128,14),1,89
(128,103),1,85
(128,113),1,75
(128,125),1,12
(128,139),1,65
(129,14),1,52
(129,33),1,43
(129,105),1,4
(129,113),1,71
(129,125),1,14
(129,137),1,22
(129,139),1,41
(130,14),1,76
(130,113),1,71
(130,125),1,10
(130,137),1,11
(130,139),1,21
(130,156),1,11
(131,14),1,9
(131,33),1,17
(131,103),1,89
(131,113),1,77
(131,125),1,49
(131,137),1,29
(131,139),1,83
(131,187),1,89
(132,7),1,45
(132,43),1,7
(132,47),1,34
(132,73),1,71
(132,90),1,31
(132,104),1,58
(132,127),1,69
(132,138),1,73
(132,150),1,65
(133,10),1,21
(133,11),1,49
(133,12),1,27
(133,14),1,89
(133,15),1,35
(133,22),1,42
(133,24),1,82
(133,30),1,43
(133,35),1,89
(133,50),1,16
(133,52),1,18
(133,56),1,42
(133,63),1,13
(133,65),1,31
(133,68),1,73
(133,70),1,45
(133,71),1,33
(133,73),1,78
(133,75),1,85
(133,82),1,57
(133,83),1,78
(133,86),1,33
(133,90),1,80
(133,93),1,49
(133,97),1,10
(133,99),1,52
(133,100),1,9
(133,121),1,2
(133,123),1,61
(133,125),1,14
(133,127),1,39
(133,128),1,84
(133,131),1,3
(133,138),1,10
(133,139),1,74
(133,140),1,63
(133,147),1,17
(133,149),1,51
(133,150),1,11
(133,159),1,50
(133,170),1,38
(133,174),1,58
(133,177),1,68
(133,179),1,36
(133,181),1,85
(133,183),1,44
(134,7),1,85
(134,90),1,8
(134,127),1,82
(134,138),1,83
(134,150),1,71
(135,103),1,86
(135,105),1,58
(135,113),1,63
(135,125),1,67
(135,139),1,19
(135,160),1,23
(136,7),1,23
(136,10),1,43
(136,11),1,43
(136,12),1,29
(136,14),1,6
(136,15),1,56
(136,17),1,62
(136,21),1,68
(136,24),1,45
(136,30),1,68
(136,38),1,66
(136,47),1,24
(136,48),1,87
(136,50),1,71
(136,52),1,59
(136,56),1,3
(136,65),1,85
(136,68),1,67
(136,71),1,13
(136,73),1,34
(136,75),1,61
(136,82),1,28
(136,83),1,63
(136,86),1,0
(136,90),1,79
(136,93),1,54
(136,96),1,78
(136,97),1,32
(136,99),1,84
(136,100),1,40
(136,107),1,50
(136,113),1,70
(136,121),1,76
(136,123),1,59
(136,125),1,5
(136,127),1,82
(136,128),1,45
(136,131),1,36
(136,137),1,48
(136,138),1,20
(136,139),1,64
(136,140),1,45
(136,147),1,45
(136,150),1,29
(136,159),1,56
(136,170),1,32
(136,174),1,83
(136,177),1,49
(136,178),1,31
(136,181),1,58
(137,14),1,80
(137,105),1,9
(137,113),1,73
(137,125),1,6
(137,139),1,60
(139,7),1,18
(139,73),1,18
(139,90),1,26
(139,127),1,0
(139,138),1,9
(139,150),1,68
(140,70),1,23
(140,103),1,33
(140,113),1,76
(140,125),1,51
(140,139),1,43
(141,7),1,41
(141,10),1,88
(141,11),1,10
(141,12),1,73
(141,13),1,5
(141,15),1,60
(141,17),1,74
(141,24),1,80
(141,26),1,33
(141,30),1,36
(141,32),1,16
(141,33),1,1
(141,35),1,84
(141,36),1,69
(141,48),1,6
(141,50),1,10
(141,52),1,73
(141,63),1,70
(141,65),1,2
(141,68),1,5
(141,71),1,38
(141,73),1,27
(141,75),1,39
(141,82),1,17
(141,83),1,57
(141,86),1,41
(141,88),1,3
(141,89),1,53
(141,90),1,81
(141,93),1,29
(141,96),1,62
(141,97),1,19
(141,99),1,60
(141,100),1,29
(141,102),1,88
(141,105),1,72
(141,109),1,29
(141,113),1,39
(141,121),1,83
(141,125),1,69
(141,127),1,66
(141,128),1,59
(141,131),1,57
(141,138),1,0
(141,139),1,35
(141,140),1,32
(141,144),1,54
(141,147),1,12
(141,150),1,42
(141,159),1,89
(141,170),1,79
(141,174),1,11
(141,177),1,15
(141,178),1,59
(141,181),1,19
(141,189),1,75
(142,14),1,57
(142,113),1,44
(142,125),1,46
(142,139),1,32
(143,14),1,44
(143,51),1,5
(143,70),1,33
(143,125),1,4
(143,137),1,30
(143,139),1,74
(143,187),1,2
(144,14),1,20
(144,103),1,13
(144,105),1,14
(144,113),1,83
(144,125),1,74
(144,139),1,86
(145,70),1,74
(145,125),1,86
(145,137),1,46
(145,139),1,85
(146,14),1,72
(146,51),1,70
(146,70),1,71
(146,125),1,39
(146,139),1,56
(146,187),1,70
(147,14),1,32
(147,103),1,27
(147,125),1,20
(147,139),1,72
(148,14),1,84
(148,70),1,23
(148,113),1,5
(148,125),1,37
(148,139),1,40
(148,160),1,21
(149,14),1,52
(149,103),1,55
(149,105),1,66
(149,113),1,60
(149,125),1,60
(149,139),1,79
(149,187),1,12
(151,7),1,29
(151,43),1,60
(151,73),1,37
(151,90),1,28
(151,127),1,72
(151,138),1,43
(151,150),1,12
(152,33),1,18
(152,111),1,17
(152,113),1,15
(152,125),1,55
(152,137),1,16
(152,139),1,9
(153,14),1,83
(153,103),1,73
(153,105),1,21
(153,113),1,57
(153,125),1,70
(153,137),1,45
(153,139),1,70
(154,7),1,62
(154,10),1,67
(154,11),1,84
(154,12),1,23
(154,14),1,38
(154,15),1,64
(154,17),1,62
(154,24),1,42
(154,30),1,78
(154,35),1,56
(154,43),1,52
(154,50),1,33
(154,52),1,21
(154,56),1,27
(154,63),1,27
(154,65),1,10
(154,68),1,65
(154,70),1,29
(154,71),1,56
(154,73),1,6
(154,75),1,21
(154,82),1,19
(154,83),1,84
(154,86),1,8
(154,89),1,33
(154,90),1,62
(154,93),1,18
(154,96),1,39
(154,99),1,54
(154,100),1,28
(154,103),1,81
(154,105),1,7
(154,113),1,45
(154,114),1,28
(154,123),1,24
(154,125),1,77
(154,127),1,77
(154,128),1,89
(154,131),1,28
(154,137),1,8
(154,138),1,10
(154,139),1,55
(154,140),1,67
(154,147),1,48
(154,149),1,2
(154,150),1,39
(154,170),1,58
(154,174),1,40
(154,177),1,33
(154,178),1,4
(154,181),1,24
(154,189),1,29
(155,7),1,14
(155,10),1,50
(155,11),1,35
(155,12),1,10
(155,15),1,64
(155,17),1,20
(155,21),1,53
(155,22),1,37
(155,24),1,13
(155,30),1,76
(155,32),1,71
(155,38),1,75
(155,46),1,49
(155,47),1,41
(155,48),1,21
(155,50),1,56
(155,52),1,45
(155,56),1,73
(155,63),1,6
(155,65),1,48
(155,68),1,48
(155,71),1,9
(155,73),1,67
(155,75),1,60
(155,82),1,69
(155,83),1,40
(155,86),1,11
(155,88),1,1
(155,90),1,40
(155,93),1,70
(155,99),1,33
(155,100),1,24
(155,107),1,0
(155,109),1,6
(155,110),1,78
(155,113),1,60
(155,121),1,3
(155,125),1,84
(155,127),1,88
(155,128),1,31
(155,131),1,8
(155,138),1,49
(155,139),1,52
(155,140),1,84
(155,144),1,67
(155,147),1,5
(155,149),1,36
(155,150),1,40
(155,157),1,27
(155,159),1,86
(155,170),1,7
(155,174),1,25
(155,177),1,47
(155,181),1,31
(156,6),1,59
(156,7),1,65
(156,10),1,73
(156,11),1,0
(156,12),1,75
(156,13),1,55
(156,15),1,51
(156,17),1,62
(156,24),1,15
(156,30),1,48
(156,32),1,79
(156,48),1,7
(156,50),1,62
(156,52),1,6
(156,53),1,35
(156,56),1,59
(156,63),1,23
(156,68),1,21
(156,71),1,19
(156,73),1,10
(156,75),1,64
(156,83),1,49
(156,86),1,7
(156,89),1,85
(156,90),1,7
(156,93),1,12
(156,99),1,80
(156,100),1,27
(156,107),1,89
(156,118),1,74
(156,121),1,17
(156,125),1,89
(156,127),1,34
(156,128),1,74
(156,131),1,4
(156,138),1,43
(156,139),1,29
(156,140),1,39
(156,144),1,82
(156,147),1,10
(156,149),1,44
(156,150),1,74
(156,159),1,5
(156,170),1,89
(156,174),1,36
(156,176),1,84
(156,177),1,30
(156,178),1,82
(156,181),1,68
(157,10),1,18
(157,11),1,10
(157,12),1,27
(157,14),1,67
(157,15),1,80
(157,17),1,84
(157,21),1,34
(157,22),1,38
(157,24),1,33
(157,27),1,67
(157,30),1,31
(157,32),1,41
(157,36),1,28
(157,38),1,42
(157,43),1,76
(157,48),1,53
(157,50),1,30
(157,52),1,70
(157,55),1,43
(157,56),1,49
(157,63),1,45
(157,68),1,29
(157,71),1,77
(157,73),1,28
(157,75),1,0
(157,83),1,80
(157,86),1,66
(157,89),1,89
(157,90),1,11
(157,93),1,75
(157,99),1,31
(157,100),1,80
(157,109),1,83
(157,110),1,50
(157,113),1,86
(157,121),1,37
(157,123),1,89
(157,125),1,71
(157,127),1,18
(157,128),1,68
(157,131),1,30
(157,138),1,37
(157,139),1,72
(157,140),1,79
(157,147),1,37
(157,150),1,79
(157,159),1,51
(157,169),1,80
(157,170),1,44
(157,174),1,69
(157,177),1,79
(157,178),1,80
(157,179),1,34
(157,181),1,36
(158,4),1,87
(158,113),1,56
(158,114),1,57
(158,125),1,86
(158,139),1,44
(159,14),1,20
(159,113),1,24
(159,125),1,23
(159,139),1,9
(160,70),1,34
(160,105),1,84
(160,113),1,6
(160,125),1,89
(160,139),1,61
(161,14),1,62
(161,33),1,80
(161,70),1,19
(161,113),1,10
(161,125),1,41
(161,139),1,24
(162,7),1,27
(162,10),1,51
(162,11),1,31
(162,12),1,21
(162,14),1,57
(162,15),1,47
(162,17),1,72
(162,22),1,45
(162,24),1,46
(162,27),1,31
(162,30),1,33
(162,32),1,89
(162,35),1,40
(162,48),1,89
(162,50),1,55
(162,52),1,58
(162,54),1,66
(162,56),1,10
(162,63),1,57
(162,68),1,33
(162,70),1,82
(162,71),1,83
(162,73),1,72
(162,75),1,25
(162,83),1,1
(162,86),1,30
(162,89),1,39
(162,90),1,14
(162,93),1,78
(162,99),1,48
(162,100),1,32
(162,107),1,31
(162,109),1,56
(162,113),1,1
(162,121),1,25
(162,123),1,3
(162,125),1,25
(162,127),1,33
(162,128),1,36
(162,131),1,16
(162,138),1,77
(162,139),1,35
(162,140),1,76
(162,147),1,15
(162,150),1,62
(162,169),1,77
(162,170),1,17
(162,174),1,40
(162,177),1,86
(162,181),1,15
(163,43),1,3
(163,73),1,67
(163,90),1,56
(163,127),1,68
(163,138),1,32
(163,150),1,3
(165,14),1,83
(165,103),1,82
(165,113),1,31
(165,125),1,35
(165,139),1,19
(166,47),1,72
(166,90),1,70
(166,127),1,65
(166,138),1,16
(166,150),1,11
(167,7),1,3
(167,10),1,14
(167,11),1,14
(167,12),1,64
(167,14),1,54
(167,15),1,32
(167,17),1,39
(167,22),1,26
(167,24),1,6
(167,27),1,78
(167,30),1,23
(167,32),1,57
(167,50),1,2
(167,52),1,8
(167,56),1,26
(167,63),1,27
(167,65),1,29
(167,68),1,89
(167,71),1,8
(167,73),1,78
(167,75),1,48
(167,76),1,9
(167,83),1,15
(167,86),1,58
(167,89),1,40
(167,90),1,23
(167,93),1,65
(167,99),1,82
(167,100),1,21
(167,103),1,33
(167,110),1,36
(167,113),1,88
(167,123),1,72
(167,125),1,56
(167,127),1,61
(167,128),1,16
(167,131),1,48
(167,138),1,4
(167,139),1,37
(167,140),1,78
(167,144),1,38
(167,147),1,23
(167,150),1,56
(167,170),1,16
(167,174),1,42
(167,177),1,1
(167,178),1,49
(167,181),1,86
(168,14),1,49
(168,70),1,13
(168,103),1,27
(168,113),1,78
(168,114),1,66
(168,125),1,30
(168,139),1,12
(168,187),1,89
(169,14),1,70
(169,33),1,80
(169,70),1,34
(169,113),1,62
(169,125),1,38
(169,139),1,50
(170,14),1,40
(170,103),1,51
(170,125),1,8
(170,139),1,77
(171,10),1,4
(171,11),1,0
(171,12),1,40
(171,15),1,21
(171,17),1,74
(171,22),1,87
(171,24),1,82
(171,27),1,34
(171,30),1,48
(171,47),1,35
(171,48),1,60
(171,50),1,52
(171,52),1,79
(171,59),1,76
(171,63),1,62
(171,68),1,1
(171,70),1,76
(171,71),1,43
(171,73),1,31
(171,75),1,89
(171,82),1,32
(171,83),1,14
(171,86),1,72
(171,89),1,38
(171,90),1,87
(171,93),1,52
(171,97),1,81
(171,99),1,14
(171,100),1,54
(171,103),1,78
(171,109),1,18
(171,113),1,51
(171,121),1,33
(171,125),1,85
(171,127),1,46
(171,128),1,64
(171,131),1,66
(171,138),1,69
(171,139),1,11
(171,140),1,60
(171,144),1,43
(171,147),1,76
(171,148),1,74
(171,150),1,41
(171,159),1,72
(171,170),1,42
(171,174),1,10
(171,176),1,49
(171,177),1,56
(171,178),1,5
(171,180),1,35
(171,181),1,44
(172,7),1,53
(172,10),1,77
(172,11),1,32
(172,12),1,34
(172,15),1,36
(172,17),1,69
(172,22),1,39
(172,24),1,53
(172,30),1,75
(172,32),1,67
(172,48),1,37
(172,50),1,79
(172,52),1,69
(172,56),1,58
(172,63),1,34
(172,68),1,12
(172,71),1,76
(172,73),1,13
(172,75),1,26
(172,82),1,44
(172,83),1,45
(172,86),1,37
(172,90),1,28
(172,93),1,46
(172,100),1,72
(172,103),1,13
(172,107),1,53
(172,110),1,61
(172,113),1,66
(172,121),1,14
(172,123),1,42
(172,125),1,17
(172,127),1,34
(172,128),1,26
(172,131),1,26
(172,137),1,8
(172,138),1,5
(172,139),1,20
(172,140),1,8
(172,147),1,76
(172,149),1,55
(172,150),1,26
(172,159),1,8
(172,170),1,53
(172,174),1,58
(172,177),1,73
(172,178),1,15
(172,181),1,21
(172,184),1,10
(173,33),1,53
(173,51),1,35
(173,113),1,28
(173,125),1,30
(173,139),1,79
(174,7),1,80
(174,47),1,52
(174,73),1,73
(174,90),1,3
(174,127),1,34
(174,138),1,2
(174,150),1,43
(175,7),1,18
(175,10),1,9
(175,11),1,88
(175,12),1,48
(175,14),1,78
(175,15),1,52
(175,17),1,79
(175,21),1,48
(175,22),1,9
(175,24),1,65
(175,30),1,88
(175,32),1,36
(175,36),1,34
(175,47),1,87
(175,48),1,70
(175,50),1,16
(175,52),1,84
(175,56),1,58
(175,65),1,22
(175,68),1,17
(175,71),1,42
(175,73),1,43
(175,75),1,69
(175,82),1,3
(175,83),1,65
(175,84),1,5
(175,86),1,42
(175,90),1,7
(175,93),1,4
(175,95),1,35
(175,96),1,67
(175,97),1,38
(175,99),1,51
(175,100),1,66
(175,105),1,29
(175,109),1,86
(175,113),1,20
(175,116),1,82
(175,121),1,41
(175,123),1,31
(175,125),1,1
(175,127),1,78
(175,128),1,51
(175,131),1,57
(175,137),1,29
(175,138),1,69
(175,139),1,50
(175,140),1,37
(175,147),1,86
(175,150),1,30
(175,159),1,66
(175,170),1,48
(175,174),1,23
(175,177),1,72
(175,178),1,16
(175,181),1,14
(175,187),1,56
(176,7),1,71
(176,10),1,56
(176,11),1,19
(176,12),1,59
(176,14),1,3
(176,15),1,54
(176,24),1,43
(176,27),1,36
(176,30),1,74
(176,32),1,40
(176,48),1,3
(176,49),1,22
(176,50),1,10
(176,52),1,25
(176,63),1,82
(176,68),1,29
(176,71),1,75
(176,73),1,42
(176,75),1,64
(176,82),1,38
(176,83),1,46
(176,86),1,39
(176,90),1,21
(176,93),1,43
(176,97),1,82
(176,99),1,3
(176,100),1,69
(176,103),1,59
(176,105),1,54
(176,109),1,74
(176,112),1,31
(176,113),1,88
(176,121),1,70
(176,125),1,18
(176,127),1,63
(176,128),1,47
(176,131),1,31
(176,138),1,25
(176,139),1,66
(176,140),1,45
(176,147),1,36
(176,150),1,37
(176,159),1,69
(176,170),1,32
(176,174),1,67
(176,177),1,80
(176,178),1,8
(176,181),1,69
(177,7),1,26
(177,73),1,49
(177,90),1,8
(177,127),1,40
(177,138),1,81
(177,150),1,52
(178,105),1,60
(178,113),1,58
(178,115),1,7
(178,125),1,55
(178,139),1,58
(179,14),1,45
(179,33),1,67
(179,113),1,54
(179,125),1,68
(179,139),1,0
(180,7),1,69
(180,10),1,88
(180,11),1,87
(180,12),1,74
(180,14),1,16
(180,15),1,4
(180,17),1,29
(180,22),1,47
(180,24),1,62
(180,27),1,28
(180,30),1,84
(180,32),1,48
(180,48),1,18
(180,50),1,48
(180,52),1,80
(180,56),1,9
(180,58),1,38
(180,63),1,43
(180,65),1,77
(180,68),1,78
(180,70),1,87
(180,71),1,53
(180,73),1,30
(180,75),1,22
(180,82),1,4
(180,83),1,10
(180,86),1,34
(180,89),1,6
(180,90),1,62
(180,93),1,45
(180,96),1,78
(180,97),1,44
(180,99),1,61
(180,100),1,52
(180,105),1,9
(180,107),1,54
(180,113),1,24
(180,121),1,70
(180,123),1,0
(180,125),1,13
(180,127),1,59
(180,128),1,22
(180,131),1,76
(180,135),1,47
(180,138),1,32
(180,139),1,76
(180,140),1,31
(180,144),1,12
(180,146),1,46
(180,147),1,3
(180,149),1,38
(180,150),1,23
(180,170),1,26
(180,174),1,25
(180,176),1,56
(180,177),1,21
(180,178),1,25
(180,181),1,9
(181,14),1,28
(181,113),1,10
(181,125),1,26
(181,137),1,70
(181,139),1,50
(181,156),1,51
(182,4),1,51
(182,14),1,72
(182,33),1,71
(182,49),1,61
(182,113),1,61
(182,125),1,40
(182,139),1,86
(183,7),1,70
(183,73),1,16
(183,90),1,1
(183,127),1,61
(183,138),1,40
(183,150),1,47
(185,3),1,44
(185,7),1,47
(185,10),1,24
(185,11),1,57
(185,12),1,44
(185,13),1,39
(185,14),1,78
(185,15),1,39
(185,17),1,58
(185,22),1,0
(185,24),1,4
(185,30),1,8
(185,48),1,86
(185,50),1,58
(185,52),1,14
(185,59),1,87
(185,63),1,13
(185,65),1,0
(185,68),1,21
(185,71),1,35
(185,73),1,11
(185,75),1,21
(185,83),1,12
(185,86),1,88
(185,89),1,60
(185,90),1,59
(185,93),1,10
(185,99),1,1
(185,100),1,22
(185,103),1,26
(185,105),1,42
(185,113),1,11
(185,114),1,88
(185,121),1,7
(185,123),1,67
(185,125),1,44
(185,127),1,60
(185,128),1,36
(185,131),1,41
(185,138),1,85
(185,139),1,5
(185,140),1,0
(185,144),1,67
(185,147),1,63
(185,149),1,71
(185,150),1,57
(185,159),1,60
(185,170),1,0
(185,174),1,17
(185,177),1,65
(185,179),1,49
(185,181),1,82
(186,33),1,29
(186,49),1,40
(186,125),1,27
(186,139),1,21
(186,156),1,77
(187,33),1,60
(187,49),1,54
(187,113),1,44
(187,125),1,25
(187,139),1,22
(188,51),1,24
(188,105),1,20
(188,113),1,19
(188,125),1,7
(188,139),1,61
(189,33),1,14
(189,113),1,41
(189,114),1,37
(189,125),1,88
(189,137),1,31
(189,139),1,45
(190,7),1,84
(190,10),1,87
(190,11),1,45
(190,12),1,81
(190,13),1,62
(190,14),1,64
(190,15),1,61
(190,17),1,65
(190,22),1,11
(190,24),1,85
(190,30),1,21
(190,32),1,29
(190,48),1,11
(190,50),1,47
(190,52),1,11
(190,55),1,58
(190,56),1,70
(190,63),1,15
(190,68),1,10
(190,71),1,80
(190,73),1,79
(190,75),1,53
(190,82),1,41
(190,83),1,23
(190,86),1,24
(190,89),1,31
(190,90),1,57
(190,93),1,39
(190,97),1,81
(190,99),1,13
(190,100),1,70
(190,116),1,39
(190,121),1,38
(190,123),1,27
(190,125),1,37
(190,127),1,46
(190,128),1,59
(190,131),1,72
(190,138),1,14
(190,139),1,42
(190,140),1,86
(190,144),1,61
(190,147),1,57
(190,150),1,55
(190,159),1,22
(190,170),1,58
(190,172),1,36
(190,174),1,78
(190,177),1,32
(190,178),1,47
(190,180),1,55
(190,181),1,59
(191,7),1,56
(191,73),1,34
(191,90),1,78
(191,127),1,63
(191,138),1,37
(191,150),1,64
(192,10),1,21
(192,11),1,59
(192,12),1,47
(192,14),1,68
(192,15),1,38
(192,17),1,60
(192,22),1,35
(192,24),1,70
(192,30),1,15
(192,35),1,84
(192,36),1,36
(192,43),1,33
(192,48),1,30
(192,50),1,9
(192,52),1,0
(192,56),1,67
(192,63),1,16
(192,65),1,43
(192,68),1,69
(192,70),1,50
(192,71),1,67
(192,75),1,74
(192,82),1,22
(192,83),1,41
(192,86),1,88
(192,89),1,21
(192,90),1,41
(192,93),1,12
(192,97),1,46
(192,99),1,29
(192,100),1,3
(192,102),1,57
(192,109),1,14
(192,121),1,59
(192,123),1,40
(192,125),1,48
(192,127),1,73
(192,128),1,2
(192,131),1,41
(192,137),1,27
(192,138),1,35
(192,139),1,81
(192,140),1,3
(192,144),1,59
(192,147),1,56
(192,149),1,51
(192,150),1,79
(192,170),1,31
(192,174),1,86
(192,177),1,24
(192,178),1,52
(192,181),1,61
(193,14),1,72
(193,105),1,78
(193,113),1,47
(193,125),1,59
(193,139),1,78
(194,7),1,86
(194,10),1,84
(194,11),1,82
(194,12),1,8
(194,14),1,62
(194,17),1,74
(194,22),1,31
(194,30),1,60
(194,32),1,54
(194,36),1,36
(194,38),1,7
(194,40),1,69
(194,47),1,13
(194,50),1,79
(194,52),1,13
(194,63),1,6
(194,65),1,43
(194,68),1,70
(194,71),1,40
(194,73),1,83
(194,75),1,30
(194,83),1,20
(194,86),1,33
(194,89),1,80
(194,90),1,15
(194,93),1,85
(194,97),1,45
(194,99),1,25
(194,100),1,47
(194,102),1,87
(194,107),1,76
(194,121),1,20
(194,123),1,9
(194,125),1,50
(194,127),1,13
(194,128),1,9
(194,131),1,67
(194,138),1,14
(194,139),1,21
(194,140),1,1
(194,144),1,60
(194,147),1,48
(194,150),1,4
(194,157),1,71
(194,159),1,67
(194,170),1,84
(194,174),1,67
(194,176),1,43
(194,177),1,58
(194,178),1,10
(194,181),1,7
(195,7),1,74
(195,43),1,17
(195,90),1,36
(195,127),1,27
(195,138),1,9
(195,150),1,11
(196,14),1,0
(196,70),1,10
(196,103),1,51
(196,113),1,21
(196,125),1,61
(196,139),1,67
(196,187),1,68
(197,14),1,67
(197,113),1,23
(197,125),1,16
(197,139),1,8
(198,4),1,82
(198,70),1,68
(198,103),1,12
(198,113),1,0
(198,125),1,24
(198,139),1,58
(198,187),1,68
(199,10),1,71
(199,11),1,72
(199,12),1,44
(199,15),1,65
(199,17),1,67
(199,22),1,70
(199,24),1,33
(199,30),1,29
(199,33),1,87
(199,35),1,52
(199,43),1,87
(199,47),1,11
(199,48),1,7
(199,50),1,83
(199,52),1,66
(199,59),1,62
(199,63),1,32
(199,68),1,32
(199,70),1,51
(199,71),1,50
(199,73),1,10
(199,75),1,53
(199,83),1,79
(199,86),1,32
(199,89),1,23
(199,90),1,40
(199,93),1,17
(199,97),1,76
(199,100),1,84
(199,103),1,41
(199,109),1,19
(199,110),1,89
(199,113),1,35
(199,121),1,81
(199,123),1,67
(199,125),1,12
(199,127),1,68
(199,128),1,84
(199,131),1,17
(199,138),1,57
(199,139),1,7
(199,140),1,33
(199,141),1,84
(199,147),1,12
(199,150),1,49
(199,157),1,9
(199,159),1,40
(199,170),1,57
(199,174),1,46
(199,177),1,41
(199,178),1,35
(199,181),1,65
(199,184),1,86
(199,187),1,57
