Nr_Pairs = 200
Nr_NDD = 0
Nr_Arcs = 3116
0,0,1,1,2
1,0,0,0,2
2,0,1,1,2
3,0,1,1,0
4,0,2,0,0
5,0,1,0,2
6,0,0,2,2
7,0,0,2,2
8,0,0,0,2
9,0,1,1,2
10,0,1,1,2
11,0,0,0,1
12,0,0,1,2
13,0,1,1,2
14,0,0,1,2
15,0,1,0,1
16,0,1,0,0
17,0,1,0,0
18,0,1,0,0
19,0,0,0,2
20,0,1,0,0
21,0,1,0,0
22,0,1,0,0
23,0,1,1,2
24,0,0,1,2
25,0,1,0,0
26,0,0,1,2
27,0,1,0,0
28,0,1,0,0
29,0,2,0,0
30,0,0,0,2
31,0,0,0,2
32,0,0,0,1
33,0,0,0,2
34,0,0,0,2
35,0,1,0,0
36,0,0,0,2
37,0,0,0,2
38,0,1,3,2
39,0,1,3,2
40,0,2,0,0
41,0,0,0,1
42,0,2,0,0
43,0,1,0,0
44,0,0,1,2
45,0,1,0,2
46,0,0,2,2
47,0,1,0,0
48,0,1,3,2
49,0,0,0,2
50,0,0,0,1
51,0,0,0,2
52,0,2,2,2
53,0,0,0,2
54,0,1,0,2
55,0,0,0,2
56,0,1,1,1
57,0,1,1,2
58,0,2,0,1
59,0,1,1,2
60,0,1,0,2
61,0,1,1,1
62,0,0,0,2
63,0,0,0,2
64,0,0,0,2
65,0,0,1,2
66,0,2,0,2
67,0,2,0,2
68,0,1,0,2
69,0,0,0,2
70,0,1,0,1
71,0,2,2,2
72,0,1,0,2
73,0,0,0,2
74,0,0,0,2
75,0,2,0,2
76,0,0,1,2
77,0,1,1,2
78,0,1,0,2
79,0,1,0,0
80,0,2,1,2
81,0,1,0,2
82,0,0,0,2
83,0,0,0,2
84,0,0,1,2
85,0,2,2,2
86,0,1,0,2
87,0,1,0,2
88,0,0,0,2
89,0,1,1,2
90,0,1,0,2
91,0,2,0,1
92,0,1,2,1
93,0,2,0,0
94,0,1,0,2
95,0,1,0,0
96,0,1,0,0
97,0,1,0,2
98,0,1,0,2
99,0,2,0,2
100,0,0,0,2
101,0,1,1,2
102,0,1,3,1
103,0,1,0,2
104,0,1,0,2
105,0,2,2,2
106,0,0,2,2
107,0,2,3,2
108,0,1,0,2
109,0,2,2,2
110,0,1,1,2
111,0,3,2,2
112,0,1,0,2
113,0,1,0,0
114,0,2,3,2
115,0,0,0,2
116,0,0,0,2
117,0,1,0,2
118,0,1,0,2
119,0,2,0,2
120,0,2,0,2
121,0,2,1,2
122,0,1,0,1
123,0,0,0,2
124,0,2,2,2
125,0,1,0,0
126,0,0,1,2
127,0,2,3,2
128,0,0,0,1
129,0,1,1,2
130,0,1,0,2
131,0,1,0,0
132,0,1,0,0
133,0,1,0,0
134,0,1,0,0
135,0,2,2,2
136,0,1,1,2
137,0,0,1,2
138,0,0,0,2
139,0,1,0,0
140,0,2,2,2
141,0,0,1,2
142,0,1,1,2
143,0,0,0,2
144,0,0,0,2
145,0,0,0,2
146,0,1,0,0
147,0,2,0,2
148,0,1,1,2
149,0,1,0,2
150,0,1,0,2
151,0,0,1,2
152,0,2,2,2
153,0,2,0,0
154,0,1,1,2
155,0,0,2,2
156,0,1,0,1
157,0,0,0,2
158,0,2,2,2
159,0,1,2,2
160,0,0,0,2
161,0,1,1,2
162,0,1,0,2
163,0,0,0,2
164,0,0,0,2
165,0,1,1,2
166,0,0,0,2
167,0,2,0,2
168,0,0,0,2
169,0,0,1,2
170,0,2,0,0
171,0,1,0,0
172,0,2,0,1
173,0,2,0,0
174,0,2,0,1
175,0,2,1,1
176,0,0,0,2
177,0,1,1,2
178,0,0,0,2
179,0,0,0,2
180,0,1,1,2
181,0,0,1,2
182,0,1,1,2
183,0,1,0,0
184,0,1,0,0
185,0,0,1,2
186,0,3,0,2
187,0,0,0,2
188,0,0,0,1
189,0,1,0,2
190,0,1,1,2
191,0,1,0,0
192,0,1,1,2
193,0,0,0,2
194,0,1,1,2
195,0,2,2,2
196,0,3,2,2
197,0,0,0,2
198,0,2,0,0
199,0,1,0,2
(0,3),1,1
(0,12),1,1
(0,129),1,1
(0,161),1,1
(0,175),1,1
(1,4),1,1
(1,15),1,1
(1,17),1,1
(1,18),1,1
(1,19),1,1
(1,20),1,1
(1,21),1,1
(1,22),1,1
(1,25),1,1
(1,27),1,1
(1,28),1,1
(1,29),1,1
(1,35),1,1
(1,40),1,1
(1,42),1,1
(1,43),1,1
(1,47),1,1
(1,48),1,1
(1,93),1,1
(1,95),1,1
(1,96),1,1
(1,99),1,1
(1,113),1,1
(1,122),1,1
(1,125),1,1
(1,128),1,1
(1,131),1,1
(1,132),1,1
(1,133),1,1
(1,139),1,1
(1,142),1,1
(1,146),1,1
(1,153),1,1
(1,156),1,1
(1,170),1,1
(1,171),1,1
(1,172),1,1
(1,173),1,1
(1,174),1,1
(1,183),1,1
(1,184),1,1
(1,191),1,1
(1,198),1,1
(2,3),1,1
(2,56),1,1
(3,48),1,1
(3,148),1,1
(3,175),1,1
(5,3),1,1
(5,56),1,1
(5,59),1,1
(5,154),1,1
(5,175),1,1
(6,3),1,1
(6,4),1,1
(6,5),1,1
(6,16),1,1
(6,17),1,1
(6,18),1,1
(6,19),1,1
(6,21),1,1
(6,22),1,1
(6,27),1,1
(6,28),1,1
(6,29),1,1
(6,32),1,1
(6,35),1,1
(6,40),1,1
(6,41),1,1
(6,42),1,1
(6,43),1,1
(6,47),1,1
(6,56),1,1
(6,72),1,1
(6,91),1,1
(6,92),1,1
(6,93),1,1
(6,96),1,1
(6,102),1,1
(6,112),1,1
(6,113),1,1
(6,125),1,1
(6,131),1,1
(6,133),1,1
(6,134),1,1
(6,146),1,1
(6,153),1,1
(6,155),1,1
(6,158),1,1
(6,170),1,1
(6,171),1,1
(6,173),1,1
(6,175),1,1
(6,183),1,1
(6,184),1,1
(6,188),1,1
(6,191),1,1
(6,192),1,1
(6,198),1,1
(7,3),1,1
(7,15),1,1
(7,16),1,1
(7,17),1,1
(7,18),1,1
(7,20),1,1
(7,21),1,1
(7,22),1,1
(7,25),1,1
(7,27),1,1
(7,28),1,1
(7,29),1,1
(7,35),1,1
(7,40),1,1
(7,42),1,1
(7,43),1,1
(7,47),1,1
(7,61),1,1
(7,72),1,1
(7,76),1,1
(7,79),1,1
(7,87),1,1
(7,93),1,1
(7,95),1,1
(7,96),1,1
(7,111),1,1
(7,113),1,1
(7,125),1,1
(7,131),1,1
(7,132),1,1
(7,133),1,1
(7,134),1,1
(7,139),1,1
(7,146),1,1
(7,153),1,1
(7,170),1,1
(7,171),1,1
(7,173),1,1
(7,183),1,1
(7,184),1,1
(7,189),1,1
(7,191),1,1
(7,198),1,1
(8,3),1,1
(8,4),1,1
(8,15),1,1
(8,17),1,1
(8,18),1,1
(8,20),1,1
(8,21),1,1
(8,22),1,1
(8,25),1,1
(8,27),1,1
(8,29),1,1
(8,35),1,1
(8,40),1,1
(8,41),1,1
(8,42),1,1
(8,43),1,1
(8,52),1,1
(8,70),1,1
(8,79),1,1
(8,93),1,1
(8,95),1,1
(8,96),1,1
(8,112),1,1
(8,113),1,1
(8,125),1,1
(8,131),1,1
(8,132),1,1
(8,133),1,1
(8,134),1,1
(8,139),1,1
(8,146),1,1
(8,153),1,1
(8,154),1,1
(8,156),1,1
(8,161),1,1
(8,170),1,1
(8,171),1,1
(8,173),1,1
(8,183),1,1
(8,184),1,1
(8,188),1,1
(8,191),1,1
(8,198),1,1
(9,3),1,1
(9,84),1,1
(9,175),1,1
(10,3),1,1
(10,80),1,1
(11,4),1,1
(11,6),1,1
(11,16),1,1
(11,17),1,1
(11,18),1,1
(11,21),1,1
(11,22),1,1
(11,27),1,1
(11,28),1,1
(11,29),1,1
(11,35),1,1
(11,40),1,1
(11,42),1,1
(11,43),1,1
(11,47),1,1
(11,58),1,1
(11,93),1,1
(11,95),1,1
(11,96),1,1
(11,104),1,1
(11,108),1,1
(11,113),1,1
(11,125),1,1
(11,128),1,1
(11,131),1,1
(11,132),1,1
(11,133),1,1
(11,139),1,1
(11,146),1,1
(11,153),1,1
(11,170),1,1
(11,171),1,1
(11,172),1,1
(11,173),1,1
(11,174),1,1
(11,175),1,1
(11,183),1,1
(11,191),1,1
(11,198),1,1
(12,3),1,1
(12,15),1,1
(12,16),1,1
(12,17),1,1
(12,18),1,1
(12,20),1,1
(12,21),1,1
(12,22),1,1
(12,25),1,1
(12,27),1,1
(12,28),1,1
(12,29),1,1
(12,32),1,1
(12,35),1,1
(12,36),1,1
(12,40),1,1
(12,41),1,1
(12,42),1,1
(12,43),1,1
(12,55),1,1
(12,60),1,1
(12,89),1,1
(12,93),1,1
(12,95),1,1
(12,96),1,1
(12,108),1,1
(12,113),1,1
(12,125),1,1
(12,131),1,1
(12,132),1,1
(12,133),1,1
(12,139),1,1
(12,146),1,1
(12,153),1,1
(12,166),1,1
(12,170),1,1
(12,171),1,1
(12,173),1,1
(12,175),1,1
(12,184),1,1
(12,191),1,1
(12,198),1,1
(13,3),1,1
(13,175),1,1
(14,3),1,1
(14,4),1,1
(14,8),1,1
(14,16),1,1
(14,17),1,1
(14,18),1,1
(14,20),1,1
(14,21),1,1
(14,22),1,1
(14,25),1,1
(14,27),1,1
(14,28),1,1
(14,29),1,1
(14,35),1,1
(14,40),1,1
(14,42),1,1
(14,43),1,1
(14,47),1,1
(14,48),1,1
(14,54),1,1
(14,91),1,1
(14,93),1,1
(14,95),1,1
(14,96),1,1
(14,102),1,1
(14,113),1,1
(14,121),1,1
(14,122),1,1
(14,125),1,1
(14,128),1,1
(14,131),1,1
(14,132),1,1
(14,133),1,1
(14,134),1,1
(14,139),1,1
(14,146),1,1
(14,153),1,1
(14,170),1,1
(14,171),1,1
(14,173),1,1
(14,175),1,1
(14,183),1,1
(14,191),1,1
(14,198),1,1
(16,3),1,1
(16,89),1,1
(16,192),1,1
(17,12),1,1
(17,61),1,1
(17,148),1,1
(17,161),1,1
(17,175),1,1
(18,3),1,1
(18,102),1,1
(19,4),1,1
(19,15),1,1
(19,16),1,1
(19,17),1,1
(19,18),1,1
(19,21),1,1
(19,22),1,1
(19,27),1,1
(19,28),1,1
(19,29),1,1
(19,35),1,1
(19,40),1,1
(19,42),1,1
(19,43),1,1
(19,47),1,1
(19,50),1,1
(19,58),1,1
(19,59),1,1
(19,72),1,1
(19,93),1,1
(19,96),1,1
(19,102),1,1
(19,108),1,1
(19,113),1,1
(19,117),1,1
(19,125),1,1
(19,131),1,1
(19,132),1,1
(19,133),1,1
(19,134),1,1
(19,139),1,1
(19,140),1,1
(19,146),1,1
(19,153),1,1
(19,170),1,1
(19,171),1,1
(19,173),1,1
(19,174),1,1
(19,183),1,1
(19,188),1,1
(19,191),1,1
(19,198),1,1
(20,84),1,1
(21,44),1,1
(21,56),1,1
(21,102),1,1
(22,0),1,1
(22,3),1,1
(22,56),1,1
(22,80),1,1
(23,175),1,1
(24,4),1,1
(24,5),1,1
(24,11),1,1
(24,16),1,1
(24,17),1,1
(24,18),1,1
(24,20),1,1
(24,21),1,1
(24,22),1,1
(24,25),1,1
(24,27),1,1
(24,28),1,1
(24,29),1,1
(24,35),1,1
(24,36),1,1
(24,40),1,1
(24,42),1,1
(24,43),1,1
(24,47),1,1
(24,58),1,1
(24,70),1,1
(24,79),1,1
(24,93),1,1
(24,96),1,1
(24,113),1,1
(24,125),1,1
(24,131),1,1
(24,132),1,1
(24,133),1,1
(24,139),1,1
(24,140),1,1
(24,146),1,1
(24,153),1,1
(24,170),1,1
(24,171),1,1
(24,173),1,1
(24,174),1,1
(24,183),1,1
(24,191),1,1
(24,198),1,1
(25,0),1,1
(25,3),1,1
(25,12),1,1
(25,26),1,1
(25,84),1,1
(26,3),1,1
(26,4),1,1
(26,16),1,1
(26,17),1,1
(26,18),1,1
(26,20),1,1
(26,21),1,1
(26,22),1,1
(26,25),1,1
(26,27),1,1
(26,28),1,1
(26,29),1,1
(26,35),1,1
(26,36),1,1
(26,40),1,1
(26,42),1,1
(26,43),1,1
(26,44),1,1
(26,47),1,1
(26,50),1,1
(26,56),1,1
(26,58),1,1
(26,79),1,1
(26,93),1,1
(26,95),1,1
(26,96),1,1
(26,108),1,1
(26,113),1,1
(26,125),1,1
(26,131),1,1
(26,133),1,1
(26,134),1,1
(26,146),1,1
(26,153),1,1
(26,156),1,1
(26,170),1,1
(26,171),1,1
(26,173),1,1
(26,175),1,1
(26,183),1,1
(26,184),1,1
(26,188),1,1
(26,191),1,1
(26,198),1,1
(27,89),1,1
(28,175),1,1
(30,3),1,1
(30,4),1,1
(30,6),1,1
(30,15),1,1
(30,16),1,1
(30,17),1,1
(30,18),1,1
(30,20),1,1
(30,21),1,1
(30,22),1,1
(30,29),1,1
(30,35),1,1
(30,40),1,1
(30,42),1,1
(30,43),1,1
(30,50),1,1
(30,79),1,1
(30,87),1,1
(30,91),1,1
(30,93),1,1
(30,95),1,1
(30,96),1,1
(30,113),1,1
(30,125),1,1
(30,131),1,1
(30,133),1,1
(30,136),1,1
(30,139),1,1
(30,146),1,1
(30,153),1,1
(30,170),1,1
(30,171),1,1
(30,173),1,1
(30,183),1,1
(30,184),1,1
(30,191),1,1
(30,198),1,1
(31,3),1,1
(31,16),1,1
(31,17),1,1
(31,18),1,1
(31,20),1,1
(31,21),1,1
(31,22),1,1
(31,25),1,1
(31,26),1,1
(31,28),1,1
(31,29),1,1
(31,35),1,1
(31,40),1,1
(31,42),1,1
(31,43),1,1
(31,58),1,1
(31,79),1,1
(31,80),1,1
(31,91),1,1
(31,92),1,1
(31,93),1,1
(31,96),1,1
(31,113),1,1
(31,121),1,1
(31,125),1,1
(31,131),1,1
(31,133),1,1
(31,146),1,1
(31,147),1,1
(31,153),1,1
(31,170),1,1
(31,171),1,1
(31,172),1,1
(31,173),1,1
(31,175),1,1
(31,188),1,1
(31,191),1,1
(31,198),1,1
(32,0),1,1
(32,16),1,1
(32,17),1,1
(32,18),1,1
(32,20),1,1
(32,21),1,1
(32,22),1,1
(32,27),1,1
(32,28),1,1
(32,29),1,1
(32,35),1,1
(32,40),1,1
(32,41),1,1
(32,42),1,1
(32,43),1,1
(32,58),1,1
(32,91),1,1
(32,93),1,1
(32,96),1,1
(32,108),1,1
(32,111),1,1
(32,112),1,1
(32,113),1,1
(32,125),1,1
(32,131),1,1
(32,132),1,1
(32,133),1,1
(32,146),1,1
(32,153),1,1
(32,170),1,1
(32,171),1,1
(32,172),1,1
(32,173),1,1
(32,174),1,1
(32,183),1,1
(32,184),1,1
(32,191),1,1
(32,198),1,1
(33,3),1,1
(33,4),1,1
(33,11),1,1
(33,16),1,1
(33,17),1,1
(33,18),1,1
(33,19),1,1
(33,20),1,1
(33,21),1,1
(33,22),1,1
(33,25),1,1
(33,27),1,1
(33,28),1,1
(33,29),1,1
(33,32),1,1
(33,35),1,1
(33,40),1,1
(33,42),1,1
(33,43),1,1
(33,47),1,1
(33,50),1,1
(33,56),1,1
(33,58),1,1
(33,74),1,1
(33,79),1,1
(33,91),1,1
(33,92),1,1
(33,93),1,1
(33,96),1,1
(33,113),1,1
(33,125),1,1
(33,131),1,1
(33,132),1,1
(33,133),1,1
(33,146),1,1
(33,153),1,1
(33,156),1,1
(33,170),1,1
(33,171),1,1
(33,173),1,1
(33,175),1,1
(33,183),1,1
(33,184),1,1
(33,191),1,1
(33,198),1,1
(34,3),1,1
(34,4),1,1
(34,15),1,1
(34,16),1,1
(34,17),1,1
(34,18),1,1
(34,20),1,1
(34,21),1,1
(34,22),1,1
(34,27),1,1
(34,28),1,1
(34,29),1,1
(34,32),1,1
(34,35),1,1
(34,40),1,1
(34,42),1,1
(34,43),1,1
(34,58),1,1
(34,61),1,1
(34,79),1,1
(34,92),1,1
(34,93),1,1
(34,95),1,1
(34,96),1,1
(34,113),1,1
(34,125),1,1
(34,128),1,1
(34,131),1,1
(34,132),1,1
(34,133),1,1
(34,134),1,1
(34,146),1,1
(34,153),1,1
(34,166),1,1
(34,170),1,1
(34,171),1,1
(34,173),1,1
(34,175),1,1
(34,183),1,1
(34,184),1,1
(34,188),1,1
(34,191),1,1
(34,198),1,1
(35,3),1,1
(35,56),1,1
(35,80),1,1
(36,3),1,1
(36,4),1,1
(36,16),1,1
(36,17),1,1
(36,18),1,1
(36,20),1,1
(36,21),1,1
(36,22),1,1
(36,25),1,1
(36,27),1,1
(36,28),1,1
(36,29),1,1
(36,35),1,1
(36,40),1,1
(36,42),1,1
(36,43),1,1
(36,47),1,1
(36,61),1,1
(36,66),1,1
(36,93),1,1
(36,95),1,1
(36,96),1,1
(36,102),1,1
(36,113),1,1
(36,125),1,1
(36,131),1,1
(36,133),1,1
(36,139),1,1
(36,141),1,1
(36,146),1,1
(36,148),1,1
(36,153),1,1
(36,170),1,1
(36,171),1,1
(36,173),1,1
(36,174),1,1
(36,183),1,1
(36,188),1,1
(36,191),1,1
(36,198),1,1
(37,3),1,1
(37,4),1,1
(37,5),1,1
(37,15),1,1
(37,17),1,1
(37,18),1,1
(37,20),1,1
(37,21),1,1
(37,22),1,1
(37,25),1,1
(37,27),1,1
(37,28),1,1
(37,29),1,1
(37,32),1,1
(37,35),1,1
(37,40),1,1
(37,41),1,1
(37,42),1,1
(37,43),1,1
(37,79),1,1
(37,93),1,1
(37,95),1,1
(37,96),1,1
(37,108),1,1
(37,113),1,1
(37,125),1,1
(37,131),1,1
(37,132),1,1
(37,133),1,1
(37,134),1,1
(37,136),1,1
(37,139),1,1
(37,146),1,1
(37,153),1,1
(37,156),1,1
(37,158),1,1
(37,170),1,1
(37,171),1,1
(37,173),1,1
(37,175),1,1
(37,183),1,1
(37,184),1,1
(37,191),1,1
(37,198),1,1
(38,56),1,1
(38,59),1,1
(38,61),1,1
(39,3),1,1
(39,48),1,1
(39,56),1,1
(39,102),1,1
(39,121),1,1
(41,4),1,1
(41,16),1,1
(41,17),1,1
(41,18),1,1
(41,20),1,1
(41,21),1,1
(41,22),1,1
(41,27),1,1
(41,28),1,1
(41,29),1,1
(41,32),1,1
(41,35),1,1
(41,40),1,1
(41,42),1,1
(41,43),1,1
(41,52),1,1
(41,58),1,1
(41,70),1,1
(41,79),1,1
(41,89),1,1
(41,93),1,1
(41,95),1,1
(41,96),1,1
(41,99),1,1
(41,113),1,1
(41,122),1,1
(41,125),1,1
(41,129),1,1
(41,131),1,1
(41,132),1,1
(41,133),1,1
(41,134),1,1
(41,139),1,1
(41,146),1,1
(41,153),1,1
(41,154),1,1
(41,170),1,1
(41,171),1,1
(41,172),1,1
(41,173),1,1
(41,175),1,1
(41,183),1,1
(41,184),1,1
(41,188),1,1
(41,191),1,1
(41,198),1,1
(42,92),1,1
(42,102),1,1
(43,3),1,1
(43,26),1,1
(43,59),1,1
(43,102),1,1
(44,4),1,1
(44,16),1,1
(44,17),1,1
(44,18),1,1
(44,20),1,1
(44,21),1,1
(44,22),1,1
(44,25),1,1
(44,27),1,1
(44,28),1,1
(44,29),1,1
(44,35),1,1
(44,40),1,1
(44,41),1,1
(44,42),1,1
(44,43),1,1
(44,56),1,1
(44,93),1,1
(44,96),1,1
(44,113),1,1
(44,121),1,1
(44,125),1,1
(44,131),1,1
(44,132),1,1
(44,133),1,1
(44,139),1,1
(44,146),1,1
(44,147),1,1
(44,153),1,1
(44,156),1,1
(44,170),1,1
(44,171),1,1
(44,172),1,1
(44,173),1,1
(44,175),1,1
(44,184),1,1
(44,191),1,1
(44,198),1,1
(45,3),1,1
(45,102),1,1
(45,175),1,1
(46,3),1,1
(46,4),1,1
(46,17),1,1
(46,18),1,1
(46,19),1,1
(46,20),1,1
(46,21),1,1
(46,22),1,1
(46,25),1,1
(46,28),1,1
(46,29),1,1
(46,32),1,1
(46,35),1,1
(46,40),1,1
(46,41),1,1
(46,42),1,1
(46,43),1,1
(46,47),1,1
(46,58),1,1
(46,70),1,1
(46,93),1,1
(46,96),1,1
(46,101),1,1
(46,113),1,1
(46,125),1,1
(46,128),1,1
(46,131),1,1
(46,132),1,1
(46,133),1,1
(46,134),1,1
(46,139),1,1
(46,146),1,1
(46,153),1,1
(46,156),1,1
(46,170),1,1
(46,171),1,1
(46,172),1,1
(46,173),1,1
(46,175),1,1
(46,183),1,1
(46,188),1,1
(46,191),1,1
(46,198),1,1
(47,76),1,1
(48,3),1,1
(48,61),1,1
(49,3),1,1
(49,4),1,1
(49,10),1,1
(49,15),1,1
(49,16),1,1
(49,17),1,1
(49,18),1,1
(49,20),1,1
(49,21),1,1
(49,22),1,1
(49,25),1,1
(49,27),1,1
(49,28),1,1
(49,29),1,1
(49,35),1,1
(49,40),1,1
(49,42),1,1
(49,43),1,1
(49,47),1,1
(49,58),1,1
(49,79),1,1
(49,84),1,1
(49,93),1,1
(49,96),1,1
(49,111),1,1
(49,112),1,1
(49,113),1,1
(49,125),1,1
(49,131),1,1
(49,132),1,1
(49,133),1,1
(49,134),1,1
(49,139),1,1
(49,146),1,1
(49,153),1,1
(49,170),1,1
(49,171),1,1
(49,173),1,1
(49,175),1,1
(49,188),1,1
(49,191),1,1
(49,198),1,1
(50,3),1,1
(50,4),1,1
(50,16),1,1
(50,17),1,1
(50,18),1,1
(50,20),1,1
(50,21),1,1
(50,22),1,1
(50,25),1,1
(50,27),1,1
(50,29),1,1
(50,35),1,1
(50,40),1,1
(50,41),1,1
(50,42),1,1
(50,43),1,1
(50,56),1,1
(50,58),1,1
(50,59),1,1
(50,79),1,1
(50,91),1,1
(50,93),1,1
(50,95),1,1
(50,96),1,1
(50,113),1,1
(50,121),1,1
(50,125),1,1
(50,131),1,1
(50,132),1,1
(50,133),1,1
(50,134),1,1
(50,139),1,1
(50,146),1,1
(50,153),1,1
(50,170),1,1
(50,171),1,1
(50,172),1,1
(50,173),1,1
(50,183),1,1
(50,191),1,1
(50,198),1,1
(51,4),1,1
(51,16),1,1
(51,17),1,1
(51,18),1,1
(51,20),1,1
(51,21),1,1
(51,22),1,1
(51,25),1,1
(51,27),1,1
(51,28),1,1
(51,29),1,1
(51,35),1,1
(51,40),1,1
(51,42),1,1
(51,43),1,1
(51,47),1,1
(51,54),1,1
(51,58),1,1
(51,59),1,1
(51,79),1,1
(51,91),1,1
(51,92),1,1
(51,93),1,1
(51,95),1,1
(51,96),1,1
(51,112),1,1
(51,113),1,1
(51,120),1,1
(51,125),1,1
(51,128),1,1
(51,131),1,1
(51,132),1,1
(51,133),1,1
(51,139),1,1
(51,146),1,1
(51,153),1,1
(51,170),1,1
(51,171),1,1
(51,173),1,1
(51,174),1,1
(51,175),1,1
(51,191),1,1
(51,198),1,1
(53,3),1,1
(53,4),1,1
(53,15),1,1
(53,16),1,1
(53,17),1,1
(53,18),1,1
(53,20),1,1
(53,21),1,1
(53,22),1,1
(53,27),1,1
(53,28),1,1
(53,29),1,1
(53,35),1,1
(53,40),1,1
(53,41),1,1
(53,42),1,1
(53,43),1,1
(53,47),1,1
(53,50),1,1
(53,58),1,1
(53,66),1,1
(53,79),1,1
(53,91),1,1
(53,92),1,1
(53,93),1,1
(53,95),1,1
(53,96),1,1
(53,108),1,1
(53,113),1,1
(53,125),1,1
(53,131),1,1
(53,132),1,1
(53,133),1,1
(53,139),1,1
(53,140),1,1
(53,146),1,1
(53,153),1,1
(53,155),1,1
(53,170),1,1
(53,171),1,1
(53,172),1,1
(53,173),1,1
(53,183),1,1
(53,191),1,1
(53,198),1,1
(54,3),1,1
(54,12),1,1
(54,84),1,1
(55,16),1,1
(55,17),1,1
(55,18),1,1
(55,20),1,1
(55,21),1,1
(55,22),1,1
(55,26),1,1
(55,27),1,1
(55,29),1,1
(55,35),1,1
(55,40),1,1
(55,41),1,1
(55,42),1,1
(55,43),1,1
(55,52),1,1
(55,56),1,1
(55,79),1,1
(55,91),1,1
(55,93),1,1
(55,95),1,1
(55,96),1,1
(55,113),1,1
(55,125),1,1
(55,131),1,1
(55,132),1,1
(55,133),1,1
(55,139),1,1
(55,146),1,1
(55,153),1,1
(55,156),1,1
(55,161),1,1
(55,170),1,1
(55,171),1,1
(55,173),1,1
(55,174),1,1
(55,183),1,1
(55,184),1,1
(55,191),1,1
(55,198),1,1
(56,3),1,1
(56,59),1,1
(56,102),1,1
(56,141),1,1
(57,3),1,1
(57,89),1,1
(57,154),1,1
(58,102),1,1
(59,3),1,1
(59,48),1,1
(59,161),1,1
(60,3),1,1
(60,141),1,1
(61,0),1,1
(61,3),1,1
(61,59),1,1
(61,121),1,1
(61,148),1,1
(62,3),1,1
(62,4),1,1
(62,12),1,1
(62,16),1,1
(62,17),1,1
(62,18),1,1
(62,20),1,1
(62,21),1,1
(62,22),1,1
(62,25),1,1
(62,26),1,1
(62,28),1,1
(62,29),1,1
(62,35),1,1
(62,40),1,1
(62,42),1,1
(62,43),1,1
(62,47),1,1
(62,61),1,1
(62,93),1,1
(62,95),1,1
(62,96),1,1
(62,100),1,1
(62,113),1,1
(62,125),1,1
(62,128),1,1
(62,131),1,1
(62,132),1,1
(62,133),1,1
(62,134),1,1
(62,139),1,1
(62,140),1,1
(62,145),1,1
(62,146),1,1
(62,153),1,1
(62,170),1,1
(62,171),1,1
(62,173),1,1
(62,174),1,1
(62,183),1,1
(62,184),1,1
(62,191),1,1
(62,197),1,1
(62,198),1,1
(63,3),1,1
(63,11),1,1
(63,17),1,1
(63,18),1,1
(63,20),1,1
(63,21),1,1
(63,22),1,1
(63,25),1,1
(63,27),1,1
(63,29),1,1
(63,35),1,1
(63,40),1,1
(63,42),1,1
(63,43),1,1
(63,47),1,1
(63,58),1,1
(63,70),1,1
(63,79),1,1
(63,91),1,1
(63,92),1,1
(63,93),1,1
(63,94),1,1
(63,95),1,1
(63,96),1,1
(63,98),1,1
(63,113),1,1
(63,125),1,1
(63,131),1,1
(63,132),1,1
(63,133),1,1
(63,134),1,1
(63,139),1,1
(63,146),1,1
(63,153),1,1
(63,166),1,1
(63,170),1,1
(63,171),1,1
(63,172),1,1
(63,173),1,1
(63,174),1,1
(63,175),1,1
(63,183),1,1
(63,184),1,1
(63,191),1,1
(63,198),1,1
(64,3),1,1
(64,4),1,1
(64,17),1,1
(64,18),1,1
(64,20),1,1
(64,21),1,1
(64,22),1,1
(64,25),1,1
(64,27),1,1
(64,28),1,1
(64,29),1,1
(64,32),1,1
(64,35),1,1
(64,40),1,1
(64,42),1,1
(64,43),1,1
(64,47),1,1
(64,58),1,1
(64,92),1,1
(64,93),1,1
(64,95),1,1
(64,96),1,1
(64,108),1,1
(64,112),1,1
(64,113),1,1
(64,121),1,1
(64,125),1,1
(64,131),1,1
(64,132),1,1
(64,133),1,1
(64,134),1,1
(64,139),1,1
(64,146),1,1
(64,148),1,1
(64,153),1,1
(64,170),1,1
(64,171),1,1
(64,172),1,1
(64,173),1,1
(64,175),1,1
(64,183),1,1
(64,184),1,1
(64,191),1,1
(64,198),1,1
(65,3),1,1
(65,4),1,1
(65,17),1,1
(65,18),1,1
(65,20),1,1
(65,21),1,1
(65,22),1,1
(65,25),1,1
(65,28),1,1
(65,29),1,1
(65,32),1,1
(65,35),1,1
(65,40),1,1
(65,41),1,1
(65,42),1,1
(65,43),1,1
(65,47),1,1
(65,61),1,1
(65,79),1,1
(65,93),1,1
(65,95),1,1
(65,96),1,1
(65,98),1,1
(65,102),1,1
(65,113),1,1
(65,125),1,1
(65,131),1,1
(65,132),1,1
(65,133),1,1
(65,134),1,1
(65,146),1,1
(65,147),1,1
(65,153),1,1
(65,156),1,1
(65,170),1,1
(65,171),1,1
(65,173),1,1
(65,175),1,1
(65,183),1,1
(65,191),1,1
(65,198),1,1
(69,3),1,1
(69,11),1,1
(69,17),1,1
(69,18),1,1
(69,21),1,1
(69,22),1,1
(69,24),1,1
(69,27),1,1
(69,28),1,1
(69,29),1,1
(69,35),1,1
(69,40),1,1
(69,42),1,1
(69,43),1,1
(69,47),1,1
(69,54),1,1
(69,58),1,1
(69,63),1,1
(69,79),1,1
(69,80),1,1
(69,93),1,1
(69,95),1,1
(69,96),1,1
(69,99),1,1
(69,102),1,1
(69,108),1,1
(69,113),1,1
(69,125),1,1
(69,131),1,1
(69,132),1,1
(69,133),1,1
(69,134),1,1
(69,139),1,1
(69,146),1,1
(69,153),1,1
(69,155),1,1
(69,156),1,1
(69,170),1,1
(69,171),1,1
(69,173),1,1
(69,174),1,1
(69,183),1,1
(69,184),1,1
(69,191),1,1
(69,192),1,1
(69,198),1,1
(70,0),1,1
(70,61),1,1
(70,102),1,1
(70,175),1,1
(72,56),1,1
(73,3),1,1
(73,11),1,1
(73,16),1,1
(73,17),1,1
(73,18),1,1
(73,20),1,1
(73,21),1,1
(73,22),1,1
(73,25),1,1
(73,27),1,1
(73,28),1,1
(73,29),1,1
(73,35),1,1
(73,40),1,1
(73,42),1,1
(73,43),1,1
(73,56),1,1
(73,64),1,1
(73,72),1,1
(73,93),1,1
(73,96),1,1
(73,106),1,1
(73,113),1,1
(73,125),1,1
(73,128),1,1
(73,131),1,1
(73,133),1,1
(73,134),1,1
(73,139),1,1
(73,146),1,1
(73,153),1,1
(73,170),1,1
(73,171),1,1
(73,173),1,1
(73,174),1,1
(73,175),1,1
(73,183),1,1
(73,184),1,1
(73,191),1,1
(73,198),1,1
(74,3),1,1
(74,16),1,1
(74,17),1,1
(74,18),1,1
(74,20),1,1
(74,21),1,1
(74,22),1,1
(74,25),1,1
(74,27),1,1
(74,28),1,1
(74,29),1,1
(74,35),1,1
(74,40),1,1
(74,41),1,1
(74,42),1,1
(74,43),1,1
(74,55),1,1
(74,58),1,1
(74,61),1,1
(74,93),1,1
(74,95),1,1
(74,96),1,1
(74,113),1,1
(74,120),1,1
(74,125),1,1
(74,131),1,1
(74,133),1,1
(74,139),1,1
(74,141),1,1
(74,146),1,1
(74,153),1,1
(74,170),1,1
(74,171),1,1
(74,173),1,1
(74,175),1,1
(74,184),1,1
(74,191),1,1
(74,198),1,1
(75,48),1,1
(75,158),1,1
(76,3),1,1
(76,4),1,1
(76,15),1,1
(76,16),1,1
(76,17),1,1
(76,18),1,1
(76,19),1,1
(76,20),1,1
(76,21),1,1
(76,22),1,1
(76,25),1,1
(76,27),1,1
(76,28),1,1
(76,29),1,1
(76,32),1,1
(76,35),1,1
(76,40),1,1
(76,42),1,1
(76,43),1,1
(76,48),1,1
(76,60),1,1
(76,79),1,1
(76,93),1,1
(76,95),1,1
(76,96),1,1
(76,102),1,1
(76,125),1,1
(76,131),1,1
(76,132),1,1
(76,133),1,1
(76,139),1,1
(76,146),1,1
(76,153),1,1
(76,156),1,1
(76,157),1,1
(76,170),1,1
(76,171),1,1
(76,173),1,1
(76,183),1,1
(76,184),1,1
(76,189),1,1
(76,191),1,1
(76,198),1,1
(77,3),1,1
(78,3),1,1
(78,14),1,1
(78,26),1,1
(78,59),1,1
(78,175),1,1
(79,3),1,1
(79,89),1,1
(79,121),1,1
(80,158),1,1
(81,3),1,1
(81,56),1,1
(82,3),1,1
(82,11),1,1
(82,17),1,1
(82,18),1,1
(82,20),1,1
(82,21),1,1
(82,22),1,1
(82,25),1,1
(82,27),1,1
(82,28),1,1
(82,29),1,1
(82,35),1,1
(82,40),1,1
(82,41),1,1
(82,42),1,1
(82,43),1,1
(82,66),1,1
(82,70),1,1
(82,91),1,1
(82,93),1,1
(82,95),1,1
(82,96),1,1
(82,107),1,1
(82,121),1,1
(82,125),1,1
(82,131),1,1
(82,133),1,1
(82,134),1,1
(82,139),1,1
(82,146),1,1
(82,153),1,1
(82,170),1,1
(82,171),1,1
(82,173),1,1
(82,183),1,1
(82,184),1,1
(82,188),1,1
(82,191),1,1
(82,198),1,1
(83,11),1,1
(83,15),1,1
(83,16),1,1
(83,17),1,1
(83,18),1,1
(83,20),1,1
(83,21),1,1
(83,22),1,1
(83,25),1,1
(83,27),1,1
(83,28),1,1
(83,29),1,1
(83,35),1,1
(83,40),1,1
(83,42),1,1
(83,43),1,1
(83,47),1,1
(83,69),1,1
(83,79),1,1
(83,91),1,1
(83,92),1,1
(83,93),1,1
(83,95),1,1
(83,96),1,1
(83,111),1,1
(83,113),1,1
(83,125),1,1
(83,131),1,1
(83,132),1,1
(83,133),1,1
(83,134),1,1
(83,139),1,1
(83,140),1,1
(83,146),1,1
(83,153),1,1
(83,170),1,1
(83,171),1,1
(83,173),1,1
(83,174),1,1
(83,183),1,1
(83,184),1,1
(83,191),1,1
(83,198),1,1
(84,3),1,1
(84,4),1,1
(84,17),1,1
(84,18),1,1
(84,21),1,1
(84,22),1,1
(84,25),1,1
(84,27),1,1
(84,28),1,1
(84,29),1,1
(84,32),1,1
(84,35),1,1
(84,40),1,1
(84,41),1,1
(84,42),1,1
(84,43),1,1
(84,47),1,1
(84,54),1,1
(84,56),1,1
(84,92),1,1
(84,93),1,1
(84,95),1,1
(84,96),1,1
(84,108),1,1
(84,111),1,1
(84,113),1,1
(84,125),1,1
(84,131),1,1
(84,132),1,1
(84,133),1,1
(84,134),1,1
(84,139),1,1
(84,146),1,1
(84,153),1,1
(84,156),1,1
(84,170),1,1
(84,171),1,1
(84,173),1,1
(84,175),1,1
(84,183),1,1
(84,184),1,1
(84,191),1,1
(84,198),1,1
(86,3),1,1
(86,48),1,1
(87,48),1,1
(87,56),1,1
(87,61),1,1
(87,89),1,1
(88,3),1,1
(88,4),1,1
(88,17),1,1
(88,18),1,1
(88,20),1,1
(88,21),1,1
(88,22),1,1
(88,25),1,1
(88,27),1,1
(88,28),1,1
(88,29),1,1
(88,35),1,1
(88,40),1,1
(88,42),1,1
(88,43),1,1
(88,47),1,1
(88,52),1,1
(88,74),1,1
(88,93),1,1
(88,95),1,1
(88,96),1,1
(88,98),1,1
(88,113),1,1
(88,125),1,1
(88,131),1,1
(88,132),1,1
(88,133),1,1
(88,139),1,1
(88,146),1,1
(88,147),1,1
(88,153),1,1
(88,166),1,1
(88,170),1,1
(88,171),1,1
(88,172),1,1
(88,173),1,1
(88,184),1,1
(88,188),1,1
(88,191),1,1
(88,198),1,1
(89,3),1,1
(90,3),1,1
(90,12),1,1
(91,111),1,1
(92,3),1,1
(92,102),1,1
(92,175),1,1
(94,56),1,1
(94,59),1,1
(94,61),1,1
(95,3),1,1
(95,148),1,1
(96,3),1,1
(96,76),1,1
(97,61),1,1
(97,102),1,1
(97,121),1,1
(97,175),1,1
(98,102),1,1
(98,161),1,1
(99,111),1,1
(99,155),1,1
(100,4),1,1
(100,16),1,1
(100,17),1,1
(100,18),1,1
(100,21),1,1
(100,22),1,1
(100,25),1,1
(100,26),1,1
(100,29),1,1
(100,32),1,1
(100,35),1,1
(100,40),1,1
(100,42),1,1
(100,43),1,1
(100,79),1,1
(100,93),1,1
(100,95),1,1
(100,96),1,1
(100,108),1,1
(100,113),1,1
(100,125),1,1
(100,131),1,1
(100,132),1,1
(100,133),1,1
(100,134),1,1
(100,139),1,1
(100,146),1,1
(100,153),1,1
(100,170),1,1
(100,171),1,1
(100,173),1,1
(100,183),1,1
(100,191),1,1
(100,198),1,1
(101,3),1,1
(101,44),1,1
(101,175),1,1
(102,3),1,1
(103,3),1,1
(103,61),1,1
(103,175),1,1
(104,3),1,1
(104,89),1,1
(105,6),1,1
(105,48),1,1
(105,52),1,1
(106,3),1,1
(106,4),1,1
(106,16),1,1
(106,17),1,1
(106,18),1,1
(106,20),1,1
(106,21),1,1
(106,22),1,1
(106,27),1,1
(106,28),1,1
(106,29),1,1
(106,35),1,1
(106,40),1,1
(106,42),1,1
(106,43),1,1
(106,47),1,1
(106,56),1,1
(106,58),1,1
(106,70),1,1
(106,72),1,1
(106,79),1,1
(106,91),1,1
(106,93),1,1
(106,95),1,1
(106,96),1,1
(106,112),1,1
(106,113),1,1
(106,117),1,1
(106,125),1,1
(106,131),1,1
(106,133),1,1
(106,139),1,1
(106,146),1,1
(106,153),1,1
(106,170),1,1
(106,171),1,1
(106,173),1,1
(106,184),1,1
(106,191),1,1
(106,198),1,1
(107,48),1,1
(108,3),1,1
(110,59),1,1
(110,84),1,1
(110,148),1,1
(112,3),1,1
(112,56),1,1
(113,3),1,1
(113,12),1,1
(113,84),1,1
(113,102),1,1
(113,148),1,1
(113,175),1,1
(115,0),1,1
(115,3),1,1
(115,16),1,1
(115,17),1,1
(115,18),1,1
(115,20),1,1
(115,21),1,1
(115,22),1,1
(115,27),1,1
(115,28),1,1
(115,29),1,1
(115,35),1,1
(115,40),1,1
(115,41),1,1
(115,42),1,1
(115,43),1,1
(115,47),1,1
(115,54),1,1
(115,56),1,1
(115,58),1,1
(115,93),1,1
(115,95),1,1
(115,96),1,1
(115,113),1,1
(115,125),1,1
(115,131),1,1
(115,132),1,1
(115,133),1,1
(115,134),1,1
(115,136),1,1
(115,139),1,1
(115,146),1,1
(115,153),1,1
(115,170),1,1
(115,171),1,1
(115,172),1,1
(115,173),1,1
(115,183),1,1
(115,184),1,1
(115,188),1,1
(115,191),1,1
(115,195),1,1
(115,198),1,1
(116,3),1,1
(116,4),1,1
(116,11),1,1
(116,16),1,1
(116,17),1,1
(116,18),1,1
(116,20),1,1
(116,21),1,1
(116,22),1,1
(116,25),1,1
(116,27),1,1
(116,28),1,1
(116,29),1,1
(116,35),1,1
(116,40),1,1
(116,42),1,1
(116,43),1,1
(116,54),1,1
(116,56),1,1
(116,72),1,1
(116,79),1,1
(116,87),1,1
(116,93),1,1
(116,95),1,1
(116,96),1,1
(116,113),1,1
(116,125),1,1
(116,131),1,1
(116,133),1,1
(116,134),1,1
(116,139),1,1
(116,146),1,1
(116,147),1,1
(116,153),1,1
(116,170),1,1
(116,171),1,1
(116,172),1,1
(116,173),1,1
(116,174),1,1
(116,175),1,1
(116,183),1,1
(116,184),1,1
(116,191),1,1
(116,196),1,1
(116,198),1,1
(117,0),1,1
(117,102),1,1
(117,194),1,1
(118,3),1,1
(118,61),1,1
(118,175),1,1
(119,106),1,1
(119,111),1,1
(120,52),1,1
(120,111),1,1
(120,127),1,1
(120,140),1,1
(121,111),1,1
(121,127),1,1
(121,140),1,1
(122,3),1,1
(122,61),1,1
(122,175),1,1
(123,3),1,1
(123,4),1,1
(123,16),1,1
(123,17),1,1
(123,18),1,1
(123,20),1,1
(123,22),1,1
(123,27),1,1
(123,29),1,1
(123,35),1,1
(123,40),1,1
(123,42),1,1
(123,43),1,1
(123,46),1,1
(123,47),1,1
(123,56),1,1
(123,58),1,1
(123,91),1,1
(123,93),1,1
(123,95),1,1
(123,96),1,1
(123,102),1,1
(123,113),1,1
(123,125),1,1
(123,128),1,1
(123,131),1,1
(123,132),1,1
(123,133),1,1
(123,139),1,1
(123,146),1,1
(123,153),1,1
(123,166),1,1
(123,170),1,1
(123,171),1,1
(123,173),1,1
(123,174),1,1
(123,183),1,1
(123,184),1,1
(123,191),1,1
(123,198),1,1
(124,92),1,1
(125,3),1,1
(125,61),1,1
(125,102),1,1
(125,121),1,1
(125,175),1,1
(126,3),1,1
(126,4),1,1
(126,15),1,1
(126,16),1,1
(126,17),1,1
(126,18),1,1
(126,20),1,1
(126,21),1,1
(126,22),1,1
(126,25),1,1
(126,27),1,1
(126,29),1,1
(126,35),1,1
(126,40),1,1
(126,42),1,1
(126,43),1,1
(126,50),1,1
(126,93),1,1
(126,95),1,1
(126,96),1,1
(126,113),1,1
(126,125),1,1
(126,131),1,1
(126,132),1,1
(126,133),1,1
(126,139),1,1
(126,140),1,1
(126,146),1,1
(126,153),1,1
(126,170),1,1
(126,171),1,1
(126,172),1,1
(126,173),1,1
(126,174),1,1
(126,175),1,1
(126,183),1,1
(126,188),1,1
(126,191),1,1
(126,198),1,1
(128,3),1,1
(128,4),1,1
(128,12),1,1
(128,16),1,1
(128,17),1,1
(128,18),1,1
(128,20),1,1
(128,21),1,1
(128,22),1,1
(128,25),1,1
(128,27),1,1
(128,29),1,1
(128,35),1,1
(128,40),1,1
(128,42),1,1
(128,43),1,1
(128,47),1,1
(128,59),1,1
(128,61),1,1
(128,79),1,1
(128,81),1,1
(128,93),1,1
(128,96),1,1
(128,98),1,1
(128,113),1,1
(128,121),1,1
(128,125),1,1
(128,131),1,1
(128,132),1,1
(128,133),1,1
(128,134),1,1
(128,139),1,1
(128,146),1,1
(128,153),1,1
(128,170),1,1
(128,171),1,1
(128,172),1,1
(128,173),1,1
(128,183),1,1
(128,184),1,1
(128,188),1,1
(128,189),1,1
(128,191),1,1
(128,198),1,1
(129,3),1,1
(129,23),1,1
(129,56),1,1
(129,101),1,1
(129,102),1,1
(129,161),1,1
(130,3),1,1
(130,56),1,1
(131,26),1,1
(131,175),1,1
(132,3),1,1
(132,48),1,1
(132,80),1,1
(132,175),1,1
(133,3),1,1
(133,59),1,1
(133,148),1,1
(133,175),1,1
(135,111),1,1
(136,61),1,1
(136,102),1,1
(136,194),1,1
(137,3),1,1
(137,16),1,1
(137,17),1,1
(137,18),1,1
(137,20),1,1
(137,21),1,1
(137,22),1,1
(137,25),1,1
(137,27),1,1
(137,29),1,1
(137,35),1,1
(137,40),1,1
(137,42),1,1
(137,43),1,1
(137,47),1,1
(137,52),1,1
(137,56),1,1
(137,92),1,1
(137,93),1,1
(137,96),1,1
(137,102),1,1
(137,113),1,1
(137,121),1,1
(137,125),1,1
(137,131),1,1
(137,132),1,1
(137,133),1,1
(137,139),1,1
(137,146),1,1
(137,153),1,1
(137,161),1,1
(137,170),1,1
(137,171),1,1
(137,172),1,1
(137,173),1,1
(137,184),1,1
(137,188),1,1
(137,191),1,1
(137,198),1,1
(138,3),1,1
(138,4),1,1
(138,12),1,1
(138,15),1,1
(138,16),1,1
(138,17),1,1
(138,18),1,1
(138,19),1,1
(138,20),1,1
(138,21),1,1
(138,22),1,1
(138,25),1,1
(138,27),1,1
(138,28),1,1
(138,29),1,1
(138,35),1,1
(138,40),1,1
(138,42),1,1
(138,43),1,1
(138,47),1,1
(138,58),1,1
(138,66),1,1
(138,70),1,1
(138,76),1,1
(138,93),1,1
(138,95),1,1
(138,96),1,1
(138,113),1,1
(138,125),1,1
(138,131),1,1
(138,132),1,1
(138,133),1,1
(138,134),1,1
(138,139),1,1
(138,146),1,1
(138,153),1,1
(138,170),1,1
(138,171),1,1
(138,172),1,1
(138,173),1,1
(138,174),1,1
(138,183),1,1
(138,184),1,1
(138,191),1,1
(138,198),1,1
(139,0),1,1
(139,3),1,1
(139,12),1,1
(140,48),1,1
(140,102),1,1
(141,3),1,1
(141,16),1,1
(141,17),1,1
(141,18),1,1
(141,20),1,1
(141,21),1,1
(141,22),1,1
(141,27),1,1
(141,28),1,1
(141,29),1,1
(141,35),1,1
(141,40),1,1
(141,41),1,1
(141,42),1,1
(141,43),1,1
(141,47),1,1
(141,55),1,1
(141,56),1,1
(141,58),1,1
(141,93),1,1
(141,95),1,1
(141,96),1,1
(141,113),1,1
(141,120),1,1
(141,125),1,1
(141,131),1,1
(141,132),1,1
(141,133),1,1
(141,134),1,1
(141,139),1,1
(141,146),1,1
(141,153),1,1
(141,170),1,1
(141,171),1,1
(141,173),1,1
(141,184),1,1
(141,191),1,1
(141,198),1,1
(142,3),1,1
(142,13),1,1
(142,56),1,1
(142,59),1,1
(142,89),1,1
(143,3),1,1
(143,4),1,1
(143,16),1,1
(143,17),1,1
(143,18),1,1
(143,20),1,1
(143,21),1,1
(143,22),1,1
(143,25),1,1
(143,27),1,1
(143,29),1,1
(143,35),1,1
(143,40),1,1
(143,41),1,1
(143,42),1,1
(143,43),1,1
(143,47),1,1
(143,70),1,1
(143,72),1,1
(143,79),1,1
(143,91),1,1
(143,93),1,1
(143,95),1,1
(143,96),1,1
(143,102),1,1
(143,111),1,1
(143,113),1,1
(143,122),1,1
(143,125),1,1
(143,131),1,1
(143,132),1,1
(143,133),1,1
(143,146),1,1
(143,153),1,1
(143,166),1,1
(143,170),1,1
(143,171),1,1
(143,173),1,1
(143,184),1,1
(143,191),1,1
(143,192),1,1
(143,198),1,1
(144,3),1,1
(144,4),1,1
(144,16),1,1
(144,17),1,1
(144,18),1,1
(144,20),1,1
(144,21),1,1
(144,22),1,1
(144,25),1,1
(144,27),1,1
(144,28),1,1
(144,29),1,1
(144,32),1,1
(144,35),1,1
(144,40),1,1
(144,42),1,1
(144,43),1,1
(144,59),1,1
(144,84),1,1
(144,91),1,1
(144,93),1,1
(144,95),1,1
(144,96),1,1
(144,113),1,1
(144,125),1,1
(144,131),1,1
(144,132),1,1
(144,133),1,1
(144,134),1,1
(144,146),1,1
(144,153),1,1
(144,166),1,1
(144,170),1,1
(144,171),1,1
(144,173),1,1
(144,174),1,1
(144,175),1,1
(144,184),1,1
(144,191),1,1
(144,198),1,1
(145,4),1,1
(145,17),1,1
(145,18),1,1
(145,20),1,1
(145,21),1,1
(145,22),1,1
(145,25),1,1
(145,27),1,1
(145,28),1,1
(145,29),1,1
(145,35),1,1
(145,40),1,1
(145,42),1,1
(145,43),1,1
(145,58),1,1
(145,59),1,1
(145,70),1,1
(145,72),1,1
(145,79),1,1
(145,93),1,1
(145,95),1,1
(145,96),1,1
(145,109),1,1
(145,113),1,1
(145,117),1,1
(145,125),1,1
(145,131),1,1
(145,132),1,1
(145,133),1,1
(145,134),1,1
(145,139),1,1
(145,146),1,1
(145,153),1,1
(145,170),1,1
(145,171),1,1
(145,172),1,1
(145,173),1,1
(145,175),1,1
(145,184),1,1
(145,191),1,1
(145,198),1,1
(146,102),1,1
(146,161),1,1
(148,3),1,1
(149,76),1,1
(149,175),1,1
(150,3),1,1
(150,89),1,1
(150,175),1,1
(150,192),1,1
(151,3),1,1
(151,4),1,1
(151,15),1,1
(151,16),1,1
(151,17),1,1
(151,18),1,1
(151,20),1,1
(151,21),1,1
(151,22),1,1
(151,27),1,1
(151,28),1,1
(151,29),1,1
(151,35),1,1
(151,40),1,1
(151,42),1,1
(151,43),1,1
(151,47),1,1
(151,67),1,1
(151,70),1,1
(151,79),1,1
(151,84),1,1
(151,87),1,1
(151,91),1,1
(151,93),1,1
(151,95),1,1
(151,96),1,1
(151,98),1,1
(151,99),1,1
(151,112),1,1
(151,113),1,1
(151,125),1,1
(151,128),1,1
(151,131),1,1
(151,132),1,1
(151,133),1,1
(151,134),1,1
(151,139),1,1
(151,146),1,1
(151,153),1,1
(151,170),1,1
(151,171),1,1
(151,173),1,1
(151,175),1,1
(151,183),1,1
(151,184),1,1
(151,191),1,1
(151,198),1,1
(152,92),1,1
(152,111),1,1
(154,80),1,1
(154,121),1,1
(154,175),1,1
(155,3),1,1
(155,4),1,1
(155,13),1,1
(155,16),1,1
(155,17),1,1
(155,18),1,1
(155,20),1,1
(155,21),1,1
(155,22),1,1
(155,25),1,1
(155,27),1,1
(155,28),1,1
(155,29),1,1
(155,35),1,1
(155,40),1,1
(155,42),1,1
(155,43),1,1
(155,52),1,1
(155,58),1,1
(155,93),1,1
(155,96),1,1
(155,113),1,1
(155,122),1,1
(155,125),1,1
(155,131),1,1
(155,133),1,1
(155,139),1,1
(155,146),1,1
(155,153),1,1
(155,156),1,1
(155,170),1,1
(155,171),1,1
(155,172),1,1
(155,173),1,1
(155,174),1,1
(155,183),1,1
(155,191),1,1
(155,198),1,1
(156,3),1,1
(156,59),1,1
(156,89),1,1
(156,175),1,1
(157,1),1,1
(157,3),1,1
(157,11),1,1
(157,16),1,1
(157,17),1,1
(157,18),1,1
(157,20),1,1
(157,21),1,1
(157,22),1,1
(157,25),1,1
(157,27),1,1
(157,28),1,1
(157,29),1,1
(157,35),1,1
(157,40),1,1
(157,41),1,1
(157,42),1,1
(157,43),1,1
(157,58),1,1
(157,61),1,1
(157,64),1,1
(157,66),1,1
(157,68),1,1
(157,79),1,1
(157,80),1,1
(157,91),1,1
(157,93),1,1
(157,95),1,1
(157,96),1,1
(157,98),1,1
(157,113),1,1
(157,117),1,1
(157,125),1,1
(157,128),1,1
(157,131),1,1
(157,132),1,1
(157,133),1,1
(157,146),1,1
(157,153),1,1
(157,155),1,1
(157,170),1,1
(157,171),1,1
(157,173),1,1
(157,188),1,1
(157,191),1,1
(157,198),1,1
(158,102),1,1
(159,3),1,1
(159,56),1,1
(160,3),1,1
(160,4),1,1
(160,16),1,1
(160,17),1,1
(160,18),1,1
(160,20),1,1
(160,21),1,1
(160,22),1,1
(160,25),1,1
(160,27),1,1
(160,28),1,1
(160,29),1,1
(160,32),1,1
(160,35),1,1
(160,40),1,1
(160,42),1,1
(160,43),1,1
(160,47),1,1
(160,64),1,1
(160,70),1,1
(160,79),1,1
(160,92),1,1
(160,93),1,1
(160,95),1,1
(160,96),1,1
(160,108),1,1
(160,125),1,1
(160,131),1,1
(160,132),1,1
(160,133),1,1
(160,134),1,1
(160,139),1,1
(160,146),1,1
(160,153),1,1
(160,170),1,1
(160,171),1,1
(160,173),1,1
(160,183),1,1
(160,184),1,1
(160,188),1,1
(160,191),1,1
(160,198),1,1
(161,56),1,1
(161,61),1,1
(162,48),1,1
(162,148),1,1
(163,3),1,1
(163,15),1,1
(163,16),1,1
(163,17),1,1
(163,18),1,1
(163,20),1,1
(163,21),1,1
(163,22),1,1
(163,25),1,1
(163,27),1,1
(163,29),1,1
(163,35),1,1
(163,40),1,1
(163,41),1,1
(163,42),1,1
(163,43),1,1
(163,50),1,1
(163,56),1,1
(163,70),1,1
(163,79),1,1
(163,87),1,1
(163,93),1,1
(163,95),1,1
(163,96),1,1
(163,125),1,1
(163,131),1,1
(163,132),1,1
(163,133),1,1
(163,139),1,1
(163,146),1,1
(163,153),1,1
(163,170),1,1
(163,171),1,1
(163,173),1,1
(163,175),1,1
(163,183),1,1
(163,191),1,1
(163,198),1,1
(164,3),1,1
(164,4),1,1
(164,12),1,1
(164,16),1,1
(164,17),1,1
(164,18),1,1
(164,20),1,1
(164,21),1,1
(164,22),1,1
(164,25),1,1
(164,27),1,1
(164,28),1,1
(164,29),1,1
(164,32),1,1
(164,35),1,1
(164,40),1,1
(164,41),1,1
(164,42),1,1
(164,43),1,1
(164,47),1,1
(164,56),1,1
(164,58),1,1
(164,61),1,1
(164,70),1,1
(164,87),1,1
(164,93),1,1
(164,95),1,1
(164,96),1,1
(164,98),1,1
(164,113),1,1
(164,125),1,1
(164,131),1,1
(164,132),1,1
(164,133),1,1
(164,139),1,1
(164,146),1,1
(164,153),1,1
(164,170),1,1
(164,171),1,1
(164,173),1,1
(164,183),1,1
(164,184),1,1
(164,191),1,1
(164,198),1,1
(165,3),1,1
(165,12),1,1
(165,89),1,1
(165,175),1,1
(166,3),1,1
(166,4),1,1
(166,15),1,1
(166,17),1,1
(166,18),1,1
(166,20),1,1
(166,21),1,1
(166,22),1,1
(166,27),1,1
(166,29),1,1
(166,35),1,1
(166,40),1,1
(166,41),1,1
(166,42),1,1
(166,43),1,1
(166,47),1,1
(166,52),1,1
(166,56),1,1
(166,79),1,1
(166,92),1,1
(166,93),1,1
(166,95),1,1
(166,96),1,1
(166,113),1,1
(166,125),1,1
(166,131),1,1
(166,132),1,1
(166,133),1,1
(166,139),1,1
(166,146),1,1
(166,153),1,1
(166,170),1,1
(166,171),1,1
(166,173),1,1
(166,183),1,1
(166,184),1,1
(166,191),1,1
(166,192),1,1
(166,195),1,1
(166,198),1,1
(167,111),1,1
(168,3),1,1
(168,4),1,1
(168,8),1,1
(168,16),1,1
(168,17),1,1
(168,18),1,1
(168,20),1,1
(168,21),1,1
(168,22),1,1
(168,25),1,1
(168,27),1,1
(168,29),1,1
(168,32),1,1
(168,35),1,1
(168,40),1,1
(168,41),1,1
(168,42),1,1
(168,43),1,1
(168,58),1,1
(168,91),1,1
(168,93),1,1
(168,95),1,1
(168,96),1,1
(168,112),1,1
(168,113),1,1
(168,122),1,1
(168,125),1,1
(168,131),1,1
(168,132),1,1
(168,133),1,1
(168,134),1,1
(168,139),1,1
(168,146),1,1
(168,153),1,1
(168,170),1,1
(168,171),1,1
(168,173),1,1
(168,174),1,1
(168,175),1,1
(168,183),1,1
(168,191),1,1
(168,198),1,1
(169,3),1,1
(169,16),1,1
(169,17),1,1
(169,18),1,1
(169,20),1,1
(169,21),1,1
(169,22),1,1
(169,25),1,1
(169,27),1,1
(169,28),1,1
(169,29),1,1
(169,35),1,1
(169,40),1,1
(169,41),1,1
(169,42),1,1
(169,43),1,1
(169,47),1,1
(169,52),1,1
(169,56),1,1
(169,93),1,1
(169,95),1,1
(169,96),1,1
(169,111),1,1
(169,113),1,1
(169,121),1,1
(169,122),1,1
(169,125),1,1
(169,131),1,1
(169,132),1,1
(169,133),1,1
(169,134),1,1
(169,139),1,1
(169,146),1,1
(169,153),1,1
(169,170),1,1
(169,171),1,1
(169,172),1,1
(169,173),1,1
(169,175),1,1
(169,183),1,1
(169,184),1,1
(169,191),1,1
(169,198),1,1
(171,3),1,1
(171,61),1,1
(171,89),1,1
(171,102),1,1
(171,129),1,1
(172,111),1,1
(173,92),1,1
(174,52),1,1
(176,3),1,1
(176,4),1,1
(176,15),1,1
(176,17),1,1
(176,18),1,1
(176,20),1,1
(176,22),1,1
(176,25),1,1
(176,28),1,1
(176,29),1,1
(176,32),1,1
(176,35),1,1
(176,40),1,1
(176,42),1,1
(176,43),1,1
(176,47),1,1
(176,61),1,1
(176,70),1,1
(176,92),1,1
(176,93),1,1
(176,96),1,1
(176,113),1,1
(176,125),1,1
(176,131),1,1
(176,133),1,1
(176,139),1,1
(176,140),1,1
(176,146),1,1
(176,148),1,1
(176,153),1,1
(176,170),1,1
(176,171),1,1
(176,173),1,1
(176,183),1,1
(176,184),1,1
(176,191),1,1
(176,198),1,1
(177,3),1,1
(178,3),1,1
(178,16),1,1
(178,17),1,1
(178,18),1,1
(178,21),1,1
(178,22),1,1
(178,27),1,1
(178,28),1,1
(178,29),1,1
(178,35),1,1
(178,40),1,1
(178,42),1,1
(178,43),1,1
(178,47),1,1
(178,52),1,1
(178,58),1,1
(178,66),1,1
(178,76),1,1
(178,79),1,1
(178,91),1,1
(178,92),1,1
(178,93),1,1
(178,95),1,1
(178,96),1,1
(178,98),1,1
(178,112),1,1
(178,113),1,1
(178,125),1,1
(178,131),1,1
(178,133),1,1
(178,146),1,1
(178,153),1,1
(178,154),1,1
(178,170),1,1
(178,171),1,1
(178,173),1,1
(178,174),1,1
(178,175),1,1
(178,183),1,1
(178,188),1,1
(178,191),1,1
(178,198),1,1
(179,15),1,1
(179,16),1,1
(179,17),1,1
(179,18),1,1
(179,20),1,1
(179,21),1,1
(179,22),1,1
(179,25),1,1
(179,27),1,1
(179,29),1,1
(179,35),1,1
(179,40),1,1
(179,42),1,1
(179,43),1,1
(179,48),1,1
(179,50),1,1
(179,52),1,1
(179,56),1,1
(179,58),1,1
(179,61),1,1
(179,79),1,1
(179,93),1,1
(179,95),1,1
(179,96),1,1
(179,113),1,1
(179,125),1,1
(179,131),1,1
(179,133),1,1
(179,134),1,1
(179,146),1,1
(179,153),1,1
(179,170),1,1
(179,171),1,1
(179,173),1,1
(179,174),1,1
(179,183),1,1
(179,184),1,1
(179,188),1,1
(179,191),1,1
(179,198),1,1
(180,26),1,1
(180,56),1,1
(180,61),1,1
(180,136),1,1
(180,175),1,1
(181,3),1,1
(181,16),1,1
(181,17),1,1
(181,18),1,1
(181,20),1,1
(181,22),1,1
(181,27),1,1
(181,28),1,1
(181,29),1,1
(181,35),1,1
(181,40),1,1
(181,42),1,1
(181,43),1,1
(181,70),1,1
(181,79),1,1
(181,89),1,1
(181,93),1,1
(181,96),1,1
(181,111),1,1
(181,113),1,1
(181,117),1,1
(181,125),1,1
(181,131),1,1
(181,133),1,1
(181,134),1,1
(181,139),1,1
(181,146),1,1
(181,153),1,1
(181,170),1,1
(181,171),1,1
(181,172),1,1
(181,173),1,1
(181,183),1,1
(181,184),1,1
(181,191),1,1
(181,195),1,1
(181,198),1,1
(182,3),1,1
(182,121),1,1
(183,3),1,1
(183,89),1,1
(183,136),1,1
(184,3),1,1
(184,12),1,1
(184,26),1,1
(184,148),1,1
(185,3),1,1
(185,4),1,1
(185,16),1,1
(185,17),1,1
(185,18),1,1
(185,19),1,1
(185,21),1,1
(185,22),1,1
(185,25),1,1
(185,27),1,1
(185,28),1,1
(185,29),1,1
(185,35),1,1
(185,40),1,1
(185,42),1,1
(185,43),1,1
(185,52),1,1
(185,58),1,1
(185,66),1,1
(185,70),1,1
(185,79),1,1
(185,92),1,1
(185,93),1,1
(185,95),1,1
(185,96),1,1
(185,108),1,1
(185,111),1,1
(185,113),1,1
(185,125),1,1
(185,131),1,1
(185,132),1,1
(185,133),1,1
(185,134),1,1
(185,139),1,1
(185,146),1,1
(185,150),1,1
(185,153),1,1
(185,170),1,1
(185,171),1,1
(185,173),1,1
(185,183),1,1
(185,191),1,1
(185,198),1,1
(187,4),1,1
(187,16),1,1
(187,17),1,1
(187,18),1,1
(187,21),1,1
(187,22),1,1
(187,25),1,1
(187,27),1,1
(187,29),1,1
(187,35),1,1
(187,40),1,1
(187,41),1,1
(187,42),1,1
(187,43),1,1
(187,47),1,1
(187,66),1,1
(187,79),1,1
(187,93),1,1
(187,95),1,1
(187,96),1,1
(187,102),1,1
(187,112),1,1
(187,113),1,1
(187,125),1,1
(187,131),1,1
(187,133),1,1
(187,139),1,1
(187,140),1,1
(187,146),1,1
(187,153),1,1
(187,170),1,1
(187,171),1,1
(187,172),1,1
(187,173),1,1
(187,174),1,1
(187,175),1,1
(187,191),1,1
(187,198),1,1
(188,4),1,1
(188,11),1,1
(188,15),1,1
(188,16),1,1
(188,17),1,1
(188,18),1,1
(188,20),1,1
(188,21),1,1
(188,22),1,1
(188,27),1,1
(188,28),1,1
(188,29),1,1
(188,35),1,1
(188,40),1,1
(188,41),1,1
(188,42),1,1
(188,43),1,1
(188,47),1,1
(188,58),1,1
(188,79),1,1
(188,92),1,1
(188,93),1,1
(188,95),1,1
(188,96),1,1
(188,113),1,1
(188,125),1,1
(188,131),1,1
(188,133),1,1
(188,134),1,1
(188,146),1,1
(188,153),1,1
(188,156),1,1
(188,170),1,1
(188,171),1,1
(188,173),1,1
(188,183),1,1
(188,184),1,1
(188,191),1,1
(188,198),1,1
(189,3),1,1
(189,102),1,1
(189,175),1,1
(190,3),1,1
(190,26),1,1
(190,76),1,1
(190,84),1,1
(190,89),1,1
(191,3),1,1
(191,26),1,1
(191,56),1,1
(191,80),1,1
(192,3),1,1
(192,56),1,1
(192,121),1,1
(192,175),1,1
(193,3),1,1
(193,4),1,1
(193,15),1,1
(193,16),1,1
(193,17),1,1
(193,18),1,1
(193,20),1,1
(193,21),1,1
(193,22),1,1
(193,25),1,1
(193,27),1,1
(193,28),1,1
(193,29),1,1
(193,35),1,1
(193,40),1,1
(193,42),1,1
(193,43),1,1
(193,47),1,1
(193,48),1,1
(193,56),1,1
(193,87),1,1
(193,93),1,1
(193,95),1,1
(193,96),1,1
(193,99),1,1
(193,112),1,1
(193,113),1,1
(193,122),1,1
(193,125),1,1
(193,131),1,1
(193,132),1,1
(193,133),1,1
(193,146),1,1
(193,153),1,1
(193,156),1,1
(193,166),1,1
(193,170),1,1
(193,171),1,1
(193,173),1,1
(193,183),1,1
(193,191),1,1
(193,198),1,1
(194,3),1,1
(194,76),1,1
(194,102),1,1
(195,140),1,1
(197,3),1,1
(197,4),1,1
(197,17),1,1
(197,18),1,1
(197,20),1,1
(197,21),1,1
(197,22),1,1
(197,26),1,1
(197,27),1,1
(197,29),1,1
(197,35),1,1
(197,40),1,1
(197,42),1,1
(197,43),1,1
(197,47),1,1
(197,56),1,1
(197,87),1,1
(197,93),1,1
(197,95),1,1
(197,96),1,1
(197,104),1,1
(197,113),1,1
(197,122),1,1
(197,125),1,1
(197,131),1,1
(197,132),1,1
(197,133),1,1
(197,139),1,1
(197,146),1,1
(197,153),1,1
(197,170),1,1
(197,171),1,1
(197,173),1,1
(197,175),1,1
(197,183),1,1
(197,184),1,1
(197,191),1,1
(197,198),1,1
(198,92),1,1
(199,3),1,1
(199,59),1,1
