Nr_Pairs = 200
Nr_NDD = 0
Nr_Arcs = 3737
0,0,2,0,2
1,0,2,1,2
2,0,1,2,0
3,0,1,0,0
4,0,1,0,0
5,0,1,0,2
6,0,1,3,2
7,0,0,0,2
8,0,1,1,2
9,0,0,1,2
10,0,1,1,2
11,0,1,0,2
12,0,2,0,0
13,0,0,0,1
14,0,1,1,2
15,0,1,0,0
16,0,1,0,0
17,0,1,0,0
18,0,1,0,2
19,0,2,0,0
20,0,2,0,0
21,0,0,0,2
22,0,1,0,0
23,0,1,0,2
24,0,2,2,2
25,0,2,3,2
26,0,0,1,2
27,0,1,0,2
28,0,1,0,1
29,0,1,0,2
30,0,1,0,2
31,0,2,2,2
32,0,2,0,2
33,0,1,0,0
34,0,0,0,2
35,0,1,2,0
36,0,1,0,0
37,0,1,0,0
38,0,1,0,2
39,0,0,0,2
40,0,0,2,2
41,0,0,0,2
42,0,2,0,2
43,0,2,2,2
44,0,1,0,1
45,0,0,1,2
46,0,3,0,0
47,0,1,0,1
48,0,1,1,2
49,0,0,1,2
50,0,3,2,1
51,0,0,0,2
52,0,0,1,2
53,0,1,0,0
54,0,2,1,1
55,0,2,0,1
56,0,1,0,2
57,0,1,0,1
58,0,3,0,0
59,0,1,1,1
60,0,0,0,2
61,0,2,0,1
62,0,0,0,2
63,0,1,0,0
64,0,1,0,2
65,0,1,0,1
66,0,0,2,2
67,0,0,0,2
68,0,0,0,0
69,0,1,1,2
70,0,2,1,0
71,0,2,1,2
72,0,0,0,2
73,0,1,0,0
74,0,1,1,2
75,0,2,0,2
76,0,3,2,2
77,0,1,1,2
78,0,0,0,2
79,0,1,0,0
80,0,1,1,2
81,0,1,0,2
82,0,1,1,2
83,0,0,0,2
84,0,1,2,2
85,0,1,0,0
86,0,1,1,1
87,0,1,2,0
88,0,1,0,1
89,0,0,0,2
90,0,1,1,2
91,0,1,1,2
92,0,1,0,2
93,0,1,0,0
94,0,0,0,2
95,0,1,0,2
96,0,0,1,2
97,0,2,2,2
98,0,1,0,0
99,0,2,1,0
100,0,1,0,0
101,0,0,0,2
102,0,1,0,2
103,0,1,1,2
104,0,2,0,1
105,0,1,1,2
106,0,0,0,2
107,0,0,0,2
108,0,0,0,2
109,0,3,2,2
110,0,3,1,0
111,0,0,1,2
112,0,1,0,0
113,0,1,0,0
114,0,1,0,0
115,0,0,0,1
116,0,0,0,2
117,0,1,0,1
118,0,0,0,2
119,0,1,0,2
120,0,2,0,2
121,0,1,0,2
122,0,1,0,0
123,0,1,1,2
124,0,0,2,2
125,0,0,2,2
126,0,0,0,2
127,0,2,2,2
128,0,1,3,2
129,0,2,0,0
130,0,0,0,2
131,0,1,0,2
132,0,1,0,0
133,0,0,0,2
134,0,0,2,2
135,0,1,1,1
136,0,2,1,2
137,0,1,0,0
138,0,1,0,2
139,0,2,2,2
140,0,1,1,2
141,0,0,0,2
142,0,3,2,2
143,0,1,0,1
144,0,1,0,2
145,0,1,0,2
146,0,2,0,1
147,0,1,0,2
148,0,0,0,2
149,0,1,0,2
150,0,1,0,2
151,0,1,0,0
152,0,1,2,0
153,0,0,0,2
154,0,0,0,2
155,0,1,1,2
156,0,1,1,2
157,0,0,0,2
158,0,2,1,0
159,0,1,0,1
160,0,0,2,2
161,0,0,0,1
162,0,1,0,0
163,0,1,0,2
164,0,1,0,1
165,0,1,0,1
166,0,0,0,2
167,0,0,0,2
168,0,1,1,2
169,0,1,0,2
170,0,0,0,2
171,0,2,0,2
172,0,2,3,2
173,0,1,1,2
174,0,1,0,2
175,0,0,0,2
176,0,1,3,2
177,0,2,0,2
178,0,1,0,1
179,0,0,1,2
180,0,1,0,2
181,0,0,0,2
182,0,1,0,0
183,0,0,1,2
184,0,0,0,2
185,0,1,1,2
186,0,0,0,2
187,0,1,3,2
188,0,2,0,0
189,0,1,1,1
190,0,1,0,2
191,0,0,0,2
192,0,0,0,2
193,0,0,2,2
194,0,1,1,2
195,0,1,0,1
196,0,1,2,1
197,0,0,0,2
198,0,0,1,2
199,0,1,0,2
(0,2),1,1
(0,35),1,1
(0,50),1,1
(0,87),1,1
(0,152),1,1
(1,2),1,1
(1,35),1,1
(1,50),1,1
(1,87),1,1
(1,152),1,1
(2,70),1,1
(2,99),1,1
(2,158),1,1
(3,70),1,1
(3,86),1,1
(3,99),1,1
(3,110),1,1
(3,135),1,1
(3,158),1,1
(4,70),1,1
(4,99),1,1
(4,110),1,1
(4,158),1,1
(4,189),1,1
(5,70),1,1
(5,99),1,1
(5,158),1,1
(5,189),1,1
(6,48),1,1
(6,70),1,1
(6,99),1,1
(6,110),1,1
(6,135),1,1
(6,158),1,1
(7,2),1,1
(7,4),1,1
(7,10),1,1
(7,12),1,1
(7,15),1,1
(7,17),1,1
(7,19),1,1
(7,20),1,1
(7,22),1,1
(7,28),1,1
(7,33),1,1
(7,36),1,1
(7,37),1,1
(7,44),1,1
(7,46),1,1
(7,50),1,1
(7,53),1,1
(7,54),1,1
(7,58),1,1
(7,63),1,1
(7,68),1,1
(7,70),1,1
(7,73),1,1
(7,79),1,1
(7,85),1,1
(7,87),1,1
(7,88),1,1
(7,93),1,1
(7,98),1,1
(7,99),1,1
(7,100),1,1
(7,110),1,1
(7,112),1,1
(7,113),1,1
(7,114),1,1
(7,117),1,1
(7,121),1,1
(7,122),1,1
(7,129),1,1
(7,132),1,1
(7,137),1,1
(7,151),1,1
(7,152),1,1
(7,158),1,1
(7,162),1,1
(7,164),1,1
(7,169),1,1
(7,182),1,1
(7,186),1,1
(7,188),1,1
(7,195),1,1
(8,10),1,1
(8,48),1,1
(8,59),1,1
(8,70),1,1
(8,99),1,1
(8,158),1,1
(8,189),1,1
(9,2),1,1
(9,4),1,1
(9,12),1,1
(9,13),1,1
(9,15),1,1
(9,16),1,1
(9,17),1,1
(9,19),1,1
(9,22),1,1
(9,29),1,1
(9,33),1,1
(9,35),1,1
(9,36),1,1
(9,37),1,1
(9,40),1,1
(9,46),1,1
(9,47),1,1
(9,53),1,1
(9,54),1,1
(9,55),1,1
(9,58),1,1
(9,61),1,1
(9,63),1,1
(9,70),1,1
(9,73),1,1
(9,79),1,1
(9,85),1,1
(9,87),1,1
(9,88),1,1
(9,93),1,1
(9,95),1,1
(9,98),1,1
(9,99),1,1
(9,100),1,1
(9,104),1,1
(9,110),1,1
(9,112),1,1
(9,113),1,1
(9,114),1,1
(9,122),1,1
(9,127),1,1
(9,129),1,1
(9,132),1,1
(9,137),1,1
(9,146),1,1
(9,151),1,1
(9,152),1,1
(9,158),1,1
(9,161),1,1
(9,162),1,1
(9,164),1,1
(9,165),1,1
(9,166),1,1
(9,182),1,1
(9,188),1,1
(9,194),1,1
(9,195),1,1
(9,196),1,1
(10,70),1,1
(10,99),1,1
(10,158),1,1
(10,183),1,1
(10,189),1,1
(11,59),1,1
(11,70),1,1
(11,86),1,1
(11,99),1,1
(11,110),1,1
(11,111),1,1
(11,135),1,1
(11,158),1,1
(11,189),1,1
(12,2),1,1
(12,35),1,1
(12,50),1,1
(12,87),1,1
(12,139),1,1
(12,152),1,1
(13,2),1,1
(13,3),1,1
(13,4),1,1
(13,12),1,1
(13,15),1,1
(13,16),1,1
(13,17),1,1
(13,19),1,1
(13,20),1,1
(13,22),1,1
(13,23),1,1
(13,28),1,1
(13,33),1,1
(13,35),1,1
(13,36),1,1
(13,37),1,1
(13,44),1,1
(13,46),1,1
(13,50),1,1
(13,53),1,1
(13,58),1,1
(13,63),1,1
(13,68),1,1
(13,70),1,1
(13,79),1,1
(13,85),1,1
(13,87),1,1
(13,88),1,1
(13,93),1,1
(13,98),1,1
(13,99),1,1
(13,100),1,1
(13,104),1,1
(13,110),1,1
(13,112),1,1
(13,113),1,1
(13,114),1,1
(13,122),1,1
(13,127),1,1
(13,129),1,1
(13,132),1,1
(13,137),1,1
(13,143),1,1
(13,151),1,1
(13,152),1,1
(13,158),1,1
(13,161),1,1
(13,162),1,1
(13,165),1,1
(13,166),1,1
(13,170),1,1
(13,178),1,1
(13,182),1,1
(13,194),1,1
(13,196),1,1
(13,197),1,1
(14,54),1,1
(14,70),1,1
(14,99),1,1
(14,158),1,1
(15,70),1,1
(15,99),1,1
(15,110),1,1
(15,135),1,1
(15,158),1,1
(16,70),1,1
(16,99),1,1
(16,110),1,1
(16,156),1,1
(16,158),1,1
(17,59),1,1
(17,70),1,1
(17,99),1,1
(17,158),1,1
(17,194),1,1
(18,26),1,1
(18,70),1,1
(18,86),1,1
(18,99),1,1
(18,110),1,1
(18,158),1,1
(18,189),1,1
(18,194),1,1
(19,2),1,1
(19,87),1,1
(19,152),1,1
(20,2),1,1
(20,87),1,1
(20,127),1,1
(20,152),1,1
(21,2),1,1
(21,3),1,1
(21,4),1,1
(21,12),1,1
(21,15),1,1
(21,17),1,1
(21,19),1,1
(21,20),1,1
(21,22),1,1
(21,33),1,1
(21,36),1,1
(21,37),1,1
(21,44),1,1
(21,46),1,1
(21,47),1,1
(21,53),1,1
(21,54),1,1
(21,58),1,1
(21,63),1,1
(21,70),1,1
(21,79),1,1
(21,85),1,1
(21,87),1,1
(21,93),1,1
(21,98),1,1
(21,99),1,1
(21,100),1,1
(21,110),1,1
(21,112),1,1
(21,113),1,1
(21,114),1,1
(21,115),1,1
(21,122),1,1
(21,129),1,1
(21,132),1,1
(21,137),1,1
(21,151),1,1
(21,158),1,1
(21,161),1,1
(21,162),1,1
(21,171),1,1
(21,178),1,1
(21,182),1,1
(22,70),1,1
(22,99),1,1
(22,158),1,1
(23,70),1,1
(23,86),1,1
(23,99),1,1
(23,158),1,1
(23,189),1,1
(24,2),1,1
(24,87),1,1
(24,152),1,1
(25,2),1,1
(25,87),1,1
(26,2),1,1
(26,3),1,1
(26,4),1,1
(26,12),1,1
(26,15),1,1
(26,17),1,1
(26,19),1,1
(26,20),1,1
(26,22),1,1
(26,33),1,1
(26,36),1,1
(26,37),1,1
(26,46),1,1
(26,53),1,1
(26,55),1,1
(26,58),1,1
(26,63),1,1
(26,70),1,1
(26,79),1,1
(26,85),1,1
(26,87),1,1
(26,93),1,1
(26,98),1,1
(26,99),1,1
(26,100),1,1
(26,104),1,1
(26,112),1,1
(26,113),1,1
(26,114),1,1
(26,122),1,1
(26,129),1,1
(26,132),1,1
(26,135),1,1
(26,137),1,1
(26,141),1,1
(26,143),1,1
(26,151),1,1
(26,152),1,1
(26,156),1,1
(26,158),1,1
(26,161),1,1
(26,162),1,1
(26,164),1,1
(26,169),1,1
(26,170),1,1
(26,182),1,1
(26,188),1,1
(26,197),1,1
(27,70),1,1
(27,99),1,1
(27,110),1,1
(27,158),1,1
(27,194),1,1
(28,70),1,1
(28,99),1,1
(28,110),1,1
(28,128),1,1
(28,158),1,1
(28,189),1,1
(29,70),1,1
(29,99),1,1
(29,110),1,1
(29,128),1,1
(29,158),1,1
(29,183),1,1
(30,70),1,1
(30,99),1,1
(30,110),1,1
(30,158),1,1
(30,183),1,1
(30,189),1,1
(31,2),1,1
(31,35),1,1
(31,87),1,1
(31,152),1,1
(32,2),1,1
(32,35),1,1
(32,50),1,1
(32,87),1,1
(32,142),1,1
(32,152),1,1
(33,59),1,1
(33,70),1,1
(33,99),1,1
(33,128),1,1
(33,158),1,1
(33,194),1,1
(33,198),1,1
(34,2),1,1
(34,4),1,1
(34,10),1,1
(34,12),1,1
(34,13),1,1
(34,15),1,1
(34,17),1,1
(34,19),1,1
(34,20),1,1
(34,22),1,1
(34,29),1,1
(34,33),1,1
(34,36),1,1
(34,37),1,1
(34,44),1,1
(34,46),1,1
(34,47),1,1
(34,50),1,1
(34,53),1,1
(34,58),1,1
(34,61),1,1
(34,63),1,1
(34,70),1,1
(34,73),1,1
(34,79),1,1
(34,81),1,1
(34,85),1,1
(34,87),1,1
(34,93),1,1
(34,95),1,1
(34,98),1,1
(34,99),1,1
(34,100),1,1
(34,104),1,1
(34,105),1,1
(34,112),1,1
(34,113),1,1
(34,114),1,1
(34,117),1,1
(34,122),1,1
(34,129),1,1
(34,132),1,1
(34,135),1,1
(34,137),1,1
(34,143),1,1
(34,144),1,1
(34,146),1,1
(34,147),1,1
(34,151),1,1
(34,152),1,1
(34,158),1,1
(34,161),1,1
(34,162),1,1
(34,164),1,1
(34,169),1,1
(34,178),1,1
(34,182),1,1
(34,188),1,1
(35,9),1,1
(35,59),1,1
(35,70),1,1
(35,99),1,1
(35,110),1,1
(35,158),1,1
(35,189),1,1
(36,59),1,1
(36,70),1,1
(36,99),1,1
(36,110),1,1
(36,128),1,1
(36,158),1,1
(36,194),1,1
(36,198),1,1
(37,70),1,1
(37,86),1,1
(37,99),1,1
(37,158),1,1
(37,189),1,1
(38,70),1,1
(38,99),1,1
(38,158),1,1
(38,194),1,1
(39,2),1,1
(39,3),1,1
(39,4),1,1
(39,12),1,1
(39,13),1,1
(39,15),1,1
(39,16),1,1
(39,17),1,1
(39,19),1,1
(39,20),1,1
(39,22),1,1
(39,27),1,1
(39,36),1,1
(39,37),1,1
(39,46),1,1
(39,50),1,1
(39,53),1,1
(39,58),1,1
(39,63),1,1
(39,65),1,1
(39,68),1,1
(39,70),1,1
(39,73),1,1
(39,79),1,1
(39,85),1,1
(39,86),1,1
(39,87),1,1
(39,88),1,1
(39,93),1,1
(39,98),1,1
(39,99),1,1
(39,100),1,1
(39,104),1,1
(39,112),1,1
(39,113),1,1
(39,114),1,1
(39,116),1,1
(39,122),1,1
(39,129),1,1
(39,132),1,1
(39,137),1,1
(39,143),1,1
(39,147),1,1
(39,151),1,1
(39,158),1,1
(39,162),1,1
(39,183),1,1
(39,188),1,1
(40,2),1,1
(40,3),1,1
(40,4),1,1
(40,12),1,1
(40,15),1,1
(40,17),1,1
(40,19),1,1
(40,20),1,1
(40,22),1,1
(40,27),1,1
(40,28),1,1
(40,29),1,1
(40,33),1,1
(40,36),1,1
(40,37),1,1
(40,46),1,1
(40,50),1,1
(40,53),1,1
(40,58),1,1
(40,60),1,1
(40,63),1,1
(40,65),1,1
(40,70),1,1
(40,79),1,1
(40,85),1,1
(40,87),1,1
(40,93),1,1
(40,98),1,1
(40,99),1,1
(40,100),1,1
(40,110),1,1
(40,112),1,1
(40,114),1,1
(40,115),1,1
(40,117),1,1
(40,122),1,1
(40,129),1,1
(40,132),1,1
(40,137),1,1
(40,143),1,1
(40,151),1,1
(40,157),1,1
(40,158),1,1
(40,161),1,1
(40,162),1,1
(40,164),1,1
(40,165),1,1
(40,178),1,1
(40,182),1,1
(40,188),1,1
(41,2),1,1
(41,4),1,1
(41,12),1,1
(41,15),1,1
(41,16),1,1
(41,17),1,1
(41,19),1,1
(41,20),1,1
(41,22),1,1
(41,32),1,1
(41,33),1,1
(41,35),1,1
(41,36),1,1
(41,37),1,1
(41,46),1,1
(41,53),1,1
(41,58),1,1
(41,63),1,1
(41,65),1,1
(41,68),1,1
(41,70),1,1
(41,73),1,1
(41,79),1,1
(41,85),1,1
(41,87),1,1
(41,92),1,1
(41,93),1,1
(41,98),1,1
(41,99),1,1
(41,100),1,1
(41,104),1,1
(41,108),1,1
(41,112),1,1
(41,113),1,1
(41,114),1,1
(41,122),1,1
(41,128),1,1
(41,129),1,1
(41,132),1,1
(41,137),1,1
(41,151),1,1
(41,152),1,1
(41,158),1,1
(41,159),1,1
(41,162),1,1
(41,188),1,1
(41,195),1,1
(41,198),1,1
(42,2),1,1
(42,87),1,1
(42,152),1,1
(43,2),1,1
(43,50),1,1
(43,87),1,1
(43,152),1,1
(44,48),1,1
(44,59),1,1
(44,70),1,1
(44,99),1,1
(44,110),1,1
(44,158),1,1
(45,2),1,1
(45,4),1,1
(45,12),1,1
(45,15),1,1
(45,17),1,1
(45,19),1,1
(45,20),1,1
(45,22),1,1
(45,23),1,1
(45,36),1,1
(45,37),1,1
(45,41),1,1
(45,46),1,1
(45,53),1,1
(45,58),1,1
(45,60),1,1
(45,63),1,1
(45,68),1,1
(45,70),1,1
(45,79),1,1
(45,85),1,1
(45,87),1,1
(45,88),1,1
(45,90),1,1
(45,93),1,1
(45,95),1,1
(45,98),1,1
(45,99),1,1
(45,100),1,1
(45,110),1,1
(45,112),1,1
(45,113),1,1
(45,114),1,1
(45,122),1,1
(45,128),1,1
(45,129),1,1
(45,132),1,1
(45,137),1,1
(45,151),1,1
(45,152),1,1
(45,158),1,1
(45,159),1,1
(45,161),1,1
(45,162),1,1
(45,164),1,1
(45,182),1,1
(45,183),1,1
(45,195),1,1
(47,25),1,1
(47,70),1,1
(47,99),1,1
(47,110),1,1
(47,158),1,1
(48,70),1,1
(48,99),1,1
(48,128),1,1
(48,158),1,1
(49,2),1,1
(49,4),1,1
(49,12),1,1
(49,13),1,1
(49,15),1,1
(49,16),1,1
(49,17),1,1
(49,19),1,1
(49,20),1,1
(49,22),1,1
(49,23),1,1
(49,30),1,1
(49,33),1,1
(49,35),1,1
(49,36),1,1
(49,37),1,1
(49,46),1,1
(49,53),1,1
(49,54),1,1
(49,58),1,1
(49,59),1,1
(49,63),1,1
(49,68),1,1
(49,70),1,1
(49,79),1,1
(49,85),1,1
(49,87),1,1
(49,92),1,1
(49,93),1,1
(49,98),1,1
(49,99),1,1
(49,100),1,1
(49,104),1,1
(49,112),1,1
(49,113),1,1
(49,114),1,1
(49,122),1,1
(49,129),1,1
(49,132),1,1
(49,135),1,1
(49,137),1,1
(49,143),1,1
(49,151),1,1
(49,152),1,1
(49,158),1,1
(49,159),1,1
(49,162),1,1
(49,164),1,1
(49,171),1,1
(49,178),1,1
(49,182),1,1
(49,188),1,1
(49,189),1,1
(51,2),1,1
(51,4),1,1
(51,10),1,1
(51,12),1,1
(51,13),1,1
(51,15),1,1
(51,16),1,1
(51,17),1,1
(51,19),1,1
(51,20),1,1
(51,22),1,1
(51,26),1,1
(51,28),1,1
(51,30),1,1
(51,35),1,1
(51,36),1,1
(51,37),1,1
(51,44),1,1
(51,46),1,1
(51,50),1,1
(51,53),1,1
(51,54),1,1
(51,58),1,1
(51,60),1,1
(51,63),1,1
(51,70),1,1
(51,73),1,1
(51,79),1,1
(51,85),1,1
(51,87),1,1
(51,93),1,1
(51,98),1,1
(51,99),1,1
(51,100),1,1
(51,104),1,1
(51,112),1,1
(51,113),1,1
(51,114),1,1
(51,122),1,1
(51,129),1,1
(51,132),1,1
(51,135),1,1
(51,137),1,1
(51,151),1,1
(51,152),1,1
(51,156),1,1
(51,158),1,1
(51,162),1,1
(51,178),1,1
(51,182),1,1
(51,188),1,1
(52,2),1,1
(52,4),1,1
(52,9),1,1
(52,12),1,1
(52,15),1,1
(52,17),1,1
(52,19),1,1
(52,20),1,1
(52,22),1,1
(52,27),1,1
(52,33),1,1
(52,36),1,1
(52,37),1,1
(52,41),1,1
(52,44),1,1
(52,46),1,1
(52,47),1,1
(52,50),1,1
(52,53),1,1
(52,58),1,1
(52,63),1,1
(52,65),1,1
(52,68),1,1
(52,70),1,1
(52,79),1,1
(52,85),1,1
(52,87),1,1
(52,93),1,1
(52,98),1,1
(52,99),1,1
(52,100),1,1
(52,110),1,1
(52,112),1,1
(52,114),1,1
(52,122),1,1
(52,129),1,1
(52,132),1,1
(52,137),1,1
(52,143),1,1
(52,151),1,1
(52,152),1,1
(52,158),1,1
(52,161),1,1
(52,162),1,1
(52,182),1,1
(52,188),1,1
(52,189),1,1
(52,195),1,1
(53,48),1,1
(53,70),1,1
(53,99),1,1
(53,158),1,1
(54,2),1,1
(54,35),1,1
(54,87),1,1
(54,152),1,1
(55,2),1,1
(55,40),1,1
(55,50),1,1
(55,66),1,1
(55,87),1,1
(55,152),1,1
(55,196),1,1
(56,69),1,1
(56,70),1,1
(56,99),1,1
(56,110),1,1
(56,135),1,1
(56,158),1,1
(56,189),1,1
(57,70),1,1
(57,99),1,1
(57,158),1,1
(59,70),1,1
(59,86),1,1
(59,99),1,1
(59,110),1,1
(59,128),1,1
(59,158),1,1
(60,2),1,1
(60,4),1,1
(60,12),1,1
(60,15),1,1
(60,16),1,1
(60,17),1,1
(60,19),1,1
(60,20),1,1
(60,22),1,1
(60,29),1,1
(60,33),1,1
(60,36),1,1
(60,37),1,1
(60,46),1,1
(60,47),1,1
(60,48),1,1
(60,53),1,1
(60,58),1,1
(60,61),1,1
(60,63),1,1
(60,65),1,1
(60,70),1,1
(60,73),1,1
(60,79),1,1
(60,85),1,1
(60,87),1,1
(60,90),1,1
(60,93),1,1
(60,98),1,1
(60,99),1,1
(60,100),1,1
(60,104),1,1
(60,110),1,1
(60,112),1,1
(60,113),1,1
(60,114),1,1
(60,117),1,1
(60,122),1,1
(60,129),1,1
(60,132),1,1
(60,137),1,1
(60,145),1,1
(60,146),1,1
(60,151),1,1
(60,152),1,1
(60,158),1,1
(60,161),1,1
(60,162),1,1
(60,166),1,1
(60,171),1,1
(60,177),1,1
(60,182),1,1
(60,188),1,1
(60,195),1,1
(61,2),1,1
(61,35),1,1
(61,87),1,1
(61,152),1,1
(62,2),1,1
(62,3),1,1
(62,4),1,1
(62,12),1,1
(62,15),1,1
(62,16),1,1
(62,17),1,1
(62,19),1,1
(62,20),1,1
(62,22),1,1
(62,23),1,1
(62,29),1,1
(62,33),1,1
(62,35),1,1
(62,36),1,1
(62,37),1,1
(62,44),1,1
(62,46),1,1
(62,53),1,1
(62,58),1,1
(62,61),1,1
(62,63),1,1
(62,68),1,1
(62,70),1,1
(62,79),1,1
(62,85),1,1
(62,87),1,1
(62,88),1,1
(62,93),1,1
(62,98),1,1
(62,99),1,1
(62,100),1,1
(62,104),1,1
(62,110),1,1
(62,112),1,1
(62,113),1,1
(62,114),1,1
(62,115),1,1
(62,122),1,1
(62,129),1,1
(62,132),1,1
(62,133),1,1
(62,137),1,1
(62,143),1,1
(62,151),1,1
(62,158),1,1
(62,162),1,1
(62,164),1,1
(62,169),1,1
(62,178),1,1
(62,182),1,1
(62,188),1,1
(63,54),1,1
(63,70),1,1
(63,99),1,1
(63,110),1,1
(63,158),1,1
(63,198),1,1
(64,70),1,1
(64,86),1,1
(64,99),1,1
(64,110),1,1
(64,111),1,1
(64,158),1,1
(65,70),1,1
(65,86),1,1
(65,99),1,1
(65,135),1,1
(65,158),1,1
(65,189),1,1
(66,2),1,1
(66,3),1,1
(66,4),1,1
(66,12),1,1
(66,13),1,1
(66,15),1,1
(66,17),1,1
(66,19),1,1
(66,20),1,1
(66,22),1,1
(66,35),1,1
(66,36),1,1
(66,37),1,1
(66,46),1,1
(66,47),1,1
(66,50),1,1
(66,53),1,1
(66,54),1,1
(66,57),1,1
(66,58),1,1
(66,63),1,1
(66,68),1,1
(66,70),1,1
(66,79),1,1
(66,85),1,1
(66,86),1,1
(66,87),1,1
(66,88),1,1
(66,90),1,1
(66,93),1,1
(66,98),1,1
(66,99),1,1
(66,100),1,1
(66,110),1,1
(66,112),1,1
(66,113),1,1
(66,114),1,1
(66,115),1,1
(66,122),1,1
(66,129),1,1
(66,132),1,1
(66,137),1,1
(66,148),1,1
(66,151),1,1
(66,152),1,1
(66,158),1,1
(66,162),1,1
(66,163),1,1
(66,164),1,1
(66,182),1,1
(66,186),1,1
(66,188),1,1
(66,189),1,1
(66,197),1,1
(67,2),1,1
(67,3),1,1
(67,4),1,1
(67,12),1,1
(67,13),1,1
(67,15),1,1
(67,16),1,1
(67,17),1,1
(67,19),1,1
(67,20),1,1
(67,22),1,1
(67,28),1,1
(67,33),1,1
(67,36),1,1
(67,37),1,1
(67,40),1,1
(67,46),1,1
(67,50),1,1
(67,53),1,1
(67,54),1,1
(67,58),1,1
(67,63),1,1
(67,68),1,1
(67,70),1,1
(67,73),1,1
(67,79),1,1
(67,87),1,1
(67,88),1,1
(67,93),1,1
(67,98),1,1
(67,99),1,1
(67,100),1,1
(67,112),1,1
(67,113),1,1
(67,114),1,1
(67,115),1,1
(67,117),1,1
(67,121),1,1
(67,122),1,1
(67,129),1,1
(67,132),1,1
(67,135),1,1
(67,137),1,1
(67,146),1,1
(67,151),1,1
(67,158),1,1
(67,162),1,1
(67,165),1,1
(67,182),1,1
(67,188),1,1
(67,189),1,1
(68,2),1,1
(68,3),1,1
(68,4),1,1
(68,12),1,1
(68,15),1,1
(68,16),1,1
(68,17),1,1
(68,19),1,1
(68,20),1,1
(68,22),1,1
(68,23),1,1
(68,30),1,1
(68,33),1,1
(68,35),1,1
(68,36),1,1
(68,37),1,1
(68,46),1,1
(68,47),1,1
(68,50),1,1
(68,53),1,1
(68,54),1,1
(68,58),1,1
(68,59),1,1
(68,61),1,1
(68,63),1,1
(68,70),1,1
(68,79),1,1
(68,85),1,1
(68,86),1,1
(68,87),1,1
(68,93),1,1
(68,98),1,1
(68,99),1,1
(68,100),1,1
(68,101),1,1
(68,110),1,1
(68,111),1,1
(68,112),1,1
(68,113),1,1
(68,114),1,1
(68,117),1,1
(68,122),1,1
(68,129),1,1
(68,132),1,1
(68,137),1,1
(68,143),1,1
(68,147),1,1
(68,151),1,1
(68,152),1,1
(68,158),1,1
(68,159),1,1
(68,162),1,1
(68,165),1,1
(68,180),1,1
(68,182),1,1
(68,188),1,1
(69,70),1,1
(69,86),1,1
(69,99),1,1
(69,110),1,1
(69,111),1,1
(69,158),1,1
(69,183),1,1
(69,189),1,1
(70,2),1,1
(70,43),1,1
(70,87),1,1
(70,152),1,1
(71,2),1,1
(71,35),1,1
(71,50),1,1
(71,87),1,1
(71,152),1,1
(71,196),1,1
(72,2),1,1
(72,3),1,1
(72,4),1,1
(72,12),1,1
(72,15),1,1
(72,16),1,1
(72,17),1,1
(72,19),1,1
(72,20),1,1
(72,22),1,1
(72,28),1,1
(72,33),1,1
(72,35),1,1
(72,36),1,1
(72,37),1,1
(72,44),1,1
(72,46),1,1
(72,53),1,1
(72,58),1,1
(72,61),1,1
(72,63),1,1
(72,68),1,1
(72,70),1,1
(72,79),1,1
(72,85),1,1
(72,87),1,1
(72,93),1,1
(72,98),1,1
(72,99),1,1
(72,100),1,1
(72,110),1,1
(72,112),1,1
(72,113),1,1
(72,114),1,1
(72,122),1,1
(72,129),1,1
(72,132),1,1
(72,137),1,1
(72,143),1,1
(72,146),1,1
(72,151),1,1
(72,152),1,1
(72,158),1,1
(72,162),1,1
(72,165),1,1
(72,182),1,1
(72,188),1,1
(72,194),1,1
(73,9),1,1
(73,48),1,1
(73,70),1,1
(73,99),1,1
(73,110),1,1
(73,158),1,1
(73,183),1,1
(73,189),1,1
(74,59),1,1
(74,70),1,1
(74,99),1,1
(74,110),1,1
(74,135),1,1
(74,158),1,1
(75,2),1,1
(75,35),1,1
(75,87),1,1
(77,59),1,1
(77,70),1,1
(77,86),1,1
(77,99),1,1
(77,158),1,1
(77,189),1,1
(78,2),1,1
(78,3),1,1
(78,4),1,1
(78,12),1,1
(78,15),1,1
(78,17),1,1
(78,19),1,1
(78,20),1,1
(78,22),1,1
(78,23),1,1
(78,29),1,1
(78,30),1,1
(78,33),1,1
(78,35),1,1
(78,36),1,1
(78,37),1,1
(78,43),1,1
(78,46),1,1
(78,53),1,1
(78,58),1,1
(78,63),1,1
(78,65),1,1
(78,68),1,1
(78,70),1,1
(78,79),1,1
(78,85),1,1
(78,86),1,1
(78,87),1,1
(78,93),1,1
(78,98),1,1
(78,99),1,1
(78,100),1,1
(78,101),1,1
(78,110),1,1
(78,112),1,1
(78,113),1,1
(78,114),1,1
(78,122),1,1
(78,129),1,1
(78,132),1,1
(78,137),1,1
(78,141),1,1
(78,151),1,1
(78,152),1,1
(78,158),1,1
(78,161),1,1
(78,162),1,1
(78,165),1,1
(78,166),1,1
(78,182),1,1
(78,186),1,1
(78,188),1,1
(79,69),1,1
(79,70),1,1
(79,99),1,1
(79,110),1,1
(79,156),1,1
(79,158),1,1
(80,70),1,1
(80,90),1,1
(80,99),1,1
(80,110),1,1
(80,128),1,1
(80,156),1,1
(80,158),1,1
(81,59),1,1
(81,70),1,1
(81,86),1,1
(81,99),1,1
(81,110),1,1
(81,158),1,1
(82,70),1,1
(82,86),1,1
(82,99),1,1
(82,110),1,1
(82,158),1,1
(82,173),1,1
(83,2),1,1
(83,4),1,1
(83,12),1,1
(83,15),1,1
(83,16),1,1
(83,17),1,1
(83,19),1,1
(83,20),1,1
(83,22),1,1
(83,29),1,1
(83,33),1,1
(83,35),1,1
(83,36),1,1
(83,37),1,1
(83,46),1,1
(83,53),1,1
(83,55),1,1
(83,57),1,1
(83,58),1,1
(83,59),1,1
(83,63),1,1
(83,68),1,1
(83,70),1,1
(83,73),1,1
(83,79),1,1
(83,85),1,1
(83,87),1,1
(83,88),1,1
(83,93),1,1
(83,98),1,1
(83,99),1,1
(83,100),1,1
(83,110),1,1
(83,112),1,1
(83,113),1,1
(83,114),1,1
(83,115),1,1
(83,117),1,1
(83,122),1,1
(83,129),1,1
(83,132),1,1
(83,137),1,1
(83,143),1,1
(83,151),1,1
(83,152),1,1
(83,158),1,1
(83,159),1,1
(83,162),1,1
(83,164),1,1
(83,166),1,1
(83,182),1,1
(83,188),1,1
(84,70),1,1
(84,99),1,1
(84,158),1,1
(85,14),1,1
(85,70),1,1
(85,86),1,1
(85,99),1,1
(85,128),1,1
(85,135),1,1
(85,158),1,1
(85,189),1,1
(86,70),1,1
(86,99),1,1
(86,110),1,1
(86,158),1,1
(86,183),1,1
(86,194),1,1
(87,70),1,1
(87,99),1,1
(87,110),1,1
(87,158),1,1
(87,194),1,1
(88,54),1,1
(88,70),1,1
(88,99),1,1
(88,110),1,1
(88,135),1,1
(88,158),1,1
(88,189),1,1
(89,2),1,1
(89,3),1,1
(89,4),1,1
(89,12),1,1
(89,15),1,1
(89,16),1,1
(89,17),1,1
(89,19),1,1
(89,20),1,1
(89,22),1,1
(89,35),1,1
(89,36),1,1
(89,37),1,1
(89,46),1,1
(89,53),1,1
(89,54),1,1
(89,58),1,1
(89,63),1,1
(89,65),1,1
(89,68),1,1
(89,70),1,1
(89,73),1,1
(89,79),1,1
(89,85),1,1
(89,86),1,1
(89,87),1,1
(89,88),1,1
(89,93),1,1
(89,98),1,1
(89,99),1,1
(89,100),1,1
(89,101),1,1
(89,104),1,1
(89,110),1,1
(89,112),1,1
(89,114),1,1
(89,122),1,1
(89,129),1,1
(89,132),1,1
(89,137),1,1
(89,143),1,1
(89,146),1,1
(89,151),1,1
(89,158),1,1
(89,161),1,1
(89,162),1,1
(89,169),1,1
(89,182),1,1
(89,188),1,1
(89,195),1,1
(90,54),1,1
(90,59),1,1
(90,70),1,1
(90,99),1,1
(90,110),1,1
(90,158),1,1
(91,54),1,1
(91,59),1,1
(91,70),1,1
(91,99),1,1
(91,110),1,1
(91,158),1,1
(91,183),1,1
(92,59),1,1
(92,70),1,1
(92,86),1,1
(92,99),1,1
(92,158),1,1
(92,183),1,1
(92,189),1,1
(93,54),1,1
(93,70),1,1
(93,99),1,1
(93,110),1,1
(93,111),1,1
(93,128),1,1
(93,158),1,1
(93,189),1,1
(94,2),1,1
(94,3),1,1
(94,4),1,1
(94,12),1,1
(94,13),1,1
(94,15),1,1
(94,16),1,1
(94,17),1,1
(94,19),1,1
(94,20),1,1
(94,22),1,1
(94,33),1,1
(94,35),1,1
(94,36),1,1
(94,37),1,1
(94,40),1,1
(94,46),1,1
(94,50),1,1
(94,53),1,1
(94,57),1,1
(94,58),1,1
(94,63),1,1
(94,66),1,1
(94,68),1,1
(94,70),1,1
(94,79),1,1
(94,85),1,1
(94,86),1,1
(94,87),1,1
(94,92),1,1
(94,93),1,1
(94,98),1,1
(94,99),1,1
(94,100),1,1
(94,110),1,1
(94,112),1,1
(94,113),1,1
(94,114),1,1
(94,122),1,1
(94,129),1,1
(94,132),1,1
(94,137),1,1
(94,143),1,1
(94,151),1,1
(94,152),1,1
(94,158),1,1
(94,162),1,1
(94,165),1,1
(94,169),1,1
(94,182),1,1
(94,188),1,1
(94,189),1,1
(94,195),1,1
(95,48),1,1
(95,70),1,1
(95,86),1,1
(95,99),1,1
(95,110),1,1
(95,140),1,1
(95,158),1,1
(95,189),1,1
(96,2),1,1
(96,4),1,1
(96,12),1,1
(96,15),1,1
(96,17),1,1
(96,19),1,1
(96,20),1,1
(96,22),1,1
(96,33),1,1
(96,36),1,1
(96,37),1,1
(96,41),1,1
(96,46),1,1
(96,47),1,1
(96,53),1,1
(96,58),1,1
(96,61),1,1
(96,63),1,1
(96,65),1,1
(96,68),1,1
(96,70),1,1
(96,73),1,1
(96,79),1,1
(96,85),1,1
(96,86),1,1
(96,87),1,1
(96,88),1,1
(96,93),1,1
(96,98),1,1
(96,99),1,1
(96,100),1,1
(96,110),1,1
(96,112),1,1
(96,114),1,1
(96,115),1,1
(96,117),1,1
(96,122),1,1
(96,129),1,1
(96,132),1,1
(96,137),1,1
(96,151),1,1
(96,152),1,1
(96,158),1,1
(96,162),1,1
(96,164),1,1
(96,181),1,1
(96,182),1,1
(96,188),1,1
(96,197),1,1
(97,2),1,1
(97,35),1,1
(97,87),1,1
(97,128),1,1
(97,152),1,1
(98,70),1,1
(98,99),1,1
(98,110),1,1
(98,158),1,1
(98,183),1,1
(99,2),1,1
(99,50),1,1
(99,87),1,1
(99,134),1,1
(99,152),1,1
(99,196),1,1
(100,70),1,1
(100,99),1,1
(100,110),1,1
(100,128),1,1
(100,158),1,1
(101,2),1,1
(101,4),1,1
(101,12),1,1
(101,13),1,1
(101,15),1,1
(101,16),1,1
(101,17),1,1
(101,18),1,1
(101,19),1,1
(101,20),1,1
(101,22),1,1
(101,28),1,1
(101,29),1,1
(101,33),1,1
(101,36),1,1
(101,37),1,1
(101,46),1,1
(101,48),1,1
(101,53),1,1
(101,58),1,1
(101,61),1,1
(101,62),1,1
(101,63),1,1
(101,68),1,1
(101,70),1,1
(101,73),1,1
(101,79),1,1
(101,85),1,1
(101,87),1,1
(101,93),1,1
(101,98),1,1
(101,99),1,1
(101,100),1,1
(101,104),1,1
(101,110),1,1
(101,112),1,1
(101,113),1,1
(101,114),1,1
(101,122),1,1
(101,129),1,1
(101,132),1,1
(101,137),1,1
(101,145),1,1
(101,151),1,1
(101,152),1,1
(101,158),1,1
(101,161),1,1
(101,162),1,1
(101,164),1,1
(101,178),1,1
(101,182),1,1
(101,188),1,1
(101,189),1,1
(101,192),1,1
(102,70),1,1
(102,99),1,1
(102,110),1,1
(102,158),1,1
(102,183),1,1
(103,48),1,1
(103,70),1,1
(103,86),1,1
(103,90),1,1
(103,99),1,1
(103,158),1,1
(103,189),1,1
(104,2),1,1
(104,40),1,1
(104,50),1,1
(104,87),1,1
(104,152),1,1
(104,176),1,1
(105,70),1,1
(105,99),1,1
(105,110),1,1
(105,158),1,1
(105,189),1,1
(106,2),1,1
(106,3),1,1
(106,4),1,1
(106,10),1,1
(106,12),1,1
(106,15),1,1
(106,16),1,1
(106,17),1,1
(106,19),1,1
(106,20),1,1
(106,22),1,1
(106,29),1,1
(106,35),1,1
(106,36),1,1
(106,37),1,1
(106,46),1,1
(106,47),1,1
(106,50),1,1
(106,53),1,1
(106,58),1,1
(106,63),1,1
(106,68),1,1
(106,70),1,1
(106,73),1,1
(106,79),1,1
(106,85),1,1
(106,87),1,1
(106,93),1,1
(106,98),1,1
(106,99),1,1
(106,100),1,1
(106,108),1,1
(106,112),1,1
(106,113),1,1
(106,114),1,1
(106,122),1,1
(106,129),1,1
(106,132),1,1
(106,137),1,1
(106,143),1,1
(106,147),1,1
(106,151),1,1
(106,152),1,1
(106,158),1,1
(106,161),1,1
(106,162),1,1
(106,165),1,1
(106,178),1,1
(106,182),1,1
(106,188),1,1
(106,189),1,1
(107,2),1,1
(107,3),1,1
(107,4),1,1
(107,12),1,1
(107,13),1,1
(107,15),1,1
(107,16),1,1
(107,17),1,1
(107,19),1,1
(107,20),1,1
(107,22),1,1
(107,33),1,1
(107,35),1,1
(107,36),1,1
(107,37),1,1
(107,46),1,1
(107,50),1,1
(107,53),1,1
(107,55),1,1
(107,58),1,1
(107,63),1,1
(107,68),1,1
(107,70),1,1
(107,73),1,1
(107,79),1,1
(107,85),1,1
(107,87),1,1
(107,93),1,1
(107,98),1,1
(107,99),1,1
(107,100),1,1
(107,104),1,1
(107,110),1,1
(107,112),1,1
(107,113),1,1
(107,114),1,1
(107,117),1,1
(107,122),1,1
(107,129),1,1
(107,132),1,1
(107,137),1,1
(107,143),1,1
(107,148),1,1
(107,151),1,1
(107,158),1,1
(107,161),1,1
(107,162),1,1
(107,164),1,1
(107,182),1,1
(107,184),1,1
(108,2),1,1
(108,3),1,1
(108,4),1,1
(108,12),1,1
(108,15),1,1
(108,16),1,1
(108,17),1,1
(108,19),1,1
(108,20),1,1
(108,22),1,1
(108,33),1,1
(108,35),1,1
(108,36),1,1
(108,37),1,1
(108,46),1,1
(108,53),1,1
(108,57),1,1
(108,58),1,1
(108,63),1,1
(108,68),1,1
(108,70),1,1
(108,73),1,1
(108,79),1,1
(108,85),1,1
(108,86),1,1
(108,87),1,1
(108,93),1,1
(108,98),1,1
(108,99),1,1
(108,100),1,1
(108,104),1,1
(108,110),1,1
(108,112),1,1
(108,113),1,1
(108,114),1,1
(108,117),1,1
(108,122),1,1
(108,129),1,1
(108,132),1,1
(108,137),1,1
(108,143),1,1
(108,146),1,1
(108,151),1,1
(108,152),1,1
(108,158),1,1
(108,161),1,1
(108,162),1,1
(108,164),1,1
(108,165),1,1
(108,188),1,1
(108,189),1,1
(108,196),1,1
(111,2),1,1
(111,3),1,1
(111,4),1,1
(111,12),1,1
(111,13),1,1
(111,15),1,1
(111,16),1,1
(111,17),1,1
(111,19),1,1
(111,20),1,1
(111,22),1,1
(111,33),1,1
(111,36),1,1
(111,37),1,1
(111,46),1,1
(111,47),1,1
(111,53),1,1
(111,54),1,1
(111,58),1,1
(111,59),1,1
(111,63),1,1
(111,70),1,1
(111,73),1,1
(111,79),1,1
(111,85),1,1
(111,87),1,1
(111,88),1,1
(111,93),1,1
(111,98),1,1
(111,99),1,1
(111,100),1,1
(111,110),1,1
(111,112),1,1
(111,113),1,1
(111,114),1,1
(111,115),1,1
(111,122),1,1
(111,128),1,1
(111,129),1,1
(111,132),1,1
(111,137),1,1
(111,151),1,1
(111,158),1,1
(111,161),1,1
(111,162),1,1
(111,182),1,1
(111,188),1,1
(111,197),1,1
(112,70),1,1
(112,99),1,1
(112,128),1,1
(112,158),1,1
(113,70),1,1
(113,90),1,1
(113,99),1,1
(113,110),1,1
(113,128),1,1
(113,158),1,1
(114,70),1,1
(114,99),1,1
(114,110),1,1
(114,135),1,1
(114,158),1,1
(115,2),1,1
(115,3),1,1
(115,4),1,1
(115,12),1,1
(115,15),1,1
(115,16),1,1
(115,17),1,1
(115,19),1,1
(115,20),1,1
(115,22),1,1
(115,33),1,1
(115,35),1,1
(115,36),1,1
(115,37),1,1
(115,46),1,1
(115,53),1,1
(115,57),1,1
(115,58),1,1
(115,63),1,1
(115,68),1,1
(115,70),1,1
(115,73),1,1
(115,79),1,1
(115,85),1,1
(115,87),1,1
(115,93),1,1
(115,98),1,1
(115,99),1,1
(115,100),1,1
(115,104),1,1
(115,112),1,1
(115,114),1,1
(115,122),1,1
(115,129),1,1
(115,132),1,1
(115,137),1,1
(115,143),1,1
(115,151),1,1
(115,158),1,1
(115,162),1,1
(115,163),1,1
(115,177),1,1
(115,182),1,1
(115,189),1,1
(115,196),1,1
(115,197),1,1
(116,2),1,1
(116,4),1,1
(116,12),1,1
(116,15),1,1
(116,16),1,1
(116,17),1,1
(116,19),1,1
(116,20),1,1
(116,22),1,1
(116,30),1,1
(116,33),1,1
(116,35),1,1
(116,36),1,1
(116,37),1,1
(116,44),1,1
(116,46),1,1
(116,47),1,1
(116,48),1,1
(116,50),1,1
(116,53),1,1
(116,57),1,1
(116,58),1,1
(116,61),1,1
(116,63),1,1
(116,70),1,1
(116,79),1,1
(116,85),1,1
(116,87),1,1
(116,90),1,1
(116,93),1,1
(116,98),1,1
(116,99),1,1
(116,100),1,1
(116,104),1,1
(116,110),1,1
(116,112),1,1
(116,113),1,1
(116,114),1,1
(116,117),1,1
(116,122),1,1
(116,129),1,1
(116,132),1,1
(116,137),1,1
(116,143),1,1
(116,148),1,1
(116,149),1,1
(116,151),1,1
(116,152),1,1
(116,158),1,1
(116,159),1,1
(116,161),1,1
(116,162),1,1
(116,164),1,1
(116,169),1,1
(116,182),1,1
(116,188),1,1
(116,189),1,1
(116,196),1,1
(117,54),1,1
(117,70),1,1
(117,99),1,1
(117,158),1,1
(117,189),1,1
(118,2),1,1
(118,3),1,1
(118,4),1,1
(118,12),1,1
(118,15),1,1
(118,16),1,1
(118,17),1,1
(118,19),1,1
(118,20),1,1
(118,22),1,1
(118,33),1,1
(118,35),1,1
(118,36),1,1
(118,37),1,1
(118,46),1,1
(118,50),1,1
(118,53),1,1
(118,54),1,1
(118,57),1,1
(118,58),1,1
(118,63),1,1
(118,65),1,1
(118,68),1,1
(118,70),1,1
(118,73),1,1
(118,79),1,1
(118,85),1,1
(118,87),1,1
(118,93),1,1
(118,98),1,1
(118,99),1,1
(118,100),1,1
(118,103),1,1
(118,112),1,1
(118,114),1,1
(118,117),1,1
(118,122),1,1
(118,129),1,1
(118,132),1,1
(118,137),1,1
(118,143),1,1
(118,151),1,1
(118,152),1,1
(118,158),1,1
(118,162),1,1
(118,166),1,1
(118,182),1,1
(118,183),1,1
(118,197),1,1
(119,10),1,1
(119,59),1,1
(119,70),1,1
(119,86),1,1
(119,99),1,1
(119,110),1,1
(119,158),1,1
(120,2),1,1
(120,35),1,1
(120,87),1,1
(120,152),1,1
(121,54),1,1
(121,70),1,1
(121,99),1,1
(121,110),1,1
(121,158),1,1
(121,189),1,1
(122,70),1,1
(122,99),1,1
(122,135),1,1
(122,158),1,1
(123,69),1,1
(123,70),1,1
(123,86),1,1
(123,99),1,1
(123,110),1,1
(123,158),1,1
(123,194),1,1
(124,2),1,1
(124,3),1,1
(124,4),1,1
(124,12),1,1
(124,13),1,1
(124,15),1,1
(124,16),1,1
(124,17),1,1
(124,19),1,1
(124,20),1,1
(124,22),1,1
(124,35),1,1
(124,36),1,1
(124,37),1,1
(124,46),1,1
(124,47),1,1
(124,50),1,1
(124,53),1,1
(124,58),1,1
(124,63),1,1
(124,65),1,1
(124,66),1,1
(124,70),1,1
(124,79),1,1
(124,85),1,1
(124,87),1,1
(124,93),1,1
(124,98),1,1
(124,99),1,1
(124,100),1,1
(124,104),1,1
(124,110),1,1
(124,112),1,1
(124,113),1,1
(124,114),1,1
(124,117),1,1
(124,122),1,1
(124,129),1,1
(124,132),1,1
(124,137),1,1
(124,143),1,1
(124,151),1,1
(124,152),1,1
(124,158),1,1
(124,159),1,1
(124,161),1,1
(124,162),1,1
(124,164),1,1
(124,182),1,1
(124,183),1,1
(124,189),1,1
(124,195),1,1
(124,196),1,1
(125,2),1,1
(125,4),1,1
(125,12),1,1
(125,13),1,1
(125,15),1,1
(125,17),1,1
(125,19),1,1
(125,20),1,1
(125,22),1,1
(125,27),1,1
(125,29),1,1
(125,30),1,1
(125,33),1,1
(125,36),1,1
(125,37),1,1
(125,44),1,1
(125,46),1,1
(125,50),1,1
(125,53),1,1
(125,58),1,1
(125,63),1,1
(125,65),1,1
(125,70),1,1
(125,79),1,1
(125,85),1,1
(125,87),1,1
(125,93),1,1
(125,98),1,1
(125,99),1,1
(125,100),1,1
(125,104),1,1
(125,110),1,1
(125,112),1,1
(125,114),1,1
(125,116),1,1
(125,117),1,1
(125,122),1,1
(125,129),1,1
(125,132),1,1
(125,133),1,1
(125,137),1,1
(125,146),1,1
(125,147),1,1
(125,151),1,1
(125,152),1,1
(125,158),1,1
(125,161),1,1
(125,162),1,1
(125,163),1,1
(125,188),1,1
(125,196),1,1
(126,2),1,1
(126,4),1,1
(126,12),1,1
(126,15),1,1
(126,17),1,1
(126,19),1,1
(126,20),1,1
(126,22),1,1
(126,32),1,1
(126,35),1,1
(126,36),1,1
(126,37),1,1
(126,46),1,1
(126,47),1,1
(126,50),1,1
(126,53),1,1
(126,58),1,1
(126,63),1,1
(126,65),1,1
(126,68),1,1
(126,70),1,1
(126,73),1,1
(126,79),1,1
(126,85),1,1
(126,87),1,1
(126,88),1,1
(126,93),1,1
(126,98),1,1
(126,99),1,1
(126,100),1,1
(126,110),1,1
(126,112),1,1
(126,113),1,1
(126,114),1,1
(126,117),1,1
(126,122),1,1
(126,129),1,1
(126,132),1,1
(126,137),1,1
(126,147),1,1
(126,151),1,1
(126,158),1,1
(126,162),1,1
(126,166),1,1
(126,182),1,1
(126,189),1,1
(126,194),1,1
(126,195),1,1
(126,198),1,1
(127,2),1,1
(127,35),1,1
(127,66),1,1
(127,87),1,1
(127,152),1,1
(128,48),1,1
(128,54),1,1
(128,70),1,1
(128,86),1,1
(128,99),1,1
(128,110),1,1
(128,158),1,1
(129,2),1,1
(129,87),1,1
(129,152),1,1
(130,2),1,1
(130,3),1,1
(130,4),1,1
(130,12),1,1
(130,15),1,1
(130,16),1,1
(130,17),1,1
(130,19),1,1
(130,20),1,1
(130,22),1,1
(130,27),1,1
(130,28),1,1
(130,36),1,1
(130,37),1,1
(130,46),1,1
(130,53),1,1
(130,55),1,1
(130,57),1,1
(130,58),1,1
(130,63),1,1
(130,70),1,1
(130,79),1,1
(130,85),1,1
(130,87),1,1
(130,88),1,1
(130,93),1,1
(130,98),1,1
(130,99),1,1
(130,100),1,1
(130,104),1,1
(130,112),1,1
(130,113),1,1
(130,114),1,1
(130,117),1,1
(130,122),1,1
(130,129),1,1
(130,132),1,1
(130,135),1,1
(130,137),1,1
(130,143),1,1
(130,151),1,1
(130,152),1,1
(130,158),1,1
(130,161),1,1
(130,162),1,1
(130,164),1,1
(130,178),1,1
(130,182),1,1
(130,188),1,1
(130,195),1,1
(131,70),1,1
(131,86),1,1
(131,99),1,1
(131,110),1,1
(131,158),1,1
(131,189),1,1
(132,70),1,1
(132,86),1,1
(132,99),1,1
(132,158),1,1
(133,2),1,1
(133,3),1,1
(133,4),1,1
(133,12),1,1
(133,15),1,1
(133,16),1,1
(133,17),1,1
(133,19),1,1
(133,20),1,1
(133,22),1,1
(133,25),1,1
(133,30),1,1
(133,33),1,1
(133,35),1,1
(133,36),1,1
(133,37),1,1
(133,46),1,1
(133,47),1,1
(133,50),1,1
(133,53),1,1
(133,58),1,1
(133,63),1,1
(133,65),1,1
(133,70),1,1
(133,79),1,1
(133,85),1,1
(133,87),1,1
(133,88),1,1
(133,93),1,1
(133,98),1,1
(133,99),1,1
(133,100),1,1
(133,112),1,1
(133,113),1,1
(133,114),1,1
(133,122),1,1
(133,128),1,1
(133,129),1,1
(133,132),1,1
(133,137),1,1
(133,151),1,1
(133,158),1,1
(133,159),1,1
(133,161),1,1
(133,162),1,1
(133,164),1,1
(133,165),1,1
(133,182),1,1
(133,188),1,1
(133,189),1,1
(134,2),1,1
(134,4),1,1
(134,12),1,1
(134,15),1,1
(134,16),1,1
(134,17),1,1
(134,19),1,1
(134,22),1,1
(134,33),1,1
(134,35),1,1
(134,36),1,1
(134,37),1,1
(134,40),1,1
(134,44),1,1
(134,46),1,1
(134,47),1,1
(134,50),1,1
(134,53),1,1
(134,54),1,1
(134,58),1,1
(134,63),1,1
(134,65),1,1
(134,68),1,1
(134,70),1,1
(134,73),1,1
(134,79),1,1
(134,85),1,1
(134,87),1,1
(134,93),1,1
(134,98),1,1
(134,99),1,1
(134,100),1,1
(134,103),1,1
(134,104),1,1
(134,108),1,1
(134,110),1,1
(134,112),1,1
(134,113),1,1
(134,114),1,1
(134,116),1,1
(134,122),1,1
(134,129),1,1
(134,132),1,1
(134,137),1,1
(134,151),1,1
(134,152),1,1
(134,158),1,1
(134,162),1,1
(134,165),1,1
(134,169),1,1
(134,182),1,1
(134,183),1,1
(134,188),1,1
(135,70),1,1
(135,90),1,1
(135,99),1,1
(135,110),1,1
(135,158),1,1
(135,183),1,1
(135,189),1,1
(136,2),1,1
(136,35),1,1
(136,43),1,1
(136,87),1,1
(136,152),1,1
(136,196),1,1
(137,70),1,1
(137,86),1,1
(137,99),1,1
(137,158),1,1
(137,189),1,1
(137,194),1,1
(138,59),1,1
(138,70),1,1
(138,99),1,1
(138,110),1,1
(138,158),1,1
(138,173),1,1
(138,194),1,1
(139,2),1,1
(139,25),1,1
(139,35),1,1
(139,50),1,1
(139,87),1,1
(139,196),1,1
(140,54),1,1
(140,70),1,1
(140,71),1,1
(140,99),1,1
(140,110),1,1
(140,135),1,1
(140,158),1,1
(140,172),1,1
(140,173),1,1
(140,183),1,1
(141,2),1,1
(141,4),1,1
(141,12),1,1
(141,15),1,1
(141,16),1,1
(141,17),1,1
(141,19),1,1
(141,20),1,1
(141,22),1,1
(141,25),1,1
(141,29),1,1
(141,33),1,1
(141,35),1,1
(141,36),1,1
(141,37),1,1
(141,43),1,1
(141,46),1,1
(141,53),1,1
(141,58),1,1
(141,59),1,1
(141,63),1,1
(141,68),1,1
(141,70),1,1
(141,71),1,1
(141,79),1,1
(141,85),1,1
(141,87),1,1
(141,88),1,1
(141,93),1,1
(141,95),1,1
(141,98),1,1
(141,99),1,1
(141,100),1,1
(141,104),1,1
(141,112),1,1
(141,113),1,1
(141,114),1,1
(141,122),1,1
(141,129),1,1
(141,132),1,1
(141,137),1,1
(141,151),1,1
(141,152),1,1
(141,158),1,1
(141,159),1,1
(141,162),1,1
(141,182),1,1
(141,186),1,1
(141,188),1,1
(141,189),1,1
(141,194),1,1
(143,70),1,1
(143,86),1,1
(143,90),1,1
(143,99),1,1
(143,158),1,1
(144,59),1,1
(144,70),1,1
(144,86),1,1
(144,90),1,1
(144,99),1,1
(144,158),1,1
(145,70),1,1
(145,99),1,1
(145,110),1,1
(145,158),1,1
(146,2),1,1
(146,35),1,1
(146,87),1,1
(146,152),1,1
(146,196),1,1
(147,70),1,1
(147,99),1,1
(147,110),1,1
(147,158),1,1
(148,2),1,1
(148,4),1,1
(148,12),1,1
(148,15),1,1
(148,16),1,1
(148,17),1,1
(148,19),1,1
(148,20),1,1
(148,22),1,1
(148,35),1,1
(148,36),1,1
(148,37),1,1
(148,46),1,1
(148,47),1,1
(148,53),1,1
(148,58),1,1
(148,61),1,1
(148,63),1,1
(148,68),1,1
(148,70),1,1
(148,73),1,1
(148,79),1,1
(148,85),1,1
(148,86),1,1
(148,87),1,1
(148,88),1,1
(148,90),1,1
(148,93),1,1
(148,98),1,1
(148,99),1,1
(148,100),1,1
(148,110),1,1
(148,112),1,1
(148,114),1,1
(148,122),1,1
(148,126),1,1
(148,129),1,1
(148,132),1,1
(148,137),1,1
(148,143),1,1
(148,151),1,1
(148,152),1,1
(148,158),1,1
(148,161),1,1
(148,162),1,1
(148,164),1,1
(148,182),1,1
(148,188),1,1
(149,70),1,1
(149,99),1,1
(149,128),1,1
(149,158),1,1
(150,70),1,1
(150,86),1,1
(150,99),1,1
(150,110),1,1
(150,128),1,1
(150,135),1,1
(150,158),1,1
(151,70),1,1
(151,90),1,1
(151,99),1,1
(151,135),1,1
(151,158),1,1
(152,70),1,1
(152,99),1,1
(152,110),1,1
(152,158),1,1
(152,183),1,1
(153,2),1,1
(153,3),1,1
(153,4),1,1
(153,12),1,1
(153,13),1,1
(153,15),1,1
(153,16),1,1
(153,17),1,1
(153,19),1,1
(153,20),1,1
(153,22),1,1
(153,29),1,1
(153,33),1,1
(153,35),1,1
(153,36),1,1
(153,37),1,1
(153,46),1,1
(153,50),1,1
(153,53),1,1
(153,58),1,1
(153,62),1,1
(153,63),1,1
(153,68),1,1
(153,70),1,1
(153,73),1,1
(153,79),1,1
(153,85),1,1
(153,87),1,1
(153,93),1,1
(153,98),1,1
(153,99),1,1
(153,100),1,1
(153,110),1,1
(153,112),1,1
(153,113),1,1
(153,114),1,1
(153,122),1,1
(153,129),1,1
(153,132),1,1
(153,135),1,1
(153,137),1,1
(153,151),1,1
(153,152),1,1
(153,158),1,1
(153,159),1,1
(153,162),1,1
(153,163),1,1
(153,164),1,1
(153,171),1,1
(153,189),1,1
(154,2),1,1
(154,4),1,1
(154,12),1,1
(154,15),1,1
(154,16),1,1
(154,17),1,1
(154,19),1,1
(154,20),1,1
(154,21),1,1
(154,22),1,1
(154,36),1,1
(154,37),1,1
(154,40),1,1
(154,44),1,1
(154,46),1,1
(154,48),1,1
(154,53),1,1
(154,57),1,1
(154,58),1,1
(154,63),1,1
(154,65),1,1
(154,70),1,1
(154,73),1,1
(154,79),1,1
(154,85),1,1
(154,86),1,1
(154,87),1,1
(154,93),1,1
(154,98),1,1
(154,99),1,1
(154,100),1,1
(154,112),1,1
(154,113),1,1
(154,114),1,1
(154,118),1,1
(154,122),1,1
(154,129),1,1
(154,132),1,1
(154,137),1,1
(154,143),1,1
(154,151),1,1
(154,152),1,1
(154,158),1,1
(154,159),1,1
(154,162),1,1
(154,164),1,1
(154,182),1,1
(154,188),1,1
(154,196),1,1
(155,70),1,1
(155,99),1,1
(155,110),1,1
(155,158),1,1
(155,172),1,1
(155,189),1,1
(156,48),1,1
(156,54),1,1
(156,70),1,1
(156,99),1,1
(156,158),1,1
(156,183),1,1
(156,189),1,1
(157,2),1,1
(157,3),1,1
(157,4),1,1
(157,12),1,1
(157,13),1,1
(157,15),1,1
(157,16),1,1
(157,17),1,1
(157,19),1,1
(157,20),1,1
(157,22),1,1
(157,33),1,1
(157,35),1,1
(157,36),1,1
(157,37),1,1
(157,44),1,1
(157,46),1,1
(157,50),1,1
(157,53),1,1
(157,55),1,1
(157,58),1,1
(157,61),1,1
(157,63),1,1
(157,65),1,1
(157,68),1,1
(157,70),1,1
(157,73),1,1
(157,79),1,1
(157,85),1,1
(157,86),1,1
(157,87),1,1
(157,88),1,1
(157,93),1,1
(157,98),1,1
(157,99),1,1
(157,100),1,1
(157,110),1,1
(157,112),1,1
(157,113),1,1
(157,114),1,1
(157,117),1,1
(157,122),1,1
(157,129),1,1
(157,132),1,1
(157,137),1,1
(157,151),1,1
(157,152),1,1
(157,158),1,1
(157,159),1,1
(157,162),1,1
(157,164),1,1
(157,165),1,1
(157,178),1,1
(157,182),1,1
(158,2),1,1
(158,35),1,1
(158,50),1,1
(158,87),1,1
(158,152),1,1
(159,70),1,1
(159,99),1,1
(159,158),1,1
(159,189),1,1
(160,2),1,1
(160,3),1,1
(160,4),1,1
(160,12),1,1
(160,15),1,1
(160,16),1,1
(160,17),1,1
(160,19),1,1
(160,20),1,1
(160,22),1,1
(160,30),1,1
(160,35),1,1
(160,36),1,1
(160,37),1,1
(160,46),1,1
(160,50),1,1
(160,53),1,1
(160,57),1,1
(160,58),1,1
(160,59),1,1
(160,61),1,1
(160,63),1,1
(160,68),1,1
(160,70),1,1
(160,76),1,1
(160,79),1,1
(160,85),1,1
(160,87),1,1
(160,88),1,1
(160,93),1,1
(160,98),1,1
(160,99),1,1
(160,100),1,1
(160,104),1,1
(160,110),1,1
(160,112),1,1
(160,113),1,1
(160,114),1,1
(160,116),1,1
(160,122),1,1
(160,128),1,1
(160,129),1,1
(160,132),1,1
(160,137),1,1
(160,151),1,1
(160,152),1,1
(160,154),1,1
(160,158),1,1
(160,162),1,1
(160,164),1,1
(160,173),1,1
(160,182),1,1
(160,188),1,1
(161,2),1,1
(161,3),1,1
(161,4),1,1
(161,12),1,1
(161,15),1,1
(161,16),1,1
(161,17),1,1
(161,19),1,1
(161,22),1,1
(161,33),1,1
(161,35),1,1
(161,36),1,1
(161,37),1,1
(161,41),1,1
(161,46),1,1
(161,50),1,1
(161,53),1,1
(161,58),1,1
(161,63),1,1
(161,65),1,1
(161,70),1,1
(161,79),1,1
(161,85),1,1
(161,87),1,1
(161,88),1,1
(161,93),1,1
(161,98),1,1
(161,99),1,1
(161,100),1,1
(161,104),1,1
(161,112),1,1
(161,113),1,1
(161,114),1,1
(161,117),1,1
(161,122),1,1
(161,128),1,1
(161,129),1,1
(161,132),1,1
(161,137),1,1
(161,151),1,1
(161,152),1,1
(161,158),1,1
(161,162),1,1
(161,165),1,1
(161,169),1,1
(161,182),1,1
(161,188),1,1
(162,14),1,1
(162,48),1,1
(162,70),1,1
(162,99),1,1
(162,110),1,1
(162,135),1,1
(162,156),1,1
(162,158),1,1
(163,70),1,1
(163,86),1,1
(163,99),1,1
(163,110),1,1
(163,158),1,1
(163,173),1,1
(163,189),1,1
(164,70),1,1
(164,99),1,1
(164,110),1,1
(164,158),1,1
(165,14),1,1
(165,48),1,1
(165,70),1,1
(165,99),1,1
(165,110),1,1
(165,158),1,1
(165,189),1,1
(166,2),1,1
(166,3),1,1
(166,4),1,1
(166,12),1,1
(166,15),1,1
(166,16),1,1
(166,17),1,1
(166,19),1,1
(166,20),1,1
(166,22),1,1
(166,33),1,1
(166,36),1,1
(166,37),1,1
(166,46),1,1
(166,47),1,1
(166,50),1,1
(166,53),1,1
(166,58),1,1
(166,61),1,1
(166,63),1,1
(166,64),1,1
(166,70),1,1
(166,79),1,1
(166,85),1,1
(166,87),1,1
(166,88),1,1
(166,92),1,1
(166,93),1,1
(166,98),1,1
(166,99),1,1
(166,100),1,1
(166,110),1,1
(166,112),1,1
(166,113),1,1
(166,114),1,1
(166,115),1,1
(166,117),1,1
(166,122),1,1
(166,129),1,1
(166,132),1,1
(166,137),1,1
(166,146),1,1
(166,151),1,1
(166,152),1,1
(166,158),1,1
(166,162),1,1
(166,164),1,1
(166,165),1,1
(166,172),1,1
(166,182),1,1
(166,188),1,1
(166,189),1,1
(167,2),1,1
(167,3),1,1
(167,4),1,1
(167,12),1,1
(167,15),1,1
(167,17),1,1
(167,19),1,1
(167,20),1,1
(167,22),1,1
(167,23),1,1
(167,33),1,1
(167,36),1,1
(167,37),1,1
(167,40),1,1
(167,44),1,1
(167,46),1,1
(167,53),1,1
(167,57),1,1
(167,58),1,1
(167,59),1,1
(167,63),1,1
(167,65),1,1
(167,70),1,1
(167,73),1,1
(167,79),1,1
(167,85),1,1
(167,87),1,1
(167,93),1,1
(167,98),1,1
(167,99),1,1
(167,100),1,1
(167,112),1,1
(167,113),1,1
(167,114),1,1
(167,122),1,1
(167,129),1,1
(167,132),1,1
(167,137),1,1
(167,144),1,1
(167,147),1,1
(167,151),1,1
(167,152),1,1
(167,158),1,1
(167,162),1,1
(167,182),1,1
(167,184),1,1
(167,188),1,1
(167,189),1,1
(168,54),1,1
(168,70),1,1
(168,99),1,1
(168,110),1,1
(168,135),1,1
(168,156),1,1
(168,158),1,1
(168,194),1,1
(169,25),1,1
(169,54),1,1
(169,70),1,1
(169,99),1,1
(169,110),1,1
(169,158),1,1
(169,189),1,1
(170,2),1,1
(170,3),1,1
(170,4),1,1
(170,12),1,1
(170,14),1,1
(170,15),1,1
(170,17),1,1
(170,19),1,1
(170,20),1,1
(170,22),1,1
(170,28),1,1
(170,33),1,1
(170,36),1,1
(170,37),1,1
(170,46),1,1
(170,47),1,1
(170,50),1,1
(170,53),1,1
(170,58),1,1
(170,63),1,1
(170,68),1,1
(170,70),1,1
(170,73),1,1
(170,79),1,1
(170,85),1,1
(170,87),1,1
(170,93),1,1
(170,98),1,1
(170,99),1,1
(170,100),1,1
(170,104),1,1
(170,112),1,1
(170,113),1,1
(170,114),1,1
(170,115),1,1
(170,117),1,1
(170,122),1,1
(170,129),1,1
(170,132),1,1
(170,137),1,1
(170,143),1,1
(170,147),1,1
(170,151),1,1
(170,152),1,1
(170,158),1,1
(170,162),1,1
(170,182),1,1
(170,188),1,1
(171,2),1,1
(171,87),1,1
(171,152),1,1
(172,2),1,1
(172,50),1,1
(172,87),1,1
(172,152),1,1
(173,10),1,1
(173,48),1,1
(173,54),1,1
(173,70),1,1
(173,99),1,1
(173,158),1,1
(174,70),1,1
(174,99),1,1
(174,105),1,1
(174,110),1,1
(174,158),1,1
(174,176),1,1
(175,2),1,1
(175,4),1,1
(175,12),1,1
(175,15),1,1
(175,16),1,1
(175,17),1,1
(175,19),1,1
(175,20),1,1
(175,22),1,1
(175,27),1,1
(175,28),1,1
(175,36),1,1
(175,37),1,1
(175,44),1,1
(175,46),1,1
(175,47),1,1
(175,50),1,1
(175,53),1,1
(175,58),1,1
(175,63),1,1
(175,65),1,1
(175,70),1,1
(175,79),1,1
(175,85),1,1
(175,87),1,1
(175,88),1,1
(175,98),1,1
(175,99),1,1
(175,100),1,1
(175,104),1,1
(175,110),1,1
(175,112),1,1
(175,114),1,1
(175,116),1,1
(175,122),1,1
(175,129),1,1
(175,132),1,1
(175,137),1,1
(175,151),1,1
(175,152),1,1
(175,158),1,1
(175,161),1,1
(175,162),1,1
(175,164),1,1
(175,165),1,1
(175,182),1,1
(175,188),1,1
(176,70),1,1
(176,90),1,1
(176,99),1,1
(176,158),1,1
(176,183),1,1
(177,2),1,1
(177,50),1,1
(177,87),1,1
(177,152),1,1
(177,196),1,1
(178,70),1,1
(178,99),1,1
(178,128),1,1
(178,158),1,1
(178,189),1,1
(179,2),1,1
(179,3),1,1
(179,4),1,1
(179,12),1,1
(179,15),1,1
(179,17),1,1
(179,19),1,1
(179,20),1,1
(179,22),1,1
(179,28),1,1
(179,33),1,1
(179,35),1,1
(179,36),1,1
(179,37),1,1
(179,46),1,1
(179,47),1,1
(179,50),1,1
(179,53),1,1
(179,58),1,1
(179,61),1,1
(179,63),1,1
(179,68),1,1
(179,70),1,1
(179,71),1,1
(179,73),1,1
(179,79),1,1
(179,85),1,1
(179,87),1,1
(179,93),1,1
(179,98),1,1
(179,99),1,1
(179,100),1,1
(179,103),1,1
(179,112),1,1
(179,113),1,1
(179,114),1,1
(179,122),1,1
(179,129),1,1
(179,132),1,1
(179,137),1,1
(179,151),1,1
(179,152),1,1
(179,158),1,1
(179,162),1,1
(179,164),1,1
(179,182),1,1
(179,188),1,1
(180,70),1,1
(180,99),1,1
(180,110),1,1
(180,128),1,1
(180,158),1,1
(180,176),1,1
(181,2),1,1
(181,3),1,1
(181,4),1,1
(181,12),1,1
(181,15),1,1
(181,16),1,1
(181,17),1,1
(181,19),1,1
(181,20),1,1
(181,22),1,1
(181,27),1,1
(181,28),1,1
(181,29),1,1
(181,36),1,1
(181,37),1,1
(181,46),1,1
(181,53),1,1
(181,58),1,1
(181,63),1,1
(181,65),1,1
(181,70),1,1
(181,73),1,1
(181,79),1,1
(181,85),1,1
(181,87),1,1
(181,88),1,1
(181,93),1,1
(181,98),1,1
(181,99),1,1
(181,100),1,1
(181,110),1,1
(181,112),1,1
(181,113),1,1
(181,114),1,1
(181,115),1,1
(181,116),1,1
(181,117),1,1
(181,122),1,1
(181,129),1,1
(181,132),1,1
(181,137),1,1
(181,139),1,1
(181,143),1,1
(181,151),1,1
(181,152),1,1
(181,157),1,1
(181,158),1,1
(181,161),1,1
(181,162),1,1
(181,164),1,1
(181,165),1,1
(181,178),1,1
(181,182),1,1
(181,188),1,1
(181,195),1,1
(182,59),1,1
(182,70),1,1
(182,86),1,1
(182,99),1,1
(182,158),1,1
(182,194),1,1
(183,2),1,1
(183,4),1,1
(183,12),1,1
(183,13),1,1
(183,15),1,1
(183,16),1,1
(183,17),1,1
(183,19),1,1
(183,20),1,1
(183,22),1,1
(183,23),1,1
(183,35),1,1
(183,36),1,1
(183,37),1,1
(183,41),1,1
(183,44),1,1
(183,46),1,1
(183,47),1,1
(183,48),1,1
(183,53),1,1
(183,58),1,1
(183,59),1,1
(183,63),1,1
(183,68),1,1
(183,70),1,1
(183,79),1,1
(183,85),1,1
(183,87),1,1
(183,90),1,1
(183,93),1,1
(183,98),1,1
(183,99),1,1
(183,100),1,1
(183,110),1,1
(183,112),1,1
(183,113),1,1
(183,114),1,1
(183,122),1,1
(183,129),1,1
(183,132),1,1
(183,137),1,1
(183,143),1,1
(183,151),1,1
(183,152),1,1
(183,158),1,1
(183,162),1,1
(183,164),1,1
(183,178),1,1
(183,182),1,1
(183,188),1,1
(183,196),1,1
(184,2),1,1
(184,3),1,1
(184,4),1,1
(184,12),1,1
(184,15),1,1
(184,16),1,1
(184,17),1,1
(184,19),1,1
(184,20),1,1
(184,22),1,1
(184,33),1,1
(184,36),1,1
(184,37),1,1
(184,46),1,1
(184,53),1,1
(184,55),1,1
(184,58),1,1
(184,63),1,1
(184,65),1,1
(184,68),1,1
(184,70),1,1
(184,79),1,1
(184,85),1,1
(184,87),1,1
(184,88),1,1
(184,93),1,1
(184,98),1,1
(184,99),1,1
(184,100),1,1
(184,101),1,1
(184,104),1,1
(184,112),1,1
(184,113),1,1
(184,114),1,1
(184,117),1,1
(184,122),1,1
(184,129),1,1
(184,132),1,1
(184,137),1,1
(184,146),1,1
(184,147),1,1
(184,151),1,1
(184,152),1,1
(184,158),1,1
(184,162),1,1
(184,164),1,1
(184,169),1,1
(184,178),1,1
(184,182),1,1
(184,188),1,1
(185,14),1,1
(185,70),1,1
(185,99),1,1
(185,135),1,1
(185,158),1,1
(186,2),1,1
(186,3),1,1
(186,4),1,1
(186,12),1,1
(186,13),1,1
(186,15),1,1
(186,16),1,1
(186,17),1,1
(186,19),1,1
(186,20),1,1
(186,22),1,1
(186,28),1,1
(186,33),1,1
(186,35),1,1
(186,36),1,1
(186,37),1,1
(186,40),1,1
(186,43),1,1
(186,46),1,1
(186,47),1,1
(186,53),1,1
(186,57),1,1
(186,58),1,1
(186,63),1,1
(186,68),1,1
(186,70),1,1
(186,79),1,1
(186,85),1,1
(186,87),1,1
(186,93),1,1
(186,98),1,1
(186,99),1,1
(186,100),1,1
(186,102),1,1
(186,110),1,1
(186,112),1,1
(186,114),1,1
(186,122),1,1
(186,128),1,1
(186,129),1,1
(186,132),1,1
(186,137),1,1
(186,146),1,1
(186,151),1,1
(186,152),1,1
(186,154),1,1
(186,158),1,1
(186,159),1,1
(186,161),1,1
(186,162),1,1
(186,164),1,1
(186,165),1,1
(186,166),1,1
(186,182),1,1
(186,195),1,1
(187,54),1,1
(187,59),1,1
(187,70),1,1
(187,99),1,1
(187,110),1,1
(187,135),1,1
(187,158),1,1
(188,2),1,1
(188,50),1,1
(188,87),1,1
(188,152),1,1
(189,70),1,1
(189,86),1,1
(189,99),1,1
(189,110),1,1
(189,158),1,1
(190,70),1,1
(190,86),1,1
(190,99),1,1
(190,135),1,1
(190,158),1,1
(190,173),1,1
(191,2),1,1
(191,4),1,1
(191,12),1,1
(191,15),1,1
(191,16),1,1
(191,17),1,1
(191,19),1,1
(191,20),1,1
(191,22),1,1
(191,35),1,1
(191,36),1,1
(191,37),1,1
(191,44),1,1
(191,46),1,1
(191,53),1,1
(191,57),1,1
(191,58),1,1
(191,63),1,1
(191,70),1,1
(191,73),1,1
(191,79),1,1
(191,85),1,1
(191,87),1,1
(191,93),1,1
(191,98),1,1
(191,99),1,1
(191,100),1,1
(191,110),1,1
(191,112),1,1
(191,113),1,1
(191,114),1,1
(191,122),1,1
(191,129),1,1
(191,132),1,1
(191,135),1,1
(191,137),1,1
(191,143),1,1
(191,151),1,1
(191,152),1,1
(191,156),1,1
(191,158),1,1
(191,162),1,1
(191,164),1,1
(191,182),1,1
(191,188),1,1
(192,2),1,1
(192,3),1,1
(192,4),1,1
(192,10),1,1
(192,12),1,1
(192,13),1,1
(192,15),1,1
(192,17),1,1
(192,19),1,1
(192,20),1,1
(192,22),1,1
(192,30),1,1
(192,36),1,1
(192,37),1,1
(192,44),1,1
(192,46),1,1
(192,47),1,1
(192,53),1,1
(192,58),1,1
(192,63),1,1
(192,68),1,1
(192,70),1,1
(192,79),1,1
(192,80),1,1
(192,85),1,1
(192,87),1,1
(192,93),1,1
(192,98),1,1
(192,99),1,1
(192,100),1,1
(192,110),1,1
(192,112),1,1
(192,113),1,1
(192,114),1,1
(192,122),1,1
(192,129),1,1
(192,132),1,1
(192,137),1,1
(192,145),1,1
(192,146),1,1
(192,151),1,1
(192,152),1,1
(192,158),1,1
(192,162),1,1
(192,163),1,1
(192,165),1,1
(192,166),1,1
(192,170),1,1
(192,178),1,1
(192,182),1,1
(192,188),1,1
(192,189),1,1
(193,2),1,1
(193,3),1,1
(193,4),1,1
(193,12),1,1
(193,15),1,1
(193,17),1,1
(193,19),1,1
(193,20),1,1
(193,22),1,1
(193,29),1,1
(193,33),1,1
(193,36),1,1
(193,37),1,1
(193,46),1,1
(193,47),1,1
(193,53),1,1
(193,55),1,1
(193,58),1,1
(193,63),1,1
(193,68),1,1
(193,70),1,1
(193,79),1,1
(193,85),1,1
(193,87),1,1
(193,88),1,1
(193,92),1,1
(193,93),1,1
(193,98),1,1
(193,99),1,1
(193,100),1,1
(193,110),1,1
(193,111),1,1
(193,112),1,1
(193,113),1,1
(193,114),1,1
(193,117),1,1
(193,122),1,1
(193,129),1,1
(193,132),1,1
(193,137),1,1
(193,141),1,1
(193,143),1,1
(193,144),1,1
(193,146),1,1
(193,151),1,1
(193,152),1,1
(193,158),1,1
(193,161),1,1
(193,162),1,1
(193,164),1,1
(193,178),1,1
(193,182),1,1
(193,188),1,1
(194,70),1,1
(194,86),1,1
(194,99),1,1
(194,110),1,1
(194,158),1,1
(195,10),1,1
(195,70),1,1
(195,86),1,1
(195,99),1,1
(195,110),1,1
(195,128),1,1
(195,158),1,1
(195,189),1,1
(196,70),1,1
(196,99),1,1
(196,135),1,1
(196,158),1,1
(196,189),1,1
(197,2),1,1
(197,3),1,1
(197,4),1,1
(197,10),1,1
(197,12),1,1
(197,15),1,1
(197,16),1,1
(197,17),1,1
(197,19),1,1
(197,20),1,1
(197,22),1,1
(197,23),1,1
(197,30),1,1
(197,36),1,1
(197,37),1,1
(197,44),1,1
(197,46),1,1
(197,53),1,1
(197,55),1,1
(197,58),1,1
(197,63),1,1
(197,70),1,1
(197,73),1,1
(197,79),1,1
(197,85),1,1
(197,86),1,1
(197,87),1,1
(197,88),1,1
(197,93),1,1
(197,97),1,1
(197,98),1,1
(197,99),1,1
(197,100),1,1
(197,101),1,1
(197,110),1,1
(197,112),1,1
(197,113),1,1
(197,114),1,1
(197,117),1,1
(197,122),1,1
(197,128),1,1
(197,129),1,1
(197,132),1,1
(197,137),1,1
(197,143),1,1
(197,151),1,1
(197,152),1,1
(197,158),1,1
(197,162),1,1
(197,182),1,1
(197,188),1,1
(198,2),1,1
(198,4),1,1
(198,12),1,1
(198,13),1,1
(198,15),1,1
(198,16),1,1
(198,17),1,1
(198,19),1,1
(198,20),1,1
(198,22),1,1
(198,27),1,1
(198,35),1,1
(198,36),1,1
(198,37),1,1
(198,46),1,1
(198,53),1,1
(198,55),1,1
(198,57),1,1
(198,58),1,1
(198,59),1,1
(198,63),1,1
(198,70),1,1
(198,73),1,1
(198,79),1,1
(198,85),1,1
(198,87),1,1
(198,90),1,1
(198,93),1,1
(198,98),1,1
(198,99),1,1
(198,100),1,1
(198,110),1,1
(198,112),1,1
(198,113),1,1
(198,114),1,1
(198,122),1,1
(198,129),1,1
(198,132),1,1
(198,137),1,1
(198,143),1,1
(198,151),1,1
(198,152),1,1
(198,158),1,1
(198,161),1,1
(198,162),1,1
(198,169),1,1
(198,182),1,1
(199,70),1,1
(199,99),1,1
(199,158),1,1
