Nr_Pairs = 190
Nr_NDD = 10
Nr_Arcs = 3664
0,0,2,0,0
1,0,2,0,0
2,0,1,1,0
3,0,0,3,2
4,0,0,2,2
5,0,3,0,0
6,0,1,0,2
7,0,1,0,2
8,0,1,0,0
9,0,1,0,1
10,0,1,1,2
11,0,2,0,1
12,0,2,0,1
13,0,0,1,2
14,0,1,0,0
15,0,1,1,2
16,0,1,0,0
17,0,0,1,2
18,0,1,0,0
19,0,1,0,0
20,0,2,0,2
21,0,1,0,0
22,0,1,1,2
23,0,0,0,2
24,0,0,0,2
25,0,0,1,2
26,0,1,1,2
27,0,0,0,2
28,0,1,1,2
29,0,0,0,2
30,0,0,0,1
31,0,2,1,1
32,0,2,3,2
33,0,1,0,2
34,0,2,0,0
35,0,0,0,2
36,0,0,0,2
37,0,1,1,2
38,0,0,0,1
39,0,2,0,0
40,0,1,0,1
41,0,1,0,2
42,0,1,0,2
43,0,2,0,0
44,0,1,0,2
45,0,1,0,2
46,0,1,0,2
47,0,2,3,2
48,0,1,2,2
49,0,2,0,1
50,0,0,0,1
51,0,2,0,2
52,0,1,0,2
53,0,0,0,2
54,0,1,0,1
55,0,0,0,0
56,0,1,1,2
57,0,1,1,2
58,0,0,2,2
59,0,0,2,2
60,0,2,0,1
61,0,0,1,2
62,0,0,0,1
63,0,1,0,0
64,0,1,1,2
65,0,1,0,2
66,0,1,2,0
67,0,0,0,2
68,0,2,1,2
69,0,1,1,1
70,0,1,2,0
71,0,1,0,0
72,0,1,0,2
73,0,2,1,2
74,0,1,0,0
75,0,2,1,2
76,0,2,2,2
77,0,2,0,2
78,0,0,1,2
79,0,0,1,2
80,0,1,0,0
81,0,1,0,1
82,0,0,0,2
83,0,1,2,0
84,0,1,1,2
85,0,0,0,2
86,0,0,1,2
87,0,1,0,2
88,0,1,0,0
89,0,1,1,2
90,0,1,0,0
91,0,1,1,2
92,0,0,0,2
93,0,1,1,2
94,0,0,0,2
95,0,1,0,2
96,0,0,2,1
97,0,0,0,2
98,0,0,2,2
99,0,1,0,2
100,0,1,0,1
101,0,2,2,0
102,0,2,0,1
103,0,1,0,2
104,0,1,0,1
105,0,1,0,2
106,0,0,2,2
107,0,1,1,2
108,0,2,1,0
109,0,1,1,2
110,0,1,1,2
111,0,2,0,1
112,0,1,1,2
113,0,2,0,2
114,0,1,1,2
115,0,1,0,0
116,0,1,0,0
117,0,0,0,2
118,0,1,0,2
119,0,0,0,2
120,0,1,1,2
121,0,0,0,1
122,0,1,1,2
123,0,1,1,2
124,0,0,0,2
125,0,1,0,0
126,0,0,0,1
127,0,1,0,1
128,0,1,0,0
129,0,2,1,2
130,0,1,0,2
131,0,1,1,1
132,0,1,0,0
133,0,1,0,0
134,0,0,0,2
135,0,1,0,0
136,0,1,0,2
137,0,0,0,2
138,0,1,0,0
139,0,1,0,2
140,0,2,2,2
141,0,0,0,2
142,0,0,0,2
143,0,1,0,0
144,0,1,2,0
145,0,1,0,2
146,0,2,0,2
147,0,2,0,2
148,0,1,0,0
149,0,1,0,1
150,0,0,1,2
151,0,1,0,2
152,0,1,0,1
153,0,1,0,2
154,0,1,0,2
155,0,1,1,2
156,0,1,0,2
157,0,1,0,0
158,0,2,0,2
159,0,1,2,0
160,0,0,0,2
161,0,0,0,2
162,0,2,0,2
163,0,1,0,2
164,0,0,1,2
165,0,1,0,2
166,0,1,1,2
167,0,0,0,2
168,0,2,1,2
169,0,0,1,2
170,0,0,0,0
171,0,0,0,2
172,0,1,0,2
173,0,0,1,2
174,0,1,0,0
175,0,0,0,2
176,0,2,2,2
177,0,1,0,0
178,0,3,0,1
179,0,1,0,0
180,0,0,1,2
181,0,0,1,2
182,0,2,0,0
183,0,1,0,2
184,0,1,0,2
185,0,0,2,1
186,0,0,2,2
187,0,1,0,1
188,0,0,1,2
189,0,0,1,2
190,1,1,0,0
191,1,0,0,0
192,1,0,0,0
193,1,0,0,0
194,1,0,0,0
195,1,1,0,0
196,1,1,0,0
197,1,0,0,0
198,1,0,0,0
199,1,1,1,2
(0,66),1,48
(0,70),1,49
(0,144),1,64
(0,159),1,4
(0,185),1,43
(1,66),1,75
(1,70),1,69
(1,83),1,44
(1,101),1,34
(1,144),1,24
(1,159),1,82
(2,17),1,85
(2,108),1,44
(3,0),1,35
(3,1),1,62
(3,2),1,72
(3,5),1,86
(3,8),1,76
(3,11),1,10
(3,18),1,2
(3,19),1,80
(3,21),1,45
(3,34),1,69
(3,35),1,59
(3,39),1,17
(3,43),1,40
(3,50),1,49
(3,54),1,24
(3,60),1,21
(3,62),1,45
(3,63),1,5
(3,66),1,75
(3,70),1,29
(3,71),1,3
(3,74),1,82
(3,80),1,21
(3,83),1,56
(3,88),1,51
(3,90),1,45
(3,100),1,89
(3,102),1,52
(3,104),1,42
(3,108),1,84
(3,115),1,41
(3,116),1,85
(3,125),1,36
(3,126),1,0
(3,128),1,18
(3,132),1,80
(3,133),1,87
(3,134),1,41
(3,135),1,19
(3,138),1,73
(3,143),1,14
(3,144),1,53
(3,153),1,37
(3,157),1,81
(3,159),1,33
(3,170),1,81
(3,174),1,17
(3,177),1,74
(3,182),1,29
(3,185),1,80
(4,0),1,78
(4,1),1,72
(4,2),1,18
(4,5),1,88
(4,8),1,41
(4,14),1,6
(4,16),1,47
(4,18),1,18
(4,19),1,21
(4,21),1,6
(4,27),1,22
(4,31),1,46
(4,34),1,54
(4,38),1,74
(4,43),1,3
(4,45),1,18
(4,49),1,20
(4,50),1,15
(4,54),1,17
(4,55),1,53
(4,60),1,34
(4,63),1,29
(4,66),1,47
(4,70),1,87
(4,71),1,7
(4,74),1,64
(4,76),1,27
(4,80),1,51
(4,81),1,59
(4,90),1,57
(4,108),1,67
(4,115),1,71
(4,116),1,65
(4,121),1,67
(4,125),1,47
(4,126),1,3
(4,128),1,33
(4,131),1,7
(4,132),1,1
(4,133),1,27
(4,135),1,18
(4,138),1,4
(4,143),1,39
(4,144),1,62
(4,149),1,43
(4,157),1,57
(4,159),1,60
(4,170),1,63
(4,174),1,43
(4,182),1,19
(6,56),1,14
(6,69),1,2
(6,108),1,43
(7,2),1,54
(7,108),1,79
(7,131),1,19
(7,168),1,75
(8,2),1,63
(8,108),1,28
(9,2),1,62
(9,108),1,20
(10,2),1,55
(10,89),1,87
(10,108),1,10
(10,110),1,20
(11,66),1,88
(11,70),1,82
(11,76),1,61
(11,101),1,87
(11,140),1,3
(11,144),1,41
(11,159),1,59
(12,66),1,3
(12,70),1,67
(12,96),1,29
(12,144),1,39
(12,159),1,25
(13,0),1,41
(13,1),1,70
(13,5),1,24
(13,8),1,56
(13,11),1,27
(13,14),1,80
(13,16),1,74
(13,18),1,35
(13,19),1,8
(13,21),1,21
(13,34),1,42
(13,43),1,85
(13,63),1,54
(13,66),1,17
(13,69),1,30
(13,70),1,10
(13,71),1,46
(13,74),1,32
(13,76),1,4
(13,80),1,16
(13,83),1,35
(13,88),1,41
(13,90),1,24
(13,96),1,32
(13,106),1,15
(13,108),1,28
(13,115),1,8
(13,116),1,21
(13,121),1,9
(13,125),1,65
(13,128),1,65
(13,132),1,62
(13,133),1,52
(13,135),1,48
(13,138),1,0
(13,143),1,8
(13,144),1,83
(13,148),1,66
(13,159),1,47
(13,174),1,63
(13,178),1,54
(13,179),1,59
(13,182),1,22
(14,2),1,24
(14,15),1,74
(14,17),1,66
(14,108),1,30
(15,69),1,78
(15,108),1,0
(16,2),1,54
(16,31),1,21
(16,108),1,18
(16,131),1,0
(17,0),1,46
(17,1),1,71
(17,5),1,49
(17,8),1,83
(17,14),1,26
(17,15),1,21
(17,16),1,49
(17,18),1,61
(17,19),1,67
(17,21),1,71
(17,28),1,72
(17,31),1,3
(17,34),1,41
(17,35),1,83
(17,43),1,62
(17,55),1,73
(17,60),1,43
(17,62),1,38
(17,63),1,79
(17,66),1,27
(17,68),1,27
(17,70),1,49
(17,71),1,59
(17,74),1,40
(17,76),1,55
(17,80),1,62
(17,81),1,54
(17,83),1,19
(17,88),1,18
(17,90),1,85
(17,101),1,75
(17,102),1,8
(17,104),1,39
(17,108),1,54
(17,115),1,80
(17,116),1,9
(17,121),1,61
(17,125),1,65
(17,128),1,73
(17,132),1,15
(17,133),1,65
(17,135),1,22
(17,138),1,3
(17,143),1,53
(17,144),1,51
(17,145),1,49
(17,157),1,38
(17,159),1,34
(17,172),1,33
(17,174),1,59
(17,179),1,7
(17,182),1,88
(17,185),1,6
(18,2),1,14
(18,56),1,59
(18,108),1,63
(18,131),1,14
(19,2),1,24
(19,28),1,11
(19,75),1,32
(19,108),1,87
(20,66),1,6
(20,70),1,69
(20,83),1,0
(20,101),1,4
(20,144),1,36
(20,159),1,63
(21,26),1,38
(21,108),1,1
(22,2),1,32
(22,15),1,50
(22,37),1,55
(22,108),1,23
(22,131),1,40
(23,0),1,32
(23,1),1,47
(23,5),1,26
(23,8),1,88
(23,14),1,83
(23,18),1,81
(23,19),1,36
(23,21),1,9
(23,31),1,56
(23,34),1,46
(23,39),1,31
(23,40),1,37
(23,43),1,27
(23,44),1,26
(23,45),1,79
(23,62),1,69
(23,63),1,48
(23,66),1,80
(23,69),1,12
(23,70),1,69
(23,71),1,48
(23,74),1,23
(23,75),1,31
(23,80),1,69
(23,83),1,10
(23,90),1,4
(23,96),1,48
(23,104),1,87
(23,108),1,77
(23,115),1,24
(23,116),1,19
(23,125),1,23
(23,128),1,7
(23,132),1,9
(23,133),1,5
(23,135),1,36
(23,138),1,88
(23,143),1,48
(23,149),1,8
(23,151),1,15
(23,152),1,46
(23,159),1,44
(23,170),1,64
(23,174),1,29
(23,177),1,44
(23,179),1,73
(23,182),1,10
(24,0),1,24
(24,1),1,77
(24,5),1,24
(24,8),1,22
(24,12),1,89
(24,14),1,70
(24,16),1,65
(24,18),1,49
(24,19),1,51
(24,21),1,70
(24,31),1,77
(24,34),1,54
(24,43),1,26
(24,45),1,89
(24,60),1,11
(24,63),1,3
(24,66),1,33
(24,69),1,32
(24,71),1,16
(24,74),1,42
(24,80),1,14
(24,83),1,50
(24,88),1,19
(24,90),1,77
(24,99),1,5
(24,108),1,3
(24,115),1,81
(24,116),1,89
(24,128),1,84
(24,131),1,60
(24,132),1,65
(24,133),1,35
(24,135),1,36
(24,138),1,37
(24,143),1,49
(24,144),1,16
(24,147),1,13
(24,149),1,65
(24,159),1,87
(24,170),1,89
(24,174),1,2
(24,177),1,36
(24,179),1,60
(24,182),1,72
(24,189),1,89
(25,0),1,24
(25,1),1,69
(25,5),1,22
(25,8),1,48
(25,14),1,55
(25,15),1,57
(25,18),1,50
(25,19),1,47
(25,21),1,74
(25,34),1,62
(25,39),1,70
(25,41),1,20
(25,43),1,29
(25,50),1,59
(25,55),1,53
(25,60),1,5
(25,63),1,35
(25,66),1,0
(25,70),1,85
(25,71),1,24
(25,74),1,45
(25,80),1,57
(25,81),1,32
(25,90),1,55
(25,103),1,8
(25,108),1,33
(25,111),1,58
(25,115),1,37
(25,116),1,51
(25,118),1,43
(25,126),1,89
(25,128),1,37
(25,132),1,72
(25,133),1,30
(25,135),1,62
(25,138),1,0
(25,143),1,21
(25,153),1,15
(25,157),1,43
(25,159),1,2
(25,170),1,80
(25,174),1,74
(25,177),1,77
(25,179),1,28
(25,182),1,12
(26,2),1,25
(26,75),1,78
(26,108),1,58
(26,110),1,2
(27,0),1,4
(27,1),1,43
(27,5),1,35
(27,7),1,5
(27,8),1,37
(27,9),1,89
(27,14),1,84
(27,16),1,83
(27,18),1,16
(27,19),1,73
(27,21),1,54
(27,30),1,69
(27,34),1,9
(27,39),1,72
(27,40),1,38
(27,43),1,39
(27,55),1,64
(27,63),1,11
(27,66),1,20
(27,70),1,86
(27,71),1,34
(27,74),1,69
(27,75),1,23
(27,80),1,82
(27,83),1,29
(27,88),1,88
(27,89),1,70
(27,90),1,7
(27,96),1,79
(27,108),1,78
(27,115),1,23
(27,116),1,65
(27,121),1,11
(27,125),1,27
(27,128),1,21
(27,131),1,78
(27,132),1,44
(27,133),1,63
(27,135),1,43
(27,137),1,86
(27,138),1,59
(27,143),1,53
(27,144),1,18
(27,159),1,53
(27,162),1,4
(27,170),1,38
(27,174),1,76
(27,177),1,53
(27,179),1,63
(27,182),1,30
(28,108),1,54
(29,0),1,30
(29,1),1,74
(29,2),1,1
(29,5),1,4
(29,8),1,53
(29,15),1,81
(29,16),1,59
(29,18),1,25
(29,19),1,72
(29,21),1,84
(29,34),1,82
(29,43),1,13
(29,63),1,2
(29,66),1,79
(29,71),1,56
(29,74),1,66
(29,80),1,41
(29,83),1,86
(29,88),1,68
(29,90),1,36
(29,96),1,10
(29,100),1,30
(29,108),1,47
(29,115),1,18
(29,116),1,79
(29,125),1,40
(29,127),1,38
(29,128),1,27
(29,132),1,69
(29,133),1,53
(29,135),1,65
(29,143),1,18
(29,144),1,0
(29,148),1,42
(29,157),1,8
(29,159),1,30
(29,174),1,46
(29,177),1,46
(29,178),1,48
(29,179),1,24
(29,182),1,73
(29,187),1,4
(30,0),1,59
(30,1),1,3
(30,2),1,53
(30,5),1,68
(30,8),1,7
(30,11),1,32
(30,14),1,50
(30,18),1,65
(30,19),1,3
(30,21),1,3
(30,28),1,36
(30,34),1,74
(30,43),1,22
(30,49),1,88
(30,50),1,48
(30,52),1,74
(30,63),1,24
(30,66),1,63
(30,70),1,13
(30,71),1,23
(30,74),1,6
(30,80),1,52
(30,88),1,14
(30,90),1,49
(30,96),1,58
(30,101),1,25
(30,102),1,68
(30,108),1,35
(30,115),1,51
(30,116),1,21
(30,121),1,76
(30,128),1,43
(30,132),1,26
(30,133),1,17
(30,135),1,19
(30,138),1,64
(30,143),1,29
(30,144),1,62
(30,148),1,51
(30,157),1,64
(30,159),1,0
(30,168),1,0
(30,174),1,41
(30,177),1,38
(30,182),1,48
(30,187),1,78
(31,66),1,3
(31,70),1,48
(31,159),1,67
(31,185),1,55
(32,66),1,34
(32,70),1,51
(32,83),1,44
(32,96),1,16
(32,101),1,85
(32,106),1,64
(32,144),1,2
(32,159),1,75
(33,2),1,33
(33,15),1,11
(33,75),1,17
(33,108),1,0
(33,131),1,74
(34,48),1,36
(34,66),1,9
(34,70),1,53
(34,83),1,24
(34,96),1,66
(34,101),1,34
(34,106),1,16
(34,144),1,68
(34,159),1,44
(35,0),1,66
(35,1),1,69
(35,2),1,46
(35,5),1,39
(35,8),1,88
(35,12),1,85
(35,14),1,7
(35,16),1,77
(35,18),1,55
(35,19),1,59
(35,21),1,45
(35,33),1,14
(35,34),1,42
(35,38),1,78
(35,40),1,62
(35,43),1,49
(35,63),1,73
(35,66),1,89
(35,70),1,34
(35,71),1,56
(35,74),1,32
(35,80),1,58
(35,83),1,59
(35,86),1,8
(35,88),1,27
(35,90),1,89
(35,93),1,63
(35,96),1,69
(35,101),1,58
(35,103),1,40
(35,108),1,85
(35,115),1,30
(35,116),1,53
(35,128),1,44
(35,132),1,52
(35,133),1,77
(35,135),1,19
(35,138),1,83
(35,143),1,48
(35,144),1,48
(35,147),1,13
(35,148),1,89
(35,149),1,55
(35,157),1,21
(35,159),1,75
(35,174),1,82
(35,177),1,4
(35,178),1,2
(35,179),1,35
(35,182),1,28
(35,187),1,15
(36,0),1,2
(36,1),1,68
(36,2),1,25
(36,5),1,23
(36,8),1,36
(36,14),1,29
(36,16),1,59
(36,18),1,85
(36,19),1,29
(36,21),1,22
(36,34),1,27
(36,39),1,21
(36,43),1,75
(36,48),1,28
(36,49),1,47
(36,63),1,5
(36,66),1,62
(36,69),1,67
(36,70),1,3
(36,71),1,45
(36,74),1,66
(36,80),1,17
(36,83),1,29
(36,88),1,70
(36,90),1,20
(36,101),1,67
(36,108),1,4
(36,115),1,34
(36,116),1,47
(36,127),1,20
(36,128),1,53
(36,132),1,22
(36,133),1,88
(36,135),1,31
(36,138),1,58
(36,143),1,37
(36,144),1,55
(36,157),1,13
(36,159),1,22
(36,170),1,38
(36,174),1,72
(36,177),1,2
(36,182),1,63
(37,2),1,13
(37,69),1,50
(37,108),1,56
(37,131),1,78
(37,168),1,67
(38,0),1,28
(38,1),1,57
(38,2),1,13
(38,5),1,23
(38,8),1,4
(38,14),1,17
(38,15),1,59
(38,18),1,37
(38,19),1,76
(38,21),1,25
(38,33),1,81
(38,34),1,88
(38,39),1,5
(38,43),1,34
(38,54),1,80
(38,62),1,19
(38,63),1,63
(38,66),1,75
(38,70),1,19
(38,71),1,39
(38,74),1,76
(38,80),1,44
(38,81),1,57
(38,83),1,30
(38,88),1,59
(38,90),1,23
(38,99),1,89
(38,100),1,82
(38,101),1,35
(38,108),1,28
(38,115),1,38
(38,116),1,24
(38,121),1,52
(38,127),1,49
(38,128),1,40
(38,132),1,58
(38,133),1,51
(38,135),1,73
(38,138),1,8
(38,143),1,38
(38,145),1,21
(38,159),1,71
(38,170),1,5
(38,172),1,0
(38,174),1,53
(38,177),1,7
(38,179),1,15
(38,182),1,2
(38,185),1,19
(38,187),1,70
(39,66),1,76
(39,70),1,34
(39,83),1,87
(39,101),1,85
(39,144),1,8
(39,159),1,1
(39,185),1,26
(39,186),1,54
(40,31),1,63
(40,69),1,35
(40,108),1,44
(41,2),1,82
(41,108),1,85
(41,169),1,8
(42,15),1,54
(42,108),1,11
(42,188),1,88
(43,66),1,58
(43,70),1,68
(43,96),1,4
(43,101),1,79
(43,144),1,34
(43,159),1,43
(44,2),1,53
(44,15),1,70
(44,108),1,81
(44,131),1,60
(45,2),1,87
(45,108),1,61
(45,131),1,75
(45,169),1,40
(46,108),1,28
(46,131),1,17
(47,66),1,88
(47,70),1,57
(47,83),1,19
(47,144),1,61
(47,159),1,87
(48,69),1,1
(48,108),1,20
(48,131),1,52
(48,188),1,53
(49,59),1,57
(49,66),1,54
(49,70),1,58
(49,83),1,45
(49,96),1,72
(49,101),1,24
(49,144),1,15
(49,159),1,66
(49,185),1,46
(50,0),1,33
(50,1),1,73
(50,5),1,2
(50,8),1,71
(50,11),1,62
(50,14),1,16
(50,16),1,23
(50,18),1,41
(50,19),1,66
(50,21),1,20
(50,24),1,12
(50,30),1,58
(50,34),1,6
(50,40),1,31
(50,43),1,21
(50,49),1,29
(50,55),1,73
(50,62),1,69
(50,63),1,71
(50,66),1,86
(50,70),1,15
(50,71),1,60
(50,74),1,87
(50,75),1,38
(50,80),1,53
(50,81),1,47
(50,83),1,1
(50,88),1,34
(50,90),1,44
(50,96),1,68
(50,101),1,55
(50,108),1,79
(50,115),1,15
(50,116),1,64
(50,118),1,87
(50,121),1,32
(50,125),1,45
(50,128),1,68
(50,131),1,30
(50,132),1,74
(50,133),1,35
(50,135),1,47
(50,138),1,52
(50,143),1,60
(50,144),1,74
(50,148),1,44
(50,152),1,33
(50,159),1,29
(50,161),1,15
(50,162),1,14
(50,170),1,42
(50,174),1,58
(50,176),1,12
(50,177),1,50
(50,179),1,14
(50,182),1,86
(50,187),1,15
(51,66),1,59
(51,70),1,59
(51,83),1,68
(51,101),1,22
(51,144),1,65
(51,159),1,46
(51,185),1,36
(52,68),1,69
(52,108),1,72
(52,110),1,54
(52,131),1,89
(52,188),1,64
(53,0),1,52
(53,1),1,44
(53,2),1,72
(53,5),1,60
(53,8),1,36
(53,11),1,35
(53,14),1,49
(53,18),1,49
(53,19),1,58
(53,21),1,30
(53,34),1,58
(53,43),1,88
(53,50),1,33
(53,57),1,55
(53,63),1,78
(53,66),1,47
(53,70),1,77
(53,71),1,10
(53,74),1,86
(53,76),1,4
(53,80),1,33
(53,83),1,16
(53,90),1,78
(53,100),1,9
(53,101),1,14
(53,108),1,48
(53,115),1,27
(53,116),1,88
(53,121),1,19
(53,125),1,70
(53,128),1,57
(53,132),1,42
(53,133),1,54
(53,135),1,19
(53,138),1,26
(53,143),1,58
(53,144),1,88
(53,149),1,66
(53,153),1,44
(53,157),1,86
(53,159),1,2
(53,168),1,88
(53,169),1,43
(53,170),1,49
(53,174),1,74
(53,177),1,23
(53,179),1,15
(53,182),1,46
(53,185),1,83
(54,2),1,39
(54,108),1,63
(54,131),1,14
(55,0),1,76
(55,1),1,48
(55,5),1,15
(55,8),1,46
(55,14),1,25
(55,18),1,67
(55,19),1,59
(55,21),1,21
(55,34),1,31
(55,38),1,52
(55,39),1,61
(55,43),1,70
(55,50),1,54
(55,56),1,71
(55,59),1,53
(55,60),1,42
(55,63),1,45
(55,66),1,88
(55,70),1,62
(55,71),1,27
(55,74),1,3
(55,76),1,62
(55,80),1,56
(55,81),1,58
(55,83),1,42
(55,88),1,35
(55,90),1,37
(55,101),1,71
(55,104),1,25
(55,108),1,2
(55,111),1,10
(55,115),1,47
(55,116),1,49
(55,117),1,19
(55,128),1,52
(55,131),1,0
(55,132),1,46
(55,133),1,83
(55,135),1,31
(55,138),1,57
(55,143),1,41
(55,144),1,66
(55,145),1,69
(55,149),1,69
(55,157),1,82
(55,159),1,39
(55,170),1,59
(55,174),1,37
(55,177),1,39
(55,179),1,56
(55,182),1,16
(55,188),1,43
(56,2),1,30
(56,89),1,42
(56,108),1,72
(56,131),1,41
(57,2),1,12
(57,15),1,26
(57,108),1,22
(58,0),1,27
(58,1),1,20
(58,5),1,43
(58,8),1,54
(58,14),1,53
(58,16),1,11
(58,18),1,58
(58,19),1,75
(58,21),1,9
(58,30),1,31
(58,34),1,14
(58,39),1,26
(58,43),1,40
(58,49),1,13
(58,63),1,60
(58,66),1,50
(58,70),1,51
(58,71),1,29
(58,74),1,83
(58,80),1,80
(58,81),1,6
(58,83),1,26
(58,90),1,19
(58,93),1,26
(58,96),1,18
(58,101),1,71
(58,108),1,61
(58,115),1,82
(58,116),1,0
(58,121),1,20
(58,127),1,88
(58,128),1,84
(58,132),1,66
(58,133),1,56
(58,135),1,12
(58,138),1,70
(58,143),1,39
(58,144),1,8
(58,157),1,32
(58,159),1,20
(58,168),1,7
(58,170),1,56
(58,174),1,65
(58,176),1,79
(58,177),1,49
(58,179),1,54
(58,182),1,29
(58,185),1,37
(59,0),1,3
(59,1),1,68
(59,5),1,30
(59,8),1,57
(59,14),1,76
(59,18),1,35
(59,19),1,61
(59,21),1,41
(59,31),1,1
(59,34),1,76
(59,39),1,82
(59,43),1,9
(59,49),1,63
(59,56),1,75
(59,60),1,52
(59,63),1,6
(59,66),1,51
(59,70),1,16
(59,71),1,63
(59,74),1,54
(59,80),1,2
(59,81),1,18
(59,83),1,5
(59,88),1,88
(59,90),1,19
(59,101),1,26
(59,104),1,1
(59,108),1,31
(59,110),1,35
(59,115),1,40
(59,116),1,68
(59,125),1,6
(59,127),1,35
(59,128),1,19
(59,132),1,66
(59,133),1,40
(59,135),1,10
(59,138),1,77
(59,143),1,25
(59,144),1,59
(59,152),1,43
(59,153),1,69
(59,159),1,58
(59,170),1,80
(59,174),1,56
(59,177),1,6
(59,179),1,46
(59,182),1,4
(60,59),1,36
(60,66),1,80
(60,70),1,23
(60,83),1,53
(60,144),1,11
(60,159),1,89
(61,0),1,80
(61,1),1,68
(61,5),1,52
(61,8),1,86
(61,16),1,76
(61,18),1,22
(61,19),1,51
(61,21),1,21
(61,34),1,80
(61,43),1,21
(61,62),1,75
(61,63),1,38
(61,66),1,49
(61,70),1,12
(61,71),1,57
(61,74),1,82
(61,80),1,25
(61,83),1,84
(61,88),1,12
(61,90),1,29
(61,100),1,6
(61,105),1,49
(61,108),1,83
(61,110),1,39
(61,115),1,76
(61,116),1,87
(61,118),1,36
(61,121),1,71
(61,127),1,23
(61,128),1,49
(61,132),1,64
(61,133),1,48
(61,135),1,41
(61,138),1,3
(61,143),1,37
(61,144),1,82
(61,147),1,84
(61,148),1,41
(61,151),1,69
(61,152),1,60
(61,155),1,61
(61,157),1,43
(61,159),1,12
(61,174),1,59
(61,175),1,45
(61,177),1,61
(61,178),1,41
(61,179),1,73
(61,182),1,77
(62,0),1,89
(62,1),1,12
(62,5),1,77
(62,8),1,32
(62,18),1,83
(62,19),1,41
(62,21),1,18
(62,30),1,31
(62,34),1,78
(62,35),1,38
(62,39),1,13
(62,43),1,79
(62,50),1,22
(62,52),1,24
(62,54),1,23
(62,55),1,24
(62,63),1,5
(62,66),1,57
(62,70),1,66
(62,71),1,7
(62,74),1,52
(62,80),1,72
(62,81),1,16
(62,90),1,72
(62,100),1,12
(62,104),1,37
(62,108),1,77
(62,115),1,7
(62,116),1,67
(62,121),1,37
(62,127),1,29
(62,128),1,36
(62,132),1,62
(62,133),1,41
(62,135),1,68
(62,138),1,1
(62,143),1,2
(62,144),1,47
(62,148),1,9
(62,152),1,66
(62,159),1,38
(62,170),1,46
(62,174),1,60
(62,177),1,61
(62,178),1,83
(62,182),1,48
(63,2),1,29
(63,108),1,56
(64,108),1,59
(65,2),1,27
(65,75),1,11
(65,108),1,60
(66,31),1,89
(66,108),1,30
(66,131),1,64
(67,0),1,46
(67,1),1,14
(67,5),1,43
(67,8),1,42
(67,14),1,73
(67,16),1,16
(67,18),1,50
(67,19),1,48
(67,21),1,15
(67,24),1,62
(67,26),1,15
(67,34),1,33
(67,35),1,50
(67,43),1,55
(67,54),1,58
(67,55),1,73
(67,63),1,23
(67,66),1,17
(67,70),1,72
(67,71),1,5
(67,74),1,4
(67,80),1,63
(67,81),1,22
(67,89),1,42
(67,90),1,51
(67,96),1,14
(67,100),1,78
(67,105),1,3
(67,108),1,1
(67,115),1,79
(67,116),1,15
(67,121),1,35
(67,127),1,29
(67,128),1,64
(67,132),1,38
(67,133),1,45
(67,135),1,88
(67,138),1,37
(67,143),1,67
(67,144),1,86
(67,145),1,86
(67,148),1,59
(67,153),1,55
(67,158),1,59
(67,159),1,64
(67,161),1,30
(67,168),1,77
(67,174),1,51
(67,177),1,1
(67,179),1,45
(67,182),1,55
(67,185),1,59
(68,66),1,85
(68,70),1,86
(68,144),1,77
(68,159),1,20
(69,2),1,43
(69,28),1,42
(69,108),1,84
(69,188),1,88
(70,2),1,4
(70,69),1,43
(70,93),1,65
(70,108),1,70
(70,110),1,32
(71,2),1,7
(71,89),1,3
(71,108),1,86
(71,131),1,57
(71,168),1,75
(72,15),1,56
(72,69),1,36
(72,108),1,6
(73,66),1,80
(73,70),1,78
(73,83),1,71
(73,96),1,66
(73,144),1,89
(73,159),1,13
(73,185),1,0
(74,2),1,40
(74,68),1,66
(74,86),1,18
(74,108),1,55
(74,131),1,26
(74,168),1,87
(75,66),1,28
(75,70),1,81
(75,96),1,67
(75,101),1,75
(75,144),1,45
(75,159),1,52
(76,66),1,1
(76,101),1,61
(76,144),1,49
(76,159),1,47
(77,66),1,65
(77,70),1,66
(77,83),1,49
(77,144),1,25
(77,159),1,67
(77,185),1,7
(78,0),1,7
(78,1),1,58
(78,2),1,12
(78,5),1,58
(78,8),1,81
(78,16),1,47
(78,18),1,79
(78,19),1,5
(78,21),1,13
(78,30),1,71
(78,34),1,17
(78,43),1,2
(78,55),1,10
(78,63),1,41
(78,66),1,40
(78,70),1,22
(78,71),1,23
(78,74),1,60
(78,80),1,7
(78,81),1,76
(78,83),1,39
(78,88),1,40
(78,90),1,46
(78,100),1,10
(78,101),1,6
(78,104),1,74
(78,105),1,31
(78,108),1,10
(78,115),1,79
(78,116),1,14
(78,121),1,25
(78,128),1,47
(78,132),1,52
(78,133),1,80
(78,134),1,28
(78,135),1,29
(78,138),1,1
(78,143),1,88
(78,144),1,10
(78,147),1,7
(78,157),1,47
(78,159),1,65
(78,174),1,76
(78,178),1,77
(78,179),1,19
(78,182),1,5
(79,0),1,63
(79,1),1,34
(79,2),1,76
(79,5),1,25
(79,8),1,60
(79,14),1,31
(79,15),1,62
(79,18),1,15
(79,19),1,5
(79,21),1,53
(79,31),1,71
(79,34),1,14
(79,40),1,35
(79,41),1,1
(79,43),1,81
(79,50),1,67
(79,54),1,43
(79,55),1,28
(79,56),1,88
(79,60),1,54
(79,62),1,28
(79,63),1,3
(79,66),1,25
(79,69),1,27
(79,70),1,73
(79,71),1,2
(79,74),1,31
(79,80),1,58
(79,81),1,0
(79,83),1,36
(79,90),1,25
(79,96),1,49
(79,100),1,20
(79,101),1,81
(79,104),1,13
(79,106),1,27
(79,108),1,74
(79,115),1,71
(79,116),1,20
(79,121),1,15
(79,127),1,15
(79,128),1,65
(79,132),1,37
(79,133),1,7
(79,135),1,76
(79,138),1,88
(79,143),1,55
(79,144),1,57
(79,151),1,47
(79,152),1,11
(79,153),1,42
(79,157),1,61
(79,159),1,46
(79,170),1,83
(79,174),1,10
(79,178),1,72
(79,179),1,69
(79,182),1,75
(80,15),1,12
(80,108),1,31
(80,131),1,20
(81,2),1,35
(81,68),1,20
(81,108),1,80
(82,0),1,34
(82,1),1,55
(82,2),1,86
(82,5),1,38
(82,8),1,47
(82,14),1,59
(82,16),1,17
(82,18),1,27
(82,19),1,81
(82,21),1,59
(82,30),1,1
(82,31),1,27
(82,34),1,53
(82,39),1,80
(82,43),1,36
(82,49),1,16
(82,63),1,28
(82,66),1,78
(82,70),1,32
(82,71),1,34
(82,74),1,53
(82,80),1,33
(82,83),1,21
(82,86),1,66
(82,88),1,69
(82,90),1,76
(82,96),1,16
(82,100),1,69
(82,108),1,43
(82,115),1,40
(82,116),1,57
(82,118),1,1
(82,126),1,35
(82,127),1,66
(82,128),1,6
(82,132),1,10
(82,133),1,82
(82,135),1,54
(82,143),1,76
(82,144),1,26
(82,148),1,42
(82,159),1,46
(82,170),1,49
(82,174),1,18
(82,177),1,35
(82,179),1,36
(82,182),1,14
(82,185),1,54
(83,108),1,37
(83,169),1,28
(84,15),1,53
(84,69),1,68
(84,108),1,36
(85,0),1,17
(85,1),1,0
(85,5),1,39
(85,8),1,69
(85,12),1,13
(85,18),1,38
(85,19),1,28
(85,21),1,86
(85,28),1,80
(85,34),1,31
(85,39),1,4
(85,43),1,25
(85,49),1,74
(85,56),1,84
(85,62),1,67
(85,63),1,73
(85,66),1,57
(85,70),1,81
(85,71),1,60
(85,74),1,25
(85,75),1,4
(85,80),1,57
(85,81),1,86
(85,83),1,1
(85,90),1,59
(85,100),1,20
(85,108),1,50
(85,111),1,59
(85,115),1,88
(85,116),1,53
(85,125),1,26
(85,128),1,42
(85,132),1,53
(85,133),1,48
(85,135),1,49
(85,138),1,53
(85,143),1,30
(85,144),1,86
(85,152),1,81
(85,159),1,2
(85,162),1,65
(85,172),1,45
(85,174),1,0
(85,177),1,68
(85,182),1,77
(86,0),1,29
(86,1),1,79
(86,2),1,80
(86,5),1,11
(86,8),1,26
(86,14),1,61
(86,16),1,73
(86,18),1,62
(86,19),1,65
(86,21),1,18
(86,34),1,79
(86,40),1,81
(86,43),1,51
(86,50),1,14
(86,54),1,89
(86,56),1,22
(86,60),1,37
(86,62),1,14
(86,63),1,33
(86,66),1,32
(86,69),1,18
(86,70),1,48
(86,71),1,79
(86,74),1,28
(86,76),1,6
(86,80),1,9
(86,88),1,62
(86,90),1,12
(86,96),1,49
(86,104),1,7
(86,108),1,79
(86,115),1,46
(86,116),1,33
(86,118),1,66
(86,121),1,62
(86,125),1,18
(86,127),1,84
(86,128),1,50
(86,131),1,89
(86,132),1,46
(86,133),1,72
(86,135),1,38
(86,138),1,3
(86,143),1,45
(86,144),1,25
(86,152),1,14
(86,157),1,14
(86,159),1,77
(86,162),1,56
(86,174),1,71
(86,179),1,67
(86,182),1,73
(87,2),1,25
(87,15),1,29
(87,31),1,21
(87,108),1,45
(87,131),1,77
(87,155),1,4
(87,188),1,32
(88,2),1,37
(88,26),1,4
(88,56),1,26
(88,108),1,54
(88,131),1,6
(88,169),1,38
(89,2),1,19
(89,86),1,62
(89,108),1,79
(89,168),1,35
(90,2),1,26
(90,15),1,9
(90,31),1,7
(90,108),1,1
(90,188),1,79
(91,2),1,22
(91,108),1,43
(91,110),1,29
(92,0),1,0
(92,1),1,4
(92,5),1,61
(92,8),1,85
(92,9),1,62
(92,12),1,74
(92,14),1,53
(92,18),1,10
(92,19),1,49
(92,21),1,53
(92,24),1,62
(92,34),1,88
(92,39),1,71
(92,43),1,59
(92,49),1,81
(92,50),1,27
(92,55),1,85
(92,63),1,17
(92,66),1,25
(92,70),1,10
(92,71),1,64
(92,74),1,50
(92,75),1,42
(92,80),1,2
(92,81),1,42
(92,83),1,77
(92,88),1,80
(92,90),1,82
(92,96),1,77
(92,99),1,34
(92,104),1,35
(92,108),1,19
(92,110),1,78
(92,115),1,27
(92,116),1,11
(92,126),1,44
(92,127),1,24
(92,128),1,28
(92,132),1,87
(92,133),1,85
(92,135),1,54
(92,138),1,13
(92,143),1,64
(92,144),1,16
(92,152),1,18
(92,154),1,28
(92,157),1,86
(92,158),1,80
(92,159),1,34
(92,174),1,58
(92,177),1,26
(92,179),1,50
(92,182),1,65
(93,2),1,8
(93,108),1,31
(93,168),1,5
(94,0),1,0
(94,1),1,85
(94,2),1,52
(94,5),1,6
(94,8),1,59
(94,16),1,84
(94,18),1,27
(94,19),1,18
(94,21),1,74
(94,34),1,8
(94,39),1,63
(94,43),1,1
(94,49),1,44
(94,50),1,17
(94,55),1,23
(94,60),1,86
(94,63),1,24
(94,66),1,11
(94,70),1,38
(94,71),1,32
(94,74),1,22
(94,80),1,44
(94,83),1,67
(94,88),1,6
(94,90),1,12
(94,108),1,49
(94,111),1,46
(94,115),1,69
(94,116),1,69
(94,118),1,5
(94,121),1,8
(94,127),1,60
(94,128),1,31
(94,132),1,29
(94,133),1,23
(94,135),1,77
(94,138),1,24
(94,143),1,7
(94,144),1,41
(94,148),1,86
(94,159),1,59
(94,174),1,1
(94,177),1,5
(94,179),1,23
(94,182),1,52
(94,183),1,57
(95,68),1,13
(95,75),1,54
(95,108),1,34
(96,0),1,46
(96,1),1,15
(96,2),1,71
(96,5),1,7
(96,8),1,48
(96,16),1,33
(96,18),1,87
(96,19),1,53
(96,21),1,60
(96,34),1,62
(96,39),1,87
(96,43),1,63
(96,49),1,72
(96,55),1,77
(96,60),1,27
(96,63),1,43
(96,66),1,44
(96,68),1,34
(96,70),1,48
(96,71),1,78
(96,74),1,7
(96,75),1,60
(96,80),1,16
(96,83),1,49
(96,87),1,68
(96,90),1,11
(96,101),1,15
(96,104),1,39
(96,105),1,57
(96,108),1,79
(96,115),1,34
(96,116),1,20
(96,121),1,34
(96,127),1,50
(96,128),1,0
(96,131),1,46
(96,132),1,62
(96,133),1,41
(96,135),1,68
(96,138),1,87
(96,143),1,22
(96,144),1,84
(96,145),1,22
(96,147),1,65
(96,148),1,52
(96,157),1,63
(96,159),1,2
(96,169),1,31
(96,170),1,66
(96,174),1,62
(96,177),1,16
(96,178),1,46
(96,179),1,65
(96,182),1,14
(96,189),1,45
(97,0),1,52
(97,1),1,45
(97,2),1,54
(97,5),1,31
(97,8),1,64
(97,14),1,4
(97,16),1,19
(97,18),1,41
(97,19),1,65
(97,21),1,54
(97,34),1,47
(97,39),1,13
(97,43),1,8
(97,50),1,47
(97,54),1,40
(97,63),1,54
(97,66),1,45
(97,70),1,26
(97,71),1,13
(97,74),1,70
(97,80),1,70
(97,81),1,32
(97,83),1,2
(97,88),1,40
(97,90),1,71
(97,96),1,54
(97,101),1,20
(97,108),1,40
(97,115),1,12
(97,116),1,39
(97,125),1,23
(97,127),1,85
(97,128),1,78
(97,131),1,7
(97,132),1,35
(97,133),1,44
(97,135),1,62
(97,138),1,53
(97,143),1,45
(97,144),1,77
(97,148),1,18
(97,153),1,49
(97,157),1,79
(97,159),1,0
(97,170),1,39
(97,174),1,58
(97,182),1,56
(98,0),1,6
(98,1),1,14
(98,5),1,0
(98,8),1,43
(98,11),1,17
(98,14),1,29
(98,16),1,50
(98,18),1,56
(98,19),1,48
(98,21),1,9
(98,34),1,28
(98,35),1,36
(98,43),1,33
(98,49),1,44
(98,62),1,70
(98,63),1,67
(98,66),1,56
(98,70),1,13
(98,71),1,74
(98,74),1,38
(98,80),1,52
(98,83),1,70
(98,88),1,30
(98,90),1,51
(98,100),1,62
(98,101),1,25
(98,102),1,21
(98,108),1,17
(98,115),1,26
(98,116),1,48
(98,125),1,53
(98,128),1,88
(98,132),1,75
(98,133),1,4
(98,135),1,25
(98,138),1,40
(98,143),1,56
(98,144),1,15
(98,148),1,71
(98,151),1,24
(98,157),1,77
(98,159),1,79
(98,170),1,54
(98,174),1,82
(98,179),1,2
(98,182),1,27
(98,185),1,1
(99,2),1,40
(99,57),1,48
(99,68),1,16
(99,108),1,31
(100,37),1,10
(100,89),1,71
(100,108),1,75
(100,131),1,22
(100,168),1,80
(101,4),1,33
(101,66),1,46
(101,70),1,89
(101,83),1,70
(101,144),1,86
(101,159),1,20
(102,66),1,67
(102,70),1,68
(102,83),1,66
(102,96),1,61
(102,144),1,17
(102,159),1,7
(102,185),1,8
(103,2),1,76
(103,75),1,26
(103,108),1,52
(104,2),1,82
(104,108),1,13
(104,169),1,0
(105,2),1,16
(105,31),1,51
(105,69),1,49
(105,108),1,84
(105,131),1,67
(106,0),1,14
(106,1),1,73
(106,2),1,65
(106,5),1,44
(106,8),1,61
(106,11),1,86
(106,14),1,77
(106,18),1,72
(106,19),1,56
(106,21),1,80
(106,31),1,82
(106,34),1,50
(106,39),1,33
(106,43),1,69
(106,49),1,53
(106,50),1,15
(106,56),1,86
(106,63),1,87
(106,66),1,32
(106,70),1,25
(106,71),1,45
(106,74),1,57
(106,80),1,1
(106,88),1,79
(106,90),1,58
(106,96),1,48
(106,108),1,48
(106,115),1,85
(106,116),1,2
(106,118),1,37
(106,121),1,35
(106,125),1,55
(106,128),1,16
(106,132),1,18
(106,133),1,0
(106,135),1,23
(106,138),1,28
(106,143),1,26
(106,144),1,87
(106,153),1,56
(106,157),1,54
(106,159),1,4
(106,169),1,33
(106,172),1,47
(106,174),1,86
(106,177),1,22
(106,178),1,19
(106,179),1,64
(106,182),1,55
(106,185),1,9
(107,2),1,38
(107,69),1,87
(107,86),1,8
(107,89),1,14
(107,108),1,86
(107,169),1,63
(108,66),1,40
(108,70),1,62
(108,83),1,65
(108,96),1,55
(108,106),1,13
(108,144),1,79
(108,159),1,41
(109,2),1,77
(109,56),1,40
(109,108),1,70
(109,131),1,44
(110,69),1,30
(110,108),1,10
(111,66),1,39
(111,70),1,48
(111,83),1,40
(111,106),1,17
(111,144),1,53
(111,159),1,54
(111,185),1,36
(112,2),1,86
(112,56),1,30
(112,108),1,87
(113,66),1,62
(113,70),1,54
(113,83),1,84
(113,101),1,47
(113,144),1,58
(113,159),1,77
(114,69),1,68
(114,108),1,49
(114,131),1,6
(115,68),1,56
(115,86),1,5
(115,108),1,12
(115,189),1,1
(116,31),1,80
(116,69),1,14
(116,108),1,39
(116,169),1,13
(117,0),1,29
(117,1),1,16
(117,5),1,23
(117,8),1,72
(117,16),1,14
(117,18),1,22
(117,19),1,52
(117,21),1,15
(117,34),1,74
(117,39),1,39
(117,43),1,68
(117,54),1,22
(117,55),1,47
(117,60),1,23
(117,63),1,28
(117,66),1,68
(117,70),1,83
(117,71),1,18
(117,74),1,29
(117,80),1,49
(117,88),1,21
(117,90),1,85
(117,96),1,59
(117,101),1,70
(117,102),1,65
(117,108),1,4
(117,115),1,41
(117,116),1,82
(117,125),1,54
(117,127),1,0
(117,128),1,35
(117,132),1,3
(117,133),1,71
(117,135),1,27
(117,138),1,80
(117,143),1,35
(117,144),1,42
(117,153),1,32
(117,157),1,65
(117,159),1,46
(117,174),1,53
(117,177),1,41
(117,179),1,10
(117,182),1,38
(118,108),1,70
(118,129),1,12
(118,169),1,37
(119,0),1,89
(119,1),1,29
(119,5),1,35
(119,8),1,84
(119,12),1,58
(119,14),1,58
(119,16),1,89
(119,18),1,21
(119,19),1,39
(119,21),1,1
(119,34),1,57
(119,39),1,64
(119,43),1,13
(119,63),1,41
(119,66),1,82
(119,70),1,45
(119,71),1,75
(119,74),1,71
(119,80),1,70
(119,90),1,67
(119,95),1,53
(119,101),1,42
(119,108),1,65
(119,111),1,24
(119,115),1,32
(119,116),1,33
(119,126),1,89
(119,127),1,20
(119,128),1,58
(119,129),1,20
(119,132),1,11
(119,133),1,77
(119,135),1,33
(119,138),1,56
(119,140),1,53
(119,143),1,36
(119,144),1,40
(119,157),1,47
(119,159),1,69
(119,169),1,68
(119,174),1,61
(119,177),1,72
(119,179),1,76
(119,182),1,85
(119,185),1,55
(120,31),1,15
(120,32),1,65
(120,108),1,27
(121,0),1,60
(121,1),1,78
(121,2),1,55
(121,5),1,59
(121,8),1,7
(121,12),1,21
(121,14),1,44
(121,18),1,16
(121,19),1,37
(121,21),1,23
(121,34),1,60
(121,40),1,36
(121,43),1,73
(121,54),1,0
(121,59),1,72
(121,63),1,48
(121,66),1,87
(121,70),1,43
(121,71),1,27
(121,74),1,71
(121,76),1,61
(121,80),1,41
(121,81),1,81
(121,83),1,85
(121,88),1,45
(121,90),1,88
(121,108),1,46
(121,111),1,67
(121,115),1,82
(121,116),1,24
(121,125),1,85
(121,128),1,41
(121,132),1,37
(121,133),1,65
(121,135),1,88
(121,138),1,81
(121,143),1,49
(121,144),1,88
(121,148),1,37
(121,149),1,4
(121,157),1,73
(121,159),1,49
(121,174),1,37
(121,177),1,40
(121,179),1,2
(121,182),1,5
(122,15),1,89
(122,28),1,88
(122,69),1,63
(122,108),1,65
(123,2),1,28
(123,31),1,60
(123,56),1,75
(123,108),1,88
(124,0),1,80
(124,1),1,3
(124,2),1,17
(124,5),1,18
(124,7),1,45
(124,8),1,51
(124,11),1,24
(124,12),1,23
(124,14),1,13
(124,18),1,33
(124,19),1,32
(124,21),1,70
(124,34),1,22
(124,35),1,42
(124,39),1,9
(124,43),1,15
(124,60),1,3
(124,63),1,46
(124,66),1,58
(124,71),1,69
(124,74),1,55
(124,75),1,54
(124,80),1,47
(124,83),1,5
(124,90),1,23
(124,101),1,76
(124,108),1,86
(124,115),1,65
(124,116),1,19
(124,121),1,74
(124,125),1,89
(124,127),1,75
(124,128),1,77
(124,130),1,39
(124,132),1,44
(124,133),1,64
(124,135),1,62
(124,143),1,37
(124,144),1,87
(124,157),1,73
(124,159),1,9
(124,162),1,74
(124,170),1,71
(124,174),1,29
(124,177),1,20
(124,178),1,57
(124,179),1,1
(124,182),1,21
(124,187),1,17
(125,2),1,34
(125,108),1,67
(126,0),1,12
(126,1),1,23
(126,2),1,47
(126,5),1,48
(126,8),1,29
(126,14),1,73
(126,18),1,42
(126,19),1,35
(126,21),1,84
(126,30),1,36
(126,34),1,12
(126,39),1,49
(126,40),1,12
(126,43),1,76
(126,48),1,62
(126,49),1,9
(126,63),1,82
(126,66),1,80
(126,70),1,43
(126,71),1,82
(126,74),1,72
(126,80),1,65
(126,81),1,47
(126,83),1,52
(126,88),1,50
(126,90),1,48
(126,93),1,60
(126,96),1,59
(126,101),1,57
(126,102),1,58
(126,108),1,32
(126,115),1,34
(126,116),1,4
(126,125),1,20
(126,128),1,76
(126,132),1,7
(126,133),1,21
(126,135),1,65
(126,138),1,86
(126,143),1,39
(126,144),1,72
(126,148),1,51
(126,157),1,33
(126,159),1,14
(126,170),1,48
(126,174),1,69
(126,182),1,81
(126,185),1,69
(126,187),1,2
(127,2),1,69
(127,108),1,43
(128,2),1,65
(128,15),1,22
(128,31),1,0
(128,68),1,67
(128,108),1,24
(128,169),1,24
(129,66),1,39
(129,70),1,8
(129,83),1,63
(129,144),1,2
(129,159),1,16
(129,176),1,10
(129,185),1,16
(130,2),1,48
(130,108),1,11
(130,110),1,37
(130,131),1,36
(130,168),1,87
(131,2),1,11
(131,108),1,60
(131,168),1,35
(132,2),1,35
(132,26),1,60
(132,108),1,57
(133,108),1,7
(134,0),1,84
(134,1),1,53
(134,2),1,2
(134,5),1,59
(134,8),1,11
(134,12),1,2
(134,14),1,22
(134,16),1,34
(134,18),1,63
(134,19),1,76
(134,21),1,26
(134,28),1,71
(134,31),1,41
(134,34),1,41
(134,39),1,48
(134,40),1,44
(134,43),1,4
(134,63),1,25
(134,66),1,69
(134,70),1,80
(134,71),1,53
(134,74),1,70
(134,80),1,43
(134,83),1,85
(134,88),1,12
(134,90),1,25
(134,100),1,87
(134,101),1,57
(134,108),1,49
(134,115),1,59
(134,116),1,0
(134,121),1,81
(134,125),1,81
(134,128),1,25
(134,132),1,31
(134,133),1,6
(134,135),1,64
(134,137),1,0
(134,138),1,4
(134,143),1,29
(134,144),1,83
(134,148),1,88
(134,149),1,80
(134,157),1,14
(134,159),1,68
(134,170),1,48
(134,174),1,31
(134,179),1,12
(134,182),1,79
(134,189),1,43
(135,2),1,0
(135,108),1,35
(135,168),1,3
(136,2),1,32
(136,31),1,48
(136,37),1,48
(136,73),1,85
(136,86),1,49
(136,108),1,13
(137,0),1,0
(137,1),1,23
(137,2),1,84
(137,5),1,43
(137,8),1,26
(137,12),1,86
(137,14),1,47
(137,18),1,48
(137,19),1,9
(137,21),1,77
(137,31),1,23
(137,34),1,65
(137,39),1,86
(137,40),1,9
(137,43),1,28
(137,54),1,46
(137,56),1,15
(137,63),1,18
(137,66),1,86
(137,70),1,55
(137,71),1,45
(137,74),1,19
(137,75),1,66
(137,80),1,28
(137,83),1,17
(137,88),1,53
(137,90),1,46
(137,100),1,49
(137,101),1,17
(137,102),1,18
(137,104),1,56
(137,108),1,39
(137,115),1,6
(137,116),1,18
(137,125),1,31
(137,127),1,56
(137,128),1,17
(137,132),1,34
(137,133),1,7
(137,135),1,79
(137,136),1,73
(137,138),1,64
(137,143),1,68
(137,144),1,49
(137,147),1,25
(137,148),1,0
(137,157),1,1
(137,159),1,2
(137,161),1,23
(137,169),1,36
(137,173),1,49
(137,174),1,29
(137,177),1,76
(137,179),1,68
(137,182),1,0
(138,108),1,2
(139,2),1,34
(139,68),1,25
(139,75),1,47
(139,108),1,31
(139,168),1,80
(140,66),1,49
(140,70),1,19
(140,83),1,56
(140,144),1,53
(140,159),1,20
(140,185),1,56
(141,0),1,65
(141,1),1,51
(141,2),1,87
(141,4),1,52
(141,5),1,44
(141,8),1,23
(141,12),1,48
(141,14),1,76
(141,16),1,61
(141,18),1,45
(141,19),1,10
(141,21),1,80
(141,24),1,27
(141,34),1,6
(141,43),1,73
(141,56),1,87
(141,63),1,36
(141,66),1,24
(141,70),1,66
(141,71),1,12
(141,74),1,60
(141,80),1,61
(141,81),1,34
(141,83),1,22
(141,88),1,73
(141,90),1,41
(141,108),1,62
(141,115),1,36
(141,116),1,87
(141,124),1,62
(141,125),1,84
(141,127),1,29
(141,128),1,32
(141,132),1,49
(141,133),1,63
(141,135),1,24
(141,138),1,34
(141,143),1,78
(141,144),1,1
(141,148),1,84
(141,157),1,4
(141,159),1,74
(141,174),1,45
(141,177),1,67
(141,179),1,61
(141,182),1,40
(141,189),1,67
(142,0),1,75
(142,1),1,36
(142,5),1,72
(142,8),1,53
(142,11),1,21
(142,14),1,27
(142,18),1,52
(142,19),1,6
(142,21),1,21
(142,34),1,45
(142,40),1,33
(142,43),1,77
(142,44),1,43
(142,45),1,27
(142,50),1,47
(142,54),1,56
(142,60),1,6
(142,63),1,12
(142,66),1,34
(142,68),1,27
(142,70),1,21
(142,71),1,31
(142,74),1,31
(142,80),1,3
(142,83),1,69
(142,90),1,54
(142,101),1,7
(142,108),1,8
(142,111),1,25
(142,115),1,27
(142,116),1,83
(142,125),1,49
(142,128),1,11
(142,132),1,8
(142,133),1,63
(142,135),1,15
(142,138),1,78
(142,143),1,34
(142,144),1,5
(142,145),1,72
(142,148),1,26
(142,152),1,63
(142,157),1,89
(142,159),1,12
(142,170),1,1
(142,174),1,6
(142,182),1,58
(143,89),1,0
(143,108),1,30
(143,168),1,7
(143,188),1,27
(144,2),1,16
(144,15),1,29
(144,69),1,85
(144,108),1,73
(145,2),1,19
(145,31),1,32
(145,108),1,19
(146,48),1,6
(146,66),1,21
(146,70),1,58
(146,96),1,83
(146,101),1,51
(146,144),1,85
(146,159),1,71
(146,176),1,24
(147,48),1,6
(147,66),1,81
(147,70),1,81
(147,83),1,4
(147,96),1,39
(147,144),1,4
(147,159),1,70
(148,2),1,51
(148,108),1,14
(148,131),1,70
(149,69),1,5
(149,75),1,45
(149,108),1,32
(149,131),1,69
(150,0),1,76
(150,1),1,60
(150,2),1,49
(150,5),1,14
(150,8),1,76
(150,11),1,13
(150,14),1,7
(150,16),1,31
(150,18),1,68
(150,19),1,37
(150,21),1,5
(150,34),1,62
(150,38),1,2
(150,40),1,26
(150,43),1,2
(150,50),1,22
(150,55),1,65
(150,60),1,6
(150,63),1,71
(150,66),1,87
(150,70),1,41
(150,71),1,86
(150,74),1,57
(150,80),1,11
(150,83),1,85
(150,88),1,43
(150,90),1,81
(150,96),1,31
(150,101),1,43
(150,104),1,34
(150,108),1,42
(150,115),1,18
(150,116),1,39
(150,118),1,15
(150,121),1,20
(150,125),1,27
(150,127),1,25
(150,128),1,66
(150,131),1,81
(150,132),1,43
(150,133),1,25
(150,135),1,44
(150,138),1,88
(150,143),1,63
(150,144),1,14
(150,145),1,40
(150,148),1,83
(150,157),1,36
(150,159),1,51
(150,170),1,42
(150,174),1,16
(150,179),1,66
(150,182),1,85
(150,188),1,27
(151,31),1,6
(151,108),1,12
(152,2),1,74
(152,75),1,17
(152,108),1,88
(152,168),1,2
(153,2),1,28
(153,31),1,58
(153,56),1,40
(153,108),1,49
(153,169),1,45
(154,2),1,81
(154,108),1,52
(155,108),1,81
(155,110),1,22
(156,17),1,19
(156,108),1,80
(156,131),1,39
(157,2),1,50
(157,15),1,28
(157,31),1,13
(157,56),1,36
(157,69),1,45
(157,86),1,64
(157,108),1,69
(157,110),1,31
(157,131),1,20
(157,188),1,56
(158,59),1,65
(158,66),1,14
(158,96),1,0
(158,101),1,74
(158,144),1,10
(158,159),1,0
(158,185),1,61
(159,75),1,22
(159,108),1,38
(159,110),1,55
(160,0),1,55
(160,1),1,51
(160,2),1,62
(160,5),1,4
(160,8),1,83
(160,16),1,6
(160,18),1,89
(160,19),1,31
(160,21),1,0
(160,33),1,8
(160,34),1,28
(160,39),1,33
(160,43),1,80
(160,50),1,54
(160,63),1,8
(160,66),1,41
(160,70),1,35
(160,71),1,16
(160,74),1,0
(160,80),1,79
(160,90),1,21
(160,101),1,52
(160,102),1,32
(160,108),1,19
(160,115),1,23
(160,116),1,13
(160,121),1,0
(160,126),1,20
(160,127),1,39
(160,128),1,21
(160,132),1,81
(160,133),1,23
(160,135),1,50
(160,138),1,24
(160,143),1,50
(160,144),1,71
(160,148),1,70
(160,157),1,8
(160,159),1,79
(160,162),1,72
(160,174),1,43
(160,177),1,78
(160,179),1,56
(160,182),1,40
(160,185),1,26
(160,187),1,41
(161,0),1,23
(161,1),1,17
(161,2),1,30
(161,5),1,81
(161,7),1,51
(161,8),1,57
(161,12),1,33
(161,14),1,48
(161,16),1,31
(161,18),1,21
(161,19),1,79
(161,21),1,78
(161,28),1,49
(161,34),1,53
(161,39),1,43
(161,40),1,73
(161,43),1,1
(161,49),1,54
(161,55),1,73
(161,63),1,64
(161,66),1,24
(161,70),1,35
(161,71),1,45
(161,74),1,41
(161,76),1,69
(161,80),1,31
(161,81),1,35
(161,89),1,65
(161,90),1,40
(161,100),1,4
(161,108),1,20
(161,115),1,46
(161,116),1,59
(161,121),1,0
(161,128),1,47
(161,132),1,62
(161,133),1,56
(161,135),1,56
(161,138),1,75
(161,143),1,62
(161,144),1,44
(161,152),1,84
(161,157),1,23
(161,158),1,89
(161,159),1,38
(161,168),1,76
(161,174),1,30
(161,177),1,0
(161,179),1,51
(161,182),1,25
(161,187),1,4
(162,66),1,49
(162,76),1,38
(162,83),1,68
(162,101),1,49
(162,144),1,70
(162,159),1,8
(162,185),1,61
(162,186),1,82
(163,2),1,84
(163,108),1,41
(163,168),1,3
(164,0),1,48
(164,1),1,24
(164,5),1,21
(164,7),1,33
(164,8),1,39
(164,14),1,77
(164,15),1,5
(164,16),1,7
(164,18),1,45
(164,19),1,49
(164,21),1,23
(164,34),1,86
(164,43),1,35
(164,49),1,77
(164,62),1,12
(164,63),1,86
(164,66),1,59
(164,69),1,73
(164,70),1,44
(164,71),1,48
(164,74),1,75
(164,79),1,50
(164,80),1,37
(164,83),1,76
(164,90),1,83
(164,100),1,32
(164,108),1,4
(164,111),1,36
(164,115),1,19
(164,116),1,4
(164,121),1,66
(164,125),1,37
(164,128),1,85
(164,132),1,8
(164,133),1,37
(164,135),1,75
(164,138),1,87
(164,143),1,69
(164,144),1,61
(164,145),1,56
(164,148),1,34
(164,157),1,67
(164,159),1,35
(164,174),1,74
(164,176),1,24
(164,177),1,83
(164,179),1,22
(164,182),1,5
(164,185),1,72
(165,2),1,21
(165,108),1,18
(165,114),1,23
(166,2),1,89
(166,31),1,73
(166,57),1,21
(166,79),1,0
(166,108),1,57
(166,110),1,2
(166,114),1,61
(167,0),1,81
(167,1),1,54
(167,2),1,60
(167,4),1,56
(167,5),1,29
(167,8),1,16
(167,11),1,78
(167,14),1,52
(167,16),1,4
(167,18),1,66
(167,19),1,48
(167,21),1,23
(167,31),1,65
(167,34),1,37
(167,39),1,37
(167,40),1,41
(167,43),1,69
(167,50),1,40
(167,54),1,19
(167,55),1,6
(167,56),1,37
(167,62),1,25
(167,63),1,88
(167,66),1,38
(167,69),1,79
(167,70),1,27
(167,71),1,55
(167,74),1,33
(167,80),1,88
(167,81),1,31
(167,83),1,40
(167,90),1,77
(167,101),1,61
(167,102),1,28
(167,108),1,14
(167,115),1,32
(167,116),1,33
(167,127),1,41
(167,128),1,18
(167,132),1,10
(167,133),1,34
(167,135),1,24
(167,138),1,15
(167,143),1,14
(167,144),1,78
(167,152),1,26
(167,159),1,28
(167,170),1,52
(167,174),1,0
(167,178),1,69
(167,179),1,46
(167,182),1,58
(168,66),1,39
(168,70),1,68
(168,83),1,24
(168,101),1,21
(168,144),1,20
(168,159),1,86
(169,0),1,38
(169,1),1,42
(169,5),1,63
(169,8),1,35
(169,9),1,26
(169,14),1,87
(169,16),1,25
(169,18),1,21
(169,19),1,78
(169,21),1,76
(169,30),1,16
(169,31),1,50
(169,34),1,25
(169,35),1,14
(169,38),1,54
(169,39),1,40
(169,43),1,82
(169,54),1,62
(169,63),1,49
(169,66),1,86
(169,70),1,44
(169,71),1,70
(169,74),1,71
(169,80),1,78
(169,81),1,58
(169,83),1,61
(169,88),1,64
(169,90),1,80
(169,96),1,35
(169,100),1,33
(169,108),1,3
(169,115),1,86
(169,116),1,54
(169,121),1,39
(169,128),1,35
(169,132),1,53
(169,133),1,0
(169,135),1,20
(169,137),1,5
(169,138),1,71
(169,143),1,78
(169,144),1,9
(169,152),1,14
(169,157),1,71
(169,159),1,55
(169,170),1,31
(169,174),1,72
(169,177),1,11
(169,182),1,55
(169,185),1,34
(170,0),1,67
(170,1),1,66
(170,2),1,32
(170,5),1,47
(170,8),1,61
(170,16),1,26
(170,17),1,23
(170,18),1,72
(170,19),1,83
(170,21),1,26
(170,30),1,84
(170,34),1,17
(170,39),1,39
(170,43),1,2
(170,50),1,21
(170,55),1,26
(170,63),1,46
(170,66),1,39
(170,70),1,81
(170,71),1,29
(170,74),1,37
(170,76),1,88
(170,80),1,88
(170,81),1,43
(170,83),1,55
(170,90),1,7
(170,100),1,38
(170,101),1,53
(170,108),1,12
(170,110),1,39
(170,115),1,81
(170,116),1,28
(170,125),1,40
(170,127),1,19
(170,128),1,15
(170,132),1,25
(170,133),1,50
(170,135),1,84
(170,138),1,39
(170,143),1,55
(170,144),1,2
(170,159),1,26
(170,161),1,16
(170,171),1,81
(170,174),1,8
(170,178),1,34
(170,179),1,70
(170,182),1,9
(170,185),1,48
(171,0),1,38
(171,1),1,18
(171,2),1,9
(171,4),1,6
(171,5),1,49
(171,8),1,34
(171,18),1,26
(171,19),1,33
(171,21),1,37
(171,34),1,46
(171,43),1,79
(171,49),1,29
(171,54),1,88
(171,60),1,61
(171,63),1,51
(171,66),1,63
(171,70),1,63
(171,71),1,13
(171,74),1,75
(171,80),1,85
(171,81),1,6
(171,83),1,12
(171,88),1,28
(171,90),1,1
(171,99),1,10
(171,108),1,0
(171,115),1,46
(171,116),1,68
(171,117),1,45
(171,128),1,11
(171,132),1,72
(171,133),1,6
(171,135),1,56
(171,138),1,23
(171,143),1,35
(171,144),1,46
(171,148),1,60
(171,149),1,55
(171,152),1,64
(171,159),1,46
(171,170),1,9
(171,174),1,77
(171,177),1,52
(171,178),1,77
(171,179),1,26
(171,182),1,31
(172,108),1,21
(173,0),1,0
(173,1),1,17
(173,2),1,22
(173,4),1,72
(173,5),1,46
(173,8),1,77
(173,14),1,17
(173,18),1,17
(173,19),1,47
(173,21),1,45
(173,34),1,79
(173,39),1,29
(173,43),1,87
(173,49),1,84
(173,50),1,28
(173,55),1,52
(173,56),1,45
(173,60),1,73
(173,62),1,73
(173,63),1,49
(173,66),1,39
(173,69),1,58
(173,70),1,25
(173,71),1,9
(173,74),1,53
(173,80),1,50
(173,81),1,7
(173,83),1,75
(173,88),1,30
(173,90),1,81
(173,96),1,44
(173,100),1,77
(173,104),1,29
(173,106),1,65
(173,108),1,0
(173,115),1,2
(173,116),1,58
(173,126),1,9
(173,127),1,56
(173,128),1,58
(173,132),1,59
(173,133),1,48
(173,135),1,66
(173,138),1,23
(173,143),1,59
(173,144),1,83
(173,148),1,48
(173,157),1,23
(173,159),1,3
(173,174),1,34
(173,177),1,67
(173,179),1,31
(173,182),1,8
(173,185),1,58
(174,108),1,3
(174,131),1,77
(175,0),1,45
(175,1),1,16
(175,5),1,15
(175,8),1,49
(175,14),1,21
(175,16),1,72
(175,18),1,24
(175,19),1,0
(175,21),1,45
(175,30),1,68
(175,34),1,79
(175,38),1,71
(175,39),1,36
(175,43),1,85
(175,49),1,36
(175,57),1,31
(175,63),1,75
(175,66),1,48
(175,69),1,30
(175,70),1,37
(175,71),1,60
(175,74),1,43
(175,80),1,32
(175,83),1,35
(175,90),1,86
(175,104),1,7
(175,108),1,46
(175,115),1,78
(175,116),1,29
(175,121),1,67
(175,125),1,17
(175,128),1,14
(175,132),1,46
(175,133),1,41
(175,135),1,74
(175,138),1,2
(175,143),1,75
(175,144),1,50
(175,148),1,19
(175,159),1,31
(175,161),1,43
(175,168),1,58
(175,170),1,24
(175,174),1,59
(175,177),1,77
(175,182),1,12
(176,66),1,45
(176,70),1,18
(176,83),1,67
(176,144),1,28
(176,159),1,58
(176,185),1,13
(177,31),1,88
(177,108),1,44
(177,168),1,50
(179,2),1,29
(179,108),1,29
(180,0),1,63
(180,1),1,19
(180,2),1,46
(180,5),1,36
(180,8),1,77
(180,9),1,47
(180,14),1,86
(180,16),1,68
(180,18),1,60
(180,19),1,82
(180,21),1,48
(180,31),1,19
(180,34),1,9
(180,38),1,70
(180,39),1,81
(180,43),1,26
(180,45),1,8
(180,47),1,79
(180,49),1,87
(180,50),1,81
(180,62),1,38
(180,63),1,87
(180,66),1,56
(180,70),1,79
(180,71),1,74
(180,74),1,8
(180,80),1,40
(180,81),1,85
(180,83),1,65
(180,88),1,18
(180,90),1,21
(180,101),1,26
(180,102),1,38
(180,105),1,59
(180,108),1,65
(180,115),1,19
(180,116),1,38
(180,126),1,71
(180,128),1,71
(180,132),1,8
(180,133),1,75
(180,135),1,69
(180,138),1,89
(180,143),1,2
(180,144),1,53
(180,148),1,67
(180,157),1,71
(180,159),1,19
(180,170),1,15
(180,174),1,65
(180,177),1,43
(180,179),1,77
(180,182),1,21
(180,185),1,52
(181,0),1,65
(181,1),1,46
(181,2),1,47
(181,5),1,73
(181,8),1,44
(181,12),1,87
(181,14),1,49
(181,18),1,75
(181,19),1,26
(181,21),1,8
(181,30),1,67
(181,34),1,49
(181,38),1,33
(181,40),1,48
(181,43),1,32
(181,44),1,8
(181,48),1,78
(181,50),1,86
(181,54),1,56
(181,55),1,33
(181,62),1,36
(181,63),1,79
(181,66),1,12
(181,70),1,43
(181,71),1,42
(181,74),1,55
(181,80),1,74
(181,81),1,61
(181,83),1,33
(181,88),1,62
(181,90),1,7
(181,104),1,37
(181,108),1,32
(181,115),1,58
(181,116),1,85
(181,125),1,85
(181,127),1,22
(181,128),1,5
(181,131),1,69
(181,132),1,40
(181,133),1,49
(181,135),1,65
(181,136),1,9
(181,143),1,23
(181,144),1,50
(181,148),1,34
(181,151),1,3
(181,157),1,83
(181,159),1,1
(181,162),1,60
(181,170),1,58
(181,174),1,44
(181,178),1,3
(181,179),1,35
(181,182),1,62
(181,185),1,38
(182,4),1,48
(182,66),1,12
(182,83),1,78
(182,101),1,39
(182,144),1,66
(182,159),1,69
(183,15),1,58
(183,108),1,47
(183,131),1,48
(184,2),1,83
(184,108),1,50
(184,110),1,80
(185,0),1,49
(185,1),1,45
(185,4),1,51
(185,5),1,63
(185,8),1,21
(185,9),1,70
(185,14),1,16
(185,16),1,62
(185,18),1,32
(185,19),1,68
(185,21),1,53
(185,34),1,65
(185,39),1,76
(185,40),1,13
(185,43),1,76
(185,50),1,14
(185,63),1,6
(185,66),1,38
(185,69),1,9
(185,70),1,76
(185,71),1,0
(185,74),1,40
(185,80),1,2
(185,81),1,39
(185,83),1,65
(185,88),1,77
(185,90),1,78
(185,108),1,9
(185,115),1,87
(185,116),1,83
(185,125),1,89
(185,128),1,47
(185,131),1,76
(185,132),1,57
(185,133),1,58
(185,135),1,34
(185,138),1,11
(185,143),1,41
(185,144),1,21
(185,147),1,44
(185,148),1,35
(185,157),1,9
(185,159),1,7
(185,168),1,9
(185,170),1,17
(185,174),1,60
(185,177),1,66
(185,182),1,87
(186,0),1,81
(186,1),1,51
(186,2),1,64
(186,5),1,43
(186,8),1,31
(186,14),1,8
(186,18),1,25
(186,19),1,75
(186,21),1,21
(186,34),1,46
(186,38),1,24
(186,43),1,69
(186,50),1,1
(186,60),1,45
(186,63),1,70
(186,66),1,22
(186,70),1,42
(186,71),1,49
(186,74),1,62
(186,75),1,51
(186,80),1,2
(186,83),1,48
(186,88),1,47
(186,90),1,68
(186,105),1,54
(186,108),1,60
(186,111),1,11
(186,115),1,65
(186,116),1,22
(186,117),1,81
(186,121),1,73
(186,125),1,53
(186,127),1,33
(186,128),1,55
(186,131),1,30
(186,132),1,36
(186,133),1,29
(186,135),1,26
(186,138),1,37
(186,143),1,62
(186,148),1,81
(186,159),1,58
(186,169),1,45
(186,174),1,18
(186,176),1,76
(186,177),1,39
(186,178),1,67
(186,179),1,84
(186,182),1,11
(186,185),1,57
(187,2),1,30
(187,68),1,42
(187,108),1,33
(187,188),1,14
(188,0),1,63
(188,1),1,63
(188,5),1,25
(188,7),1,65
(188,8),1,15
(188,11),1,57
(188,14),1,50
(188,18),1,53
(188,19),1,16
(188,21),1,36
(188,31),1,22
(188,34),1,38
(188,35),1,44
(188,43),1,23
(188,44),1,52
(188,56),1,18
(188,63),1,36
(188,66),1,36
(188,70),1,36
(188,71),1,2
(188,74),1,33
(188,80),1,48
(188,81),1,81
(188,83),1,9
(188,88),1,56
(188,90),1,55
(188,96),1,12
(188,101),1,42
(188,108),1,13
(188,111),1,22
(188,115),1,63
(188,116),1,47
(188,125),1,69
(188,128),1,17
(188,132),1,46
(188,133),1,38
(188,135),1,42
(188,138),1,67
(188,140),1,81
(188,143),1,55
(188,144),1,38
(188,148),1,88
(188,152),1,85
(188,157),1,71
(188,159),1,17
(188,174),1,52
(188,177),1,77
(188,182),1,66
(189,0),1,72
(189,1),1,68
(189,2),1,39
(189,5),1,8
(189,8),1,61
(189,11),1,25
(189,12),1,64
(189,14),1,16
(189,16),1,62
(189,18),1,37
(189,19),1,84
(189,21),1,8
(189,34),1,26
(189,38),1,9
(189,40),1,50
(189,43),1,87
(189,50),1,64
(189,55),1,51
(189,63),1,57
(189,66),1,63
(189,71),1,87
(189,74),1,10
(189,80),1,66
(189,83),1,23
(189,88),1,45
(189,90),1,22
(189,99),1,78
(189,101),1,10
(189,104),1,44
(189,108),1,81
(189,115),1,81
(189,116),1,3
(189,121),1,9
(189,125),1,89
(189,127),1,41
(189,128),1,65
(189,131),1,61
(189,132),1,1
(189,133),1,77
(189,135),1,84
(189,138),1,52
(189,143),1,32
(189,144),1,64
(189,148),1,50
(189,157),1,84
(189,159),1,88
(189,174),1,3
(189,177),1,8
(189,178),1,24
(189,179),1,41
(189,182),1,4
(189,185),1,46
(190,2),1,5
(190,56),1,60
(190,108),1,15
(191,0),1,3
(191,1),1,26
(191,5),1,68
(191,8),1,21
(191,14),1,29
(191,18),1,66
(191,19),1,69
(191,21),1,85
(191,34),1,83
(191,43),1,35
(191,49),1,60
(191,54),1,49
(191,63),1,88
(191,66),1,21
(191,70),1,81
(191,71),1,61
(191,74),1,44
(191,80),1,58
(191,83),1,57
(191,88),1,73
(191,89),1,49
(191,90),1,43
(191,93),1,54
(191,96),1,41
(191,102),1,80
(191,104),1,28
(191,105),1,2
(191,108),1,62
(191,115),1,55
(191,116),1,38
(191,118),1,15
(191,121),1,7
(191,125),1,39
(191,126),1,35
(191,127),1,4
(191,128),1,12
(191,131),1,52
(191,132),1,79
(191,133),1,83
(191,135),1,51
(191,138),1,41
(191,143),1,65
(191,144),1,32
(191,148),1,11
(191,157),1,51
(191,159),1,32
(191,168),1,13
(191,174),1,62
(191,177),1,8
(191,178),1,71
(191,179),1,37
(191,182),1,13
(191,189),1,62
(192,0),1,27
(192,1),1,15
(192,2),1,0
(192,5),1,62
(192,7),1,62
(192,8),1,78
(192,14),1,13
(192,16),1,23
(192,18),1,74
(192,19),1,26
(192,21),1,10
(192,34),1,26
(192,38),1,76
(192,43),1,71
(192,44),1,28
(192,50),1,75
(192,60),1,5
(192,63),1,11
(192,66),1,47
(192,70),1,75
(192,71),1,7
(192,74),1,80
(192,80),1,43
(192,81),1,42
(192,90),1,41
(192,101),1,76
(192,108),1,50
(192,115),1,10
(192,116),1,30
(192,121),1,68
(192,126),1,7
(192,128),1,87
(192,131),1,87
(192,132),1,25
(192,133),1,38
(192,135),1,10
(192,138),1,73
(192,143),1,16
(192,144),1,41
(192,148),1,43
(192,149),1,22
(192,157),1,5
(192,159),1,73
(192,174),1,6
(192,177),1,19
(192,179),1,3
(192,182),1,22
(192,188),1,22
(193,0),1,72
(193,1),1,52
(193,2),1,86
(193,5),1,57
(193,8),1,62
(193,14),1,61
(193,16),1,46
(193,18),1,20
(193,19),1,64
(193,21),1,17
(193,24),1,67
(193,34),1,37
(193,39),1,29
(193,40),1,5
(193,43),1,85
(193,49),1,70
(193,55),1,40
(193,60),1,40
(193,62),1,64
(193,63),1,85
(193,66),1,45
(193,68),1,4
(193,69),1,72
(193,71),1,12
(193,74),1,84
(193,76),1,81
(193,80),1,2
(193,83),1,0
(193,88),1,30
(193,90),1,30
(193,104),1,25
(193,108),1,8
(193,115),1,83
(193,116),1,24
(193,125),1,85
(193,128),1,86
(193,131),1,20
(193,132),1,22
(193,133),1,85
(193,135),1,13
(193,138),1,59
(193,143),1,31
(193,144),1,18
(193,148),1,80
(193,152),1,87
(193,157),1,13
(193,159),1,33
(193,174),1,45
(193,177),1,67
(193,178),1,84
(193,179),1,15
(193,182),1,8
(193,187),1,5
(194,0),1,36
(194,1),1,33
(194,5),1,43
(194,8),1,73
(194,18),1,22
(194,19),1,43
(194,21),1,4
(194,30),1,2
(194,34),1,54
(194,39),1,48
(194,40),1,46
(194,43),1,7
(194,50),1,19
(194,56),1,0
(194,62),1,11
(194,63),1,66
(194,66),1,9
(194,70),1,76
(194,71),1,56
(194,74),1,18
(194,80),1,79
(194,83),1,44
(194,88),1,8
(194,90),1,55
(194,101),1,86
(194,103),1,62
(194,108),1,42
(194,115),1,76
(194,116),1,24
(194,125),1,65
(194,128),1,76
(194,132),1,30
(194,133),1,41
(194,135),1,81
(194,138),1,10
(194,143),1,82
(194,144),1,49
(194,157),1,75
(194,159),1,64
(194,168),1,89
(194,170),1,20
(194,174),1,40
(194,177),1,9
(194,178),1,54
(194,179),1,41
(194,182),1,10
(195,2),1,19
(195,75),1,70
(195,108),1,62
(196,69),1,88
(196,75),1,69
(196,86),1,69
(196,108),1,18
(196,131),1,58
(196,188),1,60
(197,0),1,50
(197,1),1,13
(197,2),1,40
(197,5),1,53
(197,8),1,77
(197,9),1,45
(197,14),1,80
(197,16),1,57
(197,18),1,18
(197,19),1,31
(197,21),1,44
(197,34),1,52
(197,39),1,61
(197,43),1,25
(197,62),1,51
(197,63),1,19
(197,66),1,60
(197,69),1,62
(197,70),1,67
(197,71),1,24
(197,74),1,30
(197,80),1,12
(197,83),1,36
(197,89),1,22
(197,90),1,32
(197,101),1,25
(197,103),1,58
(197,108),1,13
(197,115),1,29
(197,116),1,3
(197,118),1,40
(197,125),1,8
(197,128),1,54
(197,131),1,51
(197,132),1,68
(197,133),1,10
(197,135),1,83
(197,138),1,7
(197,143),1,59
(197,144),1,59
(197,148),1,53
(197,159),1,5
(197,174),1,28
(197,177),1,40
(197,179),1,62
(197,182),1,22
(197,189),1,47
(198,0),1,11
(198,1),1,37
(198,5),1,64
(198,7),1,66
(198,8),1,48
(198,9),1,57
(198,14),1,16
(198,18),1,86
(198,19),1,56
(198,21),1,16
(198,34),1,35
(198,39),1,82
(198,43),1,87
(198,54),1,47
(198,55),1,4
(198,63),1,37
(198,66),1,85
(198,71),1,78
(198,74),1,6
(198,80),1,45
(198,83),1,70
(198,90),1,81
(198,102),1,65
(198,108),1,51
(198,111),1,45
(198,115),1,6
(198,116),1,36
(198,121),1,14
(198,128),1,29
(198,132),1,15
(198,133),1,73
(198,135),1,64
(198,138),1,32
(198,143),1,89
(198,144),1,2
(198,145),1,14
(198,148),1,29
(198,153),1,46
(198,157),1,44
(198,159),1,86
(198,170),1,53
(198,172),1,36
(198,174),1,85
(198,177),1,13
(198,182),1,47
(199,108),1,27
(199,110),1,50
