Nr_Pairs = 190
Nr_NDD = 10
Nr_Arcs = 3681
0,0,0,1,2
1,0,0,1,2
2,0,1,1,2
3,0,1,0,2
4,0,1,1,2
5,0,1,0,0
6,0,0,0,2
7,0,0,0,2
8,0,1,0,2
9,0,2,2,1
10,0,1,1,2
11,0,0,0,2
12,0,0,0,2
13,0,1,0,0
14,0,0,1,2
15,0,1,1,2
16,0,0,0,1
17,0,1,0,0
18,0,2,2,2
19,0,1,0,2
20,0,1,0,2
21,0,0,0,2
22,0,0,3,2
23,0,1,1,2
24,0,0,1,2
25,0,1,3,2
26,0,1,2,0
27,0,0,2,2
28,0,1,0,1
29,0,1,0,0
30,0,1,0,2
31,0,3,2,0
32,0,0,0,2
33,0,1,0,0
34,0,1,0,1
35,0,1,0,0
36,0,0,1,2
37,0,0,1,2
38,0,0,0,2
39,0,1,0,1
40,0,0,1,1
41,0,1,0,2
42,0,1,1,1
43,0,0,0,2
44,0,1,1,1
45,0,0,0,2
46,0,1,0,0
47,0,0,0,2
48,0,0,0,2
49,0,1,0,2
50,0,0,1,1
51,0,0,0,2
52,0,0,0,2
53,0,0,0,2
54,0,0,2,2
55,0,0,2,2
56,0,0,1,2
57,0,1,0,2
58,0,1,0,0
59,0,2,0,1
60,0,2,0,2
61,0,1,1,2
62,0,2,0,2
63,0,2,0,2
64,0,1,0,2
65,0,1,0,0
66,0,1,2,0
67,0,0,0,2
68,0,0,1,2
69,0,3,2,0
70,0,0,0,2
71,0,1,1,2
72,0,0,0,2
73,0,0,0,2
74,0,1,1,2
75,0,1,0,0
76,0,1,0,1
77,0,2,1,1
78,0,1,0,2
79,0,1,1,2
80,0,1,0,1
81,0,2,0,2
82,0,1,1,2
83,0,1,3,2
84,0,0,0,2
85,0,1,1,2
86,0,1,0,2
87,0,0,0,1
88,0,0,2,2
89,0,1,0,0
90,0,0,0,2
91,0,0,0,1
92,0,1,0,1
93,0,0,0,1
94,0,1,0,0
95,0,2,2,2
96,0,0,2,2
97,0,1,1,2
98,0,0,0,2
99,0,1,0,1
100,0,1,0,2
101,0,1,0,2
102,0,0,0,2
103,0,1,0,0
104,0,1,1,2
105,0,3,2,1
106,0,1,0,0
107,0,1,2,1
108,0,1,0,0
109,0,2,2,2
110,0,0,0,2
111,0,1,0,2
112,0,1,1,2
113,0,1,0,0
114,0,0,1,2
115,0,1,2,2
116,0,1,0,0
117,0,1,0,0
118,0,2,1,2
119,0,2,0,2
120,0,0,0,2
121,0,0,0,2
122,0,1,0,0
123,0,0,1,2
124,0,0,0,2
125,0,1,0,1
126,0,2,1,0
127,0,1,2,0
128,0,2,0,0
129,0,0,0,2
130,0,2,1,2
131,0,1,0,2
132,0,1,1,1
133,0,2,0,2
134,0,1,1,2
135,0,0,0,2
136,0,1,2,2
137,0,2,0,0
138,0,1,0,0
139,0,1,0,0
140,0,1,0,0
141,0,1,0,0
142,0,1,0,0
143,0,2,0,0
144,0,1,0,2
145,0,1,2,2
146,0,1,1,1
147,0,1,0,0
148,0,0,3,0
149,0,0,2,2
150,0,1,0,2
151,0,1,0,0
152,0,0,0,1
153,0,2,2,2
154,0,1,2,2
155,0,1,0,2
156,0,0,0,2
157,0,1,0,2
158,0,0,0,2
159,0,1,2,2
160,0,1,0,2
161,0,1,0,2
162,0,1,0,0
163,0,1,0,2
164,0,2,2,2
165,0,0,0,2
166,0,1,0,2
167,0,1,0,2
168,0,1,0,2
169,0,0,0,2
170,0,0,0,2
171,0,1,1,2
172,0,1,0,0
173,0,2,0,1
174,0,2,0,2
175,0,1,2,0
176,0,2,3,2
177,0,0,0,2
178,0,1,0,2
179,0,0,1,2
180,0,1,0,0
181,0,1,0,0
182,0,2,0,2
183,0,0,0,2
184,0,1,1,2
185,0,1,0,2
186,0,3,0,0
187,0,2,0,2
188,0,1,0,2
189,0,0,0,2
190,1,0,0,0
191,1,0,0,0
192,1,2,0,0
193,1,2,0,0
194,1,0,0,0
195,1,1,0,0
196,1,0,0,0
197,1,1,0,0
198,1,1,0,0
199,1,1,1,2
(0,5),1,1
(0,9),1,1
(0,13),1,1
(0,17),1,1
(0,24),1,1
(0,25),1,1
(0,26),1,1
(0,30),1,1
(0,31),1,1
(0,33),1,1
(0,34),1,1
(0,35),1,1
(0,44),1,1
(0,46),1,1
(0,52),1,1
(0,58),1,1
(0,65),1,1
(0,66),1,1
(0,73),1,1
(0,75),1,1
(0,80),1,1
(0,89),1,1
(0,93),1,1
(0,94),1,1
(0,103),1,1
(0,106),1,1
(0,107),1,1
(0,108),1,1
(0,110),1,1
(0,113),1,1
(0,116),1,1
(0,117),1,1
(0,122),1,1
(0,126),1,1
(0,127),1,1
(0,128),1,1
(0,132),1,1
(0,138),1,1
(0,139),1,1
(0,140),1,1
(0,141),1,1
(0,142),1,1
(0,143),1,1
(0,147),1,1
(0,150),1,1
(0,151),1,1
(0,152),1,1
(0,162),1,1
(0,172),1,1
(0,173),1,1
(0,175),1,1
(0,180),1,1
(0,181),1,1
(0,186),1,1
(1,5),1,1
(1,9),1,1
(1,13),1,1
(1,16),1,1
(1,17),1,1
(1,26),1,1
(1,29),1,1
(1,31),1,1
(1,33),1,1
(1,34),1,1
(1,35),1,1
(1,36),1,1
(1,44),1,1
(1,46),1,1
(1,50),1,1
(1,58),1,1
(1,65),1,1
(1,66),1,1
(1,69),1,1
(1,75),1,1
(1,77),1,1
(1,89),1,1
(1,93),1,1
(1,103),1,1
(1,106),1,1
(1,108),1,1
(1,113),1,1
(1,116),1,1
(1,117),1,1
(1,120),1,1
(1,125),1,1
(1,126),1,1
(1,127),1,1
(1,128),1,1
(1,132),1,1
(1,138),1,1
(1,139),1,1
(1,140),1,1
(1,141),1,1
(1,142),1,1
(1,143),1,1
(1,147),1,1
(1,151),1,1
(1,173),1,1
(1,180),1,1
(1,186),1,1
(2,42),1,1
(2,44),1,1
(2,126),1,1
(2,132),1,1
(2,148),1,1
(3,10),1,1
(3,42),1,1
(3,50),1,1
(3,77),1,1
(3,126),1,1
(3,148),1,1
(4,40),1,1
(4,126),1,1
(4,146),1,1
(4,148),1,1
(5,40),1,1
(5,77),1,1
(5,112),1,1
(5,126),1,1
(6,5),1,1
(6,9),1,1
(6,17),1,1
(6,26),1,1
(6,29),1,1
(6,31),1,1
(6,33),1,1
(6,35),1,1
(6,39),1,1
(6,46),1,1
(6,47),1,1
(6,58),1,1
(6,59),1,1
(6,66),1,1
(6,69),1,1
(6,75),1,1
(6,82),1,1
(6,89),1,1
(6,91),1,1
(6,94),1,1
(6,103),1,1
(6,106),1,1
(6,108),1,1
(6,116),1,1
(6,117),1,1
(6,122),1,1
(6,126),1,1
(6,128),1,1
(6,132),1,1
(6,137),1,1
(6,138),1,1
(6,139),1,1
(6,141),1,1
(6,142),1,1
(6,143),1,1
(6,148),1,1
(6,151),1,1
(6,162),1,1
(6,173),1,1
(6,180),1,1
(6,181),1,1
(6,186),1,1
(7,5),1,1
(7,9),1,1
(7,10),1,1
(7,13),1,1
(7,16),1,1
(7,17),1,1
(7,26),1,1
(7,28),1,1
(7,29),1,1
(7,31),1,1
(7,33),1,1
(7,35),1,1
(7,38),1,1
(7,39),1,1
(7,46),1,1
(7,58),1,1
(7,59),1,1
(7,65),1,1
(7,66),1,1
(7,69),1,1
(7,75),1,1
(7,77),1,1
(7,89),1,1
(7,93),1,1
(7,94),1,1
(7,99),1,1
(7,103),1,1
(7,106),1,1
(7,107),1,1
(7,108),1,1
(7,113),1,1
(7,117),1,1
(7,122),1,1
(7,126),1,1
(7,128),1,1
(7,132),1,1
(7,137),1,1
(7,138),1,1
(7,139),1,1
(7,140),1,1
(7,141),1,1
(7,143),1,1
(7,147),1,1
(7,148),1,1
(7,151),1,1
(7,162),1,1
(7,181),1,1
(7,186),1,1
(8,42),1,1
(8,50),1,1
(8,85),1,1
(8,126),1,1
(8,132),1,1
(8,148),1,1
(9,26),1,1
(9,31),1,1
(9,66),1,1
(9,69),1,1
(9,107),1,1
(9,159),1,1
(9,175),1,1
(10,44),1,1
(10,126),1,1
(10,148),1,1
(11,5),1,1
(11,9),1,1
(11,13),1,1
(11,16),1,1
(11,17),1,1
(11,18),1,1
(11,26),1,1
(11,29),1,1
(11,31),1,1
(11,34),1,1
(11,35),1,1
(11,46),1,1
(11,58),1,1
(11,65),1,1
(11,66),1,1
(11,69),1,1
(11,75),1,1
(11,77),1,1
(11,89),1,1
(11,94),1,1
(11,103),1,1
(11,105),1,1
(11,106),1,1
(11,107),1,1
(11,108),1,1
(11,113),1,1
(11,116),1,1
(11,117),1,1
(11,122),1,1
(11,126),1,1
(11,127),1,1
(11,128),1,1
(11,132),1,1
(11,138),1,1
(11,139),1,1
(11,140),1,1
(11,141),1,1
(11,142),1,1
(11,143),1,1
(11,148),1,1
(11,151),1,1
(11,152),1,1
(11,175),1,1
(11,180),1,1
(11,181),1,1
(11,185),1,1
(11,186),1,1
(12,5),1,1
(12,9),1,1
(12,13),1,1
(12,17),1,1
(12,26),1,1
(12,29),1,1
(12,31),1,1
(12,33),1,1
(12,35),1,1
(12,44),1,1
(12,46),1,1
(12,58),1,1
(12,65),1,1
(12,66),1,1
(12,68),1,1
(12,69),1,1
(12,75),1,1
(12,76),1,1
(12,86),1,1
(12,89),1,1
(12,92),1,1
(12,93),1,1
(12,94),1,1
(12,103),1,1
(12,106),1,1
(12,107),1,1
(12,108),1,1
(12,110),1,1
(12,116),1,1
(12,117),1,1
(12,122),1,1
(12,125),1,1
(12,126),1,1
(12,127),1,1
(12,128),1,1
(12,137),1,1
(12,138),1,1
(12,139),1,1
(12,140),1,1
(12,141),1,1
(12,142),1,1
(12,143),1,1
(12,147),1,1
(12,151),1,1
(12,152),1,1
(12,158),1,1
(12,159),1,1
(12,162),1,1
(12,180),1,1
(12,181),1,1
(12,186),1,1
(13,10),1,1
(13,82),1,1
(13,126),1,1
(14,5),1,1
(14,13),1,1
(14,16),1,1
(14,17),1,1
(14,19),1,1
(14,26),1,1
(14,29),1,1
(14,31),1,1
(14,33),1,1
(14,34),1,1
(14,35),1,1
(14,42),1,1
(14,46),1,1
(14,50),1,1
(14,58),1,1
(14,59),1,1
(14,64),1,1
(14,66),1,1
(14,69),1,1
(14,75),1,1
(14,80),1,1
(14,81),1,1
(14,89),1,1
(14,91),1,1
(14,93),1,1
(14,94),1,1
(14,101),1,1
(14,103),1,1
(14,105),1,1
(14,106),1,1
(14,107),1,1
(14,108),1,1
(14,113),1,1
(14,116),1,1
(14,117),1,1
(14,126),1,1
(14,127),1,1
(14,128),1,1
(14,138),1,1
(14,139),1,1
(14,140),1,1
(14,141),1,1
(14,143),1,1
(14,151),1,1
(14,162),1,1
(14,172),1,1
(14,175),1,1
(14,180),1,1
(14,181),1,1
(14,185),1,1
(14,186),1,1
(15,25),1,1
(15,40),1,1
(15,126),1,1
(15,146),1,1
(15,148),1,1
(16,5),1,1
(16,17),1,1
(16,26),1,1
(16,29),1,1
(16,31),1,1
(16,34),1,1
(16,35),1,1
(16,39),1,1
(16,40),1,1
(16,42),1,1
(16,46),1,1
(16,51),1,1
(16,58),1,1
(16,65),1,1
(16,66),1,1
(16,69),1,1
(16,75),1,1
(16,80),1,1
(16,89),1,1
(16,94),1,1
(16,103),1,1
(16,105),1,1
(16,106),1,1
(16,107),1,1
(16,108),1,1
(16,113),1,1
(16,116),1,1
(16,117),1,1
(16,122),1,1
(16,126),1,1
(16,127),1,1
(16,128),1,1
(16,137),1,1
(16,138),1,1
(16,139),1,1
(16,140),1,1
(16,141),1,1
(16,142),1,1
(16,143),1,1
(16,147),1,1
(16,151),1,1
(16,152),1,1
(16,156),1,1
(16,159),1,1
(16,162),1,1
(16,167),1,1
(16,172),1,1
(16,182),1,1
(16,186),1,1
(17,44),1,1
(17,126),1,1
(18,26),1,1
(18,31),1,1
(18,66),1,1
(18,69),1,1
(18,107),1,1
(19,25),1,1
(19,44),1,1
(19,77),1,1
(19,112),1,1
(19,126),1,1
(19,148),1,1
(20,10),1,1
(20,14),1,1
(20,40),1,1
(20,42),1,1
(20,126),1,1
(21,5),1,1
(21,16),1,1
(21,17),1,1
(21,26),1,1
(21,29),1,1
(21,31),1,1
(21,33),1,1
(21,34),1,1
(21,35),1,1
(21,38),1,1
(21,39),1,1
(21,42),1,1
(21,46),1,1
(21,58),1,1
(21,65),1,1
(21,66),1,1
(21,69),1,1
(21,75),1,1
(21,80),1,1
(21,81),1,1
(21,82),1,1
(21,86),1,1
(21,87),1,1
(21,89),1,1
(21,93),1,1
(21,103),1,1
(21,106),1,1
(21,108),1,1
(21,111),1,1
(21,113),1,1
(21,117),1,1
(21,120),1,1
(21,122),1,1
(21,126),1,1
(21,128),1,1
(21,138),1,1
(21,139),1,1
(21,142),1,1
(21,143),1,1
(21,147),1,1
(21,148),1,1
(21,151),1,1
(21,152),1,1
(21,162),1,1
(21,175),1,1
(21,180),1,1
(21,186),1,1
(22,5),1,1
(22,13),1,1
(22,16),1,1
(22,17),1,1
(22,19),1,1
(22,26),1,1
(22,29),1,1
(22,31),1,1
(22,33),1,1
(22,34),1,1
(22,35),1,1
(22,44),1,1
(22,58),1,1
(22,65),1,1
(22,66),1,1
(22,69),1,1
(22,75),1,1
(22,77),1,1
(22,82),1,1
(22,89),1,1
(22,93),1,1
(22,94),1,1
(22,101),1,1
(22,103),1,1
(22,106),1,1
(22,108),1,1
(22,113),1,1
(22,117),1,1
(22,125),1,1
(22,126),1,1
(22,127),1,1
(22,128),1,1
(22,137),1,1
(22,138),1,1
(22,139),1,1
(22,140),1,1
(22,142),1,1
(22,143),1,1
(22,147),1,1
(22,148),1,1
(22,151),1,1
(22,162),1,1
(22,175),1,1
(22,181),1,1
(22,183),1,1
(22,186),1,1
(23,25),1,1
(23,42),1,1
(23,44),1,1
(23,50),1,1
(23,77),1,1
(23,82),1,1
(23,112),1,1
(23,126),1,1
(24,5),1,1
(24,9),1,1
(24,13),1,1
(24,17),1,1
(24,26),1,1
(24,28),1,1
(24,29),1,1
(24,31),1,1
(24,35),1,1
(24,44),1,1
(24,46),1,1
(24,58),1,1
(24,65),1,1
(24,66),1,1
(24,69),1,1
(24,75),1,1
(24,77),1,1
(24,80),1,1
(24,87),1,1
(24,88),1,1
(24,89),1,1
(24,91),1,1
(24,92),1,1
(24,93),1,1
(24,94),1,1
(24,103),1,1
(24,106),1,1
(24,108),1,1
(24,112),1,1
(24,113),1,1
(24,116),1,1
(24,117),1,1
(24,122),1,1
(24,126),1,1
(24,127),1,1
(24,128),1,1
(24,132),1,1
(24,138),1,1
(24,139),1,1
(24,140),1,1
(24,141),1,1
(24,142),1,1
(24,143),1,1
(24,147),1,1
(24,148),1,1
(24,151),1,1
(24,152),1,1
(24,175),1,1
(24,186),1,1
(25,40),1,1
(25,77),1,1
(25,126),1,1
(26,40),1,1
(26,42),1,1
(26,126),1,1
(27,5),1,1
(27,9),1,1
(27,13),1,1
(27,17),1,1
(27,26),1,1
(27,29),1,1
(27,31),1,1
(27,33),1,1
(27,34),1,1
(27,35),1,1
(27,39),1,1
(27,40),1,1
(27,42),1,1
(27,46),1,1
(27,58),1,1
(27,65),1,1
(27,66),1,1
(27,69),1,1
(27,75),1,1
(27,77),1,1
(27,80),1,1
(27,89),1,1
(27,91),1,1
(27,93),1,1
(27,94),1,1
(27,95),1,1
(27,103),1,1
(27,105),1,1
(27,106),1,1
(27,108),1,1
(27,113),1,1
(27,117),1,1
(27,126),1,1
(27,127),1,1
(27,128),1,1
(27,132),1,1
(27,137),1,1
(27,138),1,1
(27,139),1,1
(27,140),1,1
(27,141),1,1
(27,142),1,1
(27,143),1,1
(27,148),1,1
(27,151),1,1
(27,157),1,1
(27,162),1,1
(27,173),1,1
(27,175),1,1
(27,180),1,1
(27,181),1,1
(27,186),1,1
(28,44),1,1
(28,50),1,1
(28,126),1,1
(28,132),1,1
(28,148),1,1
(29,25),1,1
(29,44),1,1
(29,126),1,1
(29,148),1,1
(30,24),1,1
(30,77),1,1
(30,85),1,1
(30,126),1,1
(30,146),1,1
(30,148),1,1
(31,148),1,1
(32,5),1,1
(32,26),1,1
(32,29),1,1
(32,31),1,1
(32,33),1,1
(32,35),1,1
(32,40),1,1
(32,46),1,1
(32,50),1,1
(32,58),1,1
(32,66),1,1
(32,69),1,1
(32,75),1,1
(32,76),1,1
(32,87),1,1
(32,89),1,1
(32,94),1,1
(32,101),1,1
(32,103),1,1
(32,106),1,1
(32,108),1,1
(32,112),1,1
(32,113),1,1
(32,116),1,1
(32,117),1,1
(32,125),1,1
(32,126),1,1
(32,127),1,1
(32,128),1,1
(32,132),1,1
(32,138),1,1
(32,139),1,1
(32,140),1,1
(32,142),1,1
(32,143),1,1
(32,147),1,1
(32,148),1,1
(32,151),1,1
(32,162),1,1
(32,177),1,1
(32,186),1,1
(33,50),1,1
(33,77),1,1
(33,126),1,1
(33,148),1,1
(34,126),1,1
(35,10),1,1
(35,68),1,1
(35,77),1,1
(35,126),1,1
(35,146),1,1
(36,5),1,1
(36,17),1,1
(36,26),1,1
(36,29),1,1
(36,31),1,1
(36,33),1,1
(36,34),1,1
(36,35),1,1
(36,46),1,1
(36,58),1,1
(36,59),1,1
(36,66),1,1
(36,69),1,1
(36,75),1,1
(36,76),1,1
(36,77),1,1
(36,89),1,1
(36,93),1,1
(36,94),1,1
(36,99),1,1
(36,103),1,1
(36,106),1,1
(36,108),1,1
(36,116),1,1
(36,117),1,1
(36,122),1,1
(36,126),1,1
(36,128),1,1
(36,137),1,1
(36,138),1,1
(36,139),1,1
(36,140),1,1
(36,141),1,1
(36,142),1,1
(36,143),1,1
(36,147),1,1
(36,148),1,1
(36,151),1,1
(36,156),1,1
(36,162),1,1
(36,180),1,1
(36,186),1,1
(37,5),1,1
(37,9),1,1
(37,13),1,1
(37,26),1,1
(37,29),1,1
(37,31),1,1
(37,35),1,1
(37,46),1,1
(37,50),1,1
(37,58),1,1
(37,66),1,1
(37,69),1,1
(37,75),1,1
(37,86),1,1
(37,87),1,1
(37,89),1,1
(37,91),1,1
(37,92),1,1
(37,94),1,1
(37,103),1,1
(37,106),1,1
(37,108),1,1
(37,113),1,1
(37,116),1,1
(37,117),1,1
(37,125),1,1
(37,126),1,1
(37,127),1,1
(37,128),1,1
(37,132),1,1
(37,137),1,1
(37,138),1,1
(37,139),1,1
(37,140),1,1
(37,141),1,1
(37,142),1,1
(37,143),1,1
(37,147),1,1
(37,148),1,1
(37,151),1,1
(37,162),1,1
(37,172),1,1
(37,175),1,1
(37,180),1,1
(37,186),1,1
(38,5),1,1
(38,13),1,1
(38,16),1,1
(38,17),1,1
(38,26),1,1
(38,28),1,1
(38,29),1,1
(38,31),1,1
(38,33),1,1
(38,35),1,1
(38,39),1,1
(38,44),1,1
(38,46),1,1
(38,58),1,1
(38,65),1,1
(38,66),1,1
(38,69),1,1
(38,75),1,1
(38,77),1,1
(38,80),1,1
(38,86),1,1
(38,89),1,1
(38,91),1,1
(38,103),1,1
(38,106),1,1
(38,108),1,1
(38,113),1,1
(38,116),1,1
(38,117),1,1
(38,125),1,1
(38,126),1,1
(38,128),1,1
(38,135),1,1
(38,137),1,1
(38,138),1,1
(38,139),1,1
(38,140),1,1
(38,141),1,1
(38,142),1,1
(38,143),1,1
(38,147),1,1
(38,148),1,1
(38,151),1,1
(38,172),1,1
(38,175),1,1
(38,180),1,1
(38,186),1,1
(39,10),1,1
(39,77),1,1
(39,126),1,1
(39,132),1,1
(39,146),1,1
(39,148),1,1
(40,5),1,1
(40,17),1,1
(40,26),1,1
(40,29),1,1
(40,31),1,1
(40,33),1,1
(40,34),1,1
(40,35),1,1
(40,38),1,1
(40,46),1,1
(40,58),1,1
(40,59),1,1
(40,66),1,1
(40,69),1,1
(40,75),1,1
(40,77),1,1
(40,87),1,1
(40,89),1,1
(40,93),1,1
(40,103),1,1
(40,106),1,1
(40,107),1,1
(40,108),1,1
(40,113),1,1
(40,116),1,1
(40,117),1,1
(40,122),1,1
(40,125),1,1
(40,126),1,1
(40,127),1,1
(40,128),1,1
(40,132),1,1
(40,137),1,1
(40,138),1,1
(40,139),1,1
(40,140),1,1
(40,142),1,1
(40,143),1,1
(40,148),1,1
(40,151),1,1
(40,159),1,1
(40,162),1,1
(40,172),1,1
(40,173),1,1
(40,180),1,1
(40,181),1,1
(40,186),1,1
(41,44),1,1
(41,126),1,1
(41,184),1,1
(42,44),1,1
(42,126),1,1
(42,148),1,1
(43,5),1,1
(43,13),1,1
(43,16),1,1
(43,17),1,1
(43,26),1,1
(43,28),1,1
(43,29),1,1
(43,31),1,1
(43,34),1,1
(43,35),1,1
(43,40),1,1
(43,46),1,1
(43,50),1,1
(43,58),1,1
(43,59),1,1
(43,65),1,1
(43,66),1,1
(43,69),1,1
(43,75),1,1
(43,77),1,1
(43,89),1,1
(43,94),1,1
(43,99),1,1
(43,101),1,1
(43,103),1,1
(43,106),1,1
(43,108),1,1
(43,112),1,1
(43,113),1,1
(43,116),1,1
(43,117),1,1
(43,122),1,1
(43,125),1,1
(43,126),1,1
(43,127),1,1
(43,128),1,1
(43,132),1,1
(43,137),1,1
(43,138),1,1
(43,139),1,1
(43,140),1,1
(43,141),1,1
(43,142),1,1
(43,143),1,1
(43,146),1,1
(43,147),1,1
(43,151),1,1
(43,172),1,1
(43,180),1,1
(43,181),1,1
(43,186),1,1
(44,50),1,1
(44,77),1,1
(44,82),1,1
(44,126),1,1
(45,5),1,1
(45,13),1,1
(45,17),1,1
(45,26),1,1
(45,29),1,1
(45,31),1,1
(45,33),1,1
(45,34),1,1
(45,35),1,1
(45,44),1,1
(45,46),1,1
(45,48),1,1
(45,49),1,1
(45,50),1,1
(45,53),1,1
(45,58),1,1
(45,59),1,1
(45,65),1,1
(45,66),1,1
(45,75),1,1
(45,86),1,1
(45,89),1,1
(45,93),1,1
(45,101),1,1
(45,102),1,1
(45,103),1,1
(45,106),1,1
(45,107),1,1
(45,108),1,1
(45,113),1,1
(45,116),1,1
(45,117),1,1
(45,122),1,1
(45,126),1,1
(45,127),1,1
(45,128),1,1
(45,137),1,1
(45,138),1,1
(45,139),1,1
(45,141),1,1
(45,143),1,1
(45,146),1,1
(45,147),1,1
(45,151),1,1
(45,162),1,1
(45,173),1,1
(45,175),1,1
(45,181),1,1
(45,186),1,1
(46,126),1,1
(47,5),1,1
(47,26),1,1
(47,29),1,1
(47,31),1,1
(47,33),1,1
(47,34),1,1
(47,35),1,1
(47,44),1,1
(47,46),1,1
(47,58),1,1
(47,66),1,1
(47,69),1,1
(47,75),1,1
(47,89),1,1
(47,92),1,1
(47,94),1,1
(47,103),1,1
(47,106),1,1
(47,107),1,1
(47,108),1,1
(47,116),1,1
(47,117),1,1
(47,122),1,1
(47,126),1,1
(47,127),1,1
(47,128),1,1
(47,132),1,1
(47,137),1,1
(47,138),1,1
(47,139),1,1
(47,140),1,1
(47,141),1,1
(47,142),1,1
(47,143),1,1
(47,146),1,1
(47,147),1,1
(47,148),1,1
(47,150),1,1
(47,151),1,1
(47,175),1,1
(47,180),1,1
(47,181),1,1
(47,186),1,1
(48,5),1,1
(48,7),1,1
(48,25),1,1
(48,26),1,1
(48,29),1,1
(48,31),1,1
(48,33),1,1
(48,35),1,1
(48,40),1,1
(48,46),1,1
(48,50),1,1
(48,58),1,1
(48,65),1,1
(48,66),1,1
(48,69),1,1
(48,75),1,1
(48,85),1,1
(48,87),1,1
(48,89),1,1
(48,91),1,1
(48,103),1,1
(48,106),1,1
(48,108),1,1
(48,110),1,1
(48,116),1,1
(48,117),1,1
(48,122),1,1
(48,125),1,1
(48,126),1,1
(48,128),1,1
(48,138),1,1
(48,139),1,1
(48,141),1,1
(48,142),1,1
(48,143),1,1
(48,147),1,1
(48,148),1,1
(48,151),1,1
(48,152),1,1
(48,159),1,1
(48,162),1,1
(48,175),1,1
(48,180),1,1
(48,181),1,1
(48,186),1,1
(49,24),1,1
(49,50),1,1
(49,126),1,1
(49,132),1,1
(49,148),1,1
(50,5),1,1
(50,9),1,1
(50,13),1,1
(50,25),1,1
(50,26),1,1
(50,31),1,1
(50,33),1,1
(50,35),1,1
(50,46),1,1
(50,52),1,1
(50,53),1,1
(50,58),1,1
(50,66),1,1
(50,69),1,1
(50,75),1,1
(50,80),1,1
(50,89),1,1
(50,92),1,1
(50,101),1,1
(50,103),1,1
(50,106),1,1
(50,108),1,1
(50,112),1,1
(50,113),1,1
(50,117),1,1
(50,126),1,1
(50,127),1,1
(50,128),1,1
(50,132),1,1
(50,137),1,1
(50,138),1,1
(50,139),1,1
(50,140),1,1
(50,141),1,1
(50,142),1,1
(50,143),1,1
(50,147),1,1
(50,151),1,1
(50,172),1,1
(50,186),1,1
(51,5),1,1
(51,17),1,1
(51,26),1,1
(51,29),1,1
(51,31),1,1
(51,33),1,1
(51,46),1,1
(51,58),1,1
(51,65),1,1
(51,66),1,1
(51,69),1,1
(51,75),1,1
(51,77),1,1
(51,84),1,1
(51,87),1,1
(51,89),1,1
(51,103),1,1
(51,106),1,1
(51,107),1,1
(51,108),1,1
(51,113),1,1
(51,117),1,1
(51,125),1,1
(51,126),1,1
(51,127),1,1
(51,128),1,1
(51,138),1,1
(51,139),1,1
(51,140),1,1
(51,141),1,1
(51,142),1,1
(51,143),1,1
(51,146),1,1
(51,147),1,1
(51,148),1,1
(51,151),1,1
(51,152),1,1
(51,162),1,1
(51,171),1,1
(51,175),1,1
(51,181),1,1
(51,186),1,1
(52,5),1,1
(52,12),1,1
(52,26),1,1
(52,28),1,1
(52,29),1,1
(52,31),1,1
(52,33),1,1
(52,35),1,1
(52,39),1,1
(52,44),1,1
(52,46),1,1
(52,48),1,1
(52,58),1,1
(52,63),1,1
(52,65),1,1
(52,66),1,1
(52,69),1,1
(52,75),1,1
(52,86),1,1
(52,89),1,1
(52,92),1,1
(52,94),1,1
(52,103),1,1
(52,106),1,1
(52,108),1,1
(52,113),1,1
(52,117),1,1
(52,122),1,1
(52,125),1,1
(52,126),1,1
(52,127),1,1
(52,128),1,1
(52,132),1,1
(52,137),1,1
(52,138),1,1
(52,139),1,1
(52,140),1,1
(52,141),1,1
(52,142),1,1
(52,143),1,1
(52,147),1,1
(52,151),1,1
(52,168),1,1
(52,172),1,1
(52,173),1,1
(52,186),1,1
(53,5),1,1
(53,6),1,1
(53,13),1,1
(53,26),1,1
(53,29),1,1
(53,31),1,1
(53,33),1,1
(53,34),1,1
(53,35),1,1
(53,39),1,1
(53,42),1,1
(53,44),1,1
(53,46),1,1
(53,58),1,1
(53,65),1,1
(53,66),1,1
(53,69),1,1
(53,75),1,1
(53,86),1,1
(53,87),1,1
(53,89),1,1
(53,91),1,1
(53,103),1,1
(53,106),1,1
(53,107),1,1
(53,108),1,1
(53,110),1,1
(53,113),1,1
(53,116),1,1
(53,117),1,1
(53,125),1,1
(53,126),1,1
(53,127),1,1
(53,128),1,1
(53,138),1,1
(53,139),1,1
(53,140),1,1
(53,141),1,1
(53,142),1,1
(53,143),1,1
(53,148),1,1
(53,151),1,1
(53,152),1,1
(53,162),1,1
(53,175),1,1
(53,180),1,1
(53,181),1,1
(53,186),1,1
(54,5),1,1
(54,13),1,1
(54,16),1,1
(54,17),1,1
(54,26),1,1
(54,28),1,1
(54,29),1,1
(54,31),1,1
(54,33),1,1
(54,35),1,1
(54,42),1,1
(54,44),1,1
(54,46),1,1
(54,58),1,1
(54,59),1,1
(54,66),1,1
(54,69),1,1
(54,75),1,1
(54,82),1,1
(54,87),1,1
(54,89),1,1
(54,103),1,1
(54,106),1,1
(54,107),1,1
(54,108),1,1
(54,116),1,1
(54,117),1,1
(54,126),1,1
(54,127),1,1
(54,128),1,1
(54,138),1,1
(54,139),1,1
(54,141),1,1
(54,143),1,1
(54,147),1,1
(54,148),1,1
(54,150),1,1
(54,151),1,1
(54,162),1,1
(54,173),1,1
(54,175),1,1
(54,186),1,1
(55,5),1,1
(55,11),1,1
(55,13),1,1
(55,26),1,1
(55,29),1,1
(55,31),1,1
(55,33),1,1
(55,35),1,1
(55,44),1,1
(55,46),1,1
(55,58),1,1
(55,64),1,1
(55,65),1,1
(55,66),1,1
(55,69),1,1
(55,75),1,1
(55,89),1,1
(55,94),1,1
(55,101),1,1
(55,103),1,1
(55,105),1,1
(55,106),1,1
(55,107),1,1
(55,108),1,1
(55,110),1,1
(55,113),1,1
(55,116),1,1
(55,117),1,1
(55,122),1,1
(55,125),1,1
(55,126),1,1
(55,128),1,1
(55,132),1,1
(55,138),1,1
(55,139),1,1
(55,141),1,1
(55,142),1,1
(55,143),1,1
(55,151),1,1
(55,162),1,1
(55,168),1,1
(55,172),1,1
(55,180),1,1
(55,182),1,1
(55,186),1,1
(56,5),1,1
(56,13),1,1
(56,17),1,1
(56,26),1,1
(56,29),1,1
(56,31),1,1
(56,33),1,1
(56,35),1,1
(56,46),1,1
(56,58),1,1
(56,65),1,1
(56,66),1,1
(56,67),1,1
(56,69),1,1
(56,75),1,1
(56,80),1,1
(56,87),1,1
(56,89),1,1
(56,92),1,1
(56,99),1,1
(56,103),1,1
(56,106),1,1
(56,107),1,1
(56,108),1,1
(56,113),1,1
(56,116),1,1
(56,117),1,1
(56,122),1,1
(56,125),1,1
(56,126),1,1
(56,127),1,1
(56,128),1,1
(56,137),1,1
(56,138),1,1
(56,139),1,1
(56,140),1,1
(56,141),1,1
(56,142),1,1
(56,143),1,1
(56,147),1,1
(56,151),1,1
(56,162),1,1
(56,173),1,1
(56,180),1,1
(56,181),1,1
(56,182),1,1
(56,185),1,1
(56,186),1,1
(57,42),1,1
(57,50),1,1
(57,126),1,1
(57,146),1,1
(57,148),1,1
(58,126),1,1
(58,148),1,1
(59,26),1,1
(59,31),1,1
(59,66),1,1
(59,69),1,1
(59,105),1,1
(59,107),1,1
(59,127),1,1
(60,26),1,1
(60,31),1,1
(60,66),1,1
(60,69),1,1
(60,107),1,1
(60,127),1,1
(61,42),1,1
(61,50),1,1
(61,126),1,1
(62,9),1,1
(62,26),1,1
(62,31),1,1
(62,66),1,1
(62,69),1,1
(62,107),1,1
(62,159),1,1
(63,9),1,1
(63,26),1,1
(63,31),1,1
(63,66),1,1
(63,105),1,1
(63,127),1,1
(63,148),1,1
(63,159),1,1
(64,24),1,1
(64,74),1,1
(64,82),1,1
(64,126),1,1
(64,132),1,1
(65,77),1,1
(65,85),1,1
(65,126),1,1
(65,148),1,1
(66,77),1,1
(66,126),1,1
(66,148),1,1
(67,5),1,1
(67,13),1,1
(67,17),1,1
(67,24),1,1
(67,26),1,1
(67,29),1,1
(67,31),1,1
(67,33),1,1
(67,35),1,1
(67,40),1,1
(67,44),1,1
(67,46),1,1
(67,58),1,1
(67,65),1,1
(67,66),1,1
(67,69),1,1
(67,75),1,1
(67,82),1,1
(67,89),1,1
(67,103),1,1
(67,105),1,1
(67,106),1,1
(67,108),1,1
(67,113),1,1
(67,116),1,1
(67,117),1,1
(67,125),1,1
(67,126),1,1
(67,127),1,1
(67,128),1,1
(67,132),1,1
(67,137),1,1
(67,138),1,1
(67,139),1,1
(67,140),1,1
(67,141),1,1
(67,143),1,1
(67,148),1,1
(67,151),1,1
(67,162),1,1
(67,166),1,1
(67,175),1,1
(67,180),1,1
(67,181),1,1
(67,186),1,1
(68,5),1,1
(68,13),1,1
(68,17),1,1
(68,26),1,1
(68,29),1,1
(68,31),1,1
(68,33),1,1
(68,35),1,1
(68,39),1,1
(68,46),1,1
(68,52),1,1
(68,58),1,1
(68,64),1,1
(68,66),1,1
(68,75),1,1
(68,82),1,1
(68,87),1,1
(68,89),1,1
(68,91),1,1
(68,103),1,1
(68,105),1,1
(68,106),1,1
(68,107),1,1
(68,108),1,1
(68,113),1,1
(68,116),1,1
(68,117),1,1
(68,122),1,1
(68,126),1,1
(68,127),1,1
(68,128),1,1
(68,137),1,1
(68,138),1,1
(68,139),1,1
(68,140),1,1
(68,141),1,1
(68,142),1,1
(68,143),1,1
(68,147),1,1
(68,148),1,1
(68,151),1,1
(68,152),1,1
(68,162),1,1
(68,171),1,1
(68,175),1,1
(68,181),1,1
(68,186),1,1
(69,148),1,1
(70,5),1,1
(70,10),1,1
(70,13),1,1
(70,17),1,1
(70,26),1,1
(70,29),1,1
(70,31),1,1
(70,34),1,1
(70,35),1,1
(70,44),1,1
(70,46),1,1
(70,52),1,1
(70,58),1,1
(70,59),1,1
(70,65),1,1
(70,66),1,1
(70,69),1,1
(70,75),1,1
(70,77),1,1
(70,87),1,1
(70,89),1,1
(70,91),1,1
(70,103),1,1
(70,106),1,1
(70,108),1,1
(70,113),1,1
(70,116),1,1
(70,117),1,1
(70,125),1,1
(70,126),1,1
(70,128),1,1
(70,137),1,1
(70,138),1,1
(70,139),1,1
(70,140),1,1
(70,141),1,1
(70,143),1,1
(70,146),1,1
(70,147),1,1
(70,148),1,1
(70,151),1,1
(70,172),1,1
(70,181),1,1
(70,182),1,1
(70,186),1,1
(71,42),1,1
(71,44),1,1
(71,126),1,1
(72,5),1,1
(72,9),1,1
(72,13),1,1
(72,16),1,1
(72,26),1,1
(72,29),1,1
(72,31),1,1
(72,33),1,1
(72,35),1,1
(72,39),1,1
(72,46),1,1
(72,49),1,1
(72,58),1,1
(72,62),1,1
(72,64),1,1
(72,65),1,1
(72,66),1,1
(72,69),1,1
(72,75),1,1
(72,89),1,1
(72,93),1,1
(72,94),1,1
(72,103),1,1
(72,106),1,1
(72,108),1,1
(72,113),1,1
(72,116),1,1
(72,117),1,1
(72,120),1,1
(72,122),1,1
(72,125),1,1
(72,126),1,1
(72,128),1,1
(72,137),1,1
(72,138),1,1
(72,139),1,1
(72,140),1,1
(72,141),1,1
(72,143),1,1
(72,146),1,1
(72,147),1,1
(72,151),1,1
(72,152),1,1
(72,172),1,1
(72,173),1,1
(72,175),1,1
(72,180),1,1
(72,181),1,1
(72,186),1,1
(73,5),1,1
(73,13),1,1
(73,16),1,1
(73,17),1,1
(73,24),1,1
(73,26),1,1
(73,29),1,1
(73,31),1,1
(73,35),1,1
(73,44),1,1
(73,46),1,1
(73,48),1,1
(73,58),1,1
(73,59),1,1
(73,65),1,1
(73,66),1,1
(73,69),1,1
(73,75),1,1
(73,77),1,1
(73,89),1,1
(73,103),1,1
(73,106),1,1
(73,108),1,1
(73,112),1,1
(73,113),1,1
(73,116),1,1
(73,117),1,1
(73,120),1,1
(73,122),1,1
(73,125),1,1
(73,126),1,1
(73,128),1,1
(73,137),1,1
(73,138),1,1
(73,139),1,1
(73,142),1,1
(73,143),1,1
(73,147),1,1
(73,148),1,1
(73,151),1,1
(73,162),1,1
(73,168),1,1
(73,172),1,1
(73,180),1,1
(73,181),1,1
(73,185),1,1
(73,186),1,1
(74,85),1,1
(74,112),1,1
(74,126),1,1
(74,148),1,1
(74,171),1,1
(75,42),1,1
(75,44),1,1
(75,50),1,1
(75,126),1,1
(75,132),1,1
(75,148),1,1
(75,171),1,1
(76,14),1,1
(76,77),1,1
(76,126),1,1
(77,26),1,1
(77,31),1,1
(77,66),1,1
(77,69),1,1
(77,107),1,1
(77,127),1,1
(77,175),1,1
(78,44),1,1
(78,50),1,1
(78,126),1,1
(78,132),1,1
(79,40),1,1
(79,74),1,1
(79,77),1,1
(79,126),1,1
(79,148),1,1
(80,42),1,1
(80,50),1,1
(80,77),1,1
(80,126),1,1
(80,148),1,1
(81,9),1,1
(81,26),1,1
(81,31),1,1
(81,66),1,1
(81,69),1,1
(81,107),1,1
(81,127),1,1
(81,148),1,1
(81,159),1,1
(81,175),1,1
(82,10),1,1
(82,14),1,1
(82,42),1,1
(82,44),1,1
(82,50),1,1
(82,77),1,1
(82,126),1,1
(83,25),1,1
(83,40),1,1
(83,44),1,1
(83,126),1,1
(83,148),1,1
(84,5),1,1
(84,10),1,1
(84,16),1,1
(84,26),1,1
(84,28),1,1
(84,29),1,1
(84,31),1,1
(84,33),1,1
(84,35),1,1
(84,39),1,1
(84,46),1,1
(84,51),1,1
(84,58),1,1
(84,59),1,1
(84,65),1,1
(84,66),1,1
(84,69),1,1
(84,75),1,1
(84,87),1,1
(84,89),1,1
(84,91),1,1
(84,103),1,1
(84,106),1,1
(84,108),1,1
(84,116),1,1
(84,117),1,1
(84,122),1,1
(84,125),1,1
(84,126),1,1
(84,127),1,1
(84,128),1,1
(84,137),1,1
(84,138),1,1
(84,139),1,1
(84,141),1,1
(84,142),1,1
(84,143),1,1
(84,146),1,1
(84,147),1,1
(84,148),1,1
(84,151),1,1
(84,162),1,1
(84,168),1,1
(84,186),1,1
(85,40),1,1
(85,44),1,1
(85,50),1,1
(85,77),1,1
(85,126),1,1
(85,148),1,1
(85,171),1,1
(86,42),1,1
(86,44),1,1
(86,126),1,1
(87,5),1,1
(87,13),1,1
(87,17),1,1
(87,26),1,1
(87,29),1,1
(87,31),1,1
(87,33),1,1
(87,35),1,1
(87,46),1,1
(87,58),1,1
(87,65),1,1
(87,66),1,1
(87,69),1,1
(87,75),1,1
(87,85),1,1
(87,89),1,1
(87,94),1,1
(87,103),1,1
(87,106),1,1
(87,107),1,1
(87,108),1,1
(87,113),1,1
(87,116),1,1
(87,117),1,1
(87,122),1,1
(87,125),1,1
(87,126),1,1
(87,127),1,1
(87,128),1,1
(87,132),1,1
(87,135),1,1
(87,137),1,1
(87,138),1,1
(87,139),1,1
(87,141),1,1
(87,143),1,1
(87,147),1,1
(87,148),1,1
(87,151),1,1
(87,152),1,1
(87,162),1,1
(87,175),1,1
(87,180),1,1
(87,181),1,1
(87,182),1,1
(87,186),1,1
(88,5),1,1
(88,10),1,1
(88,17),1,1
(88,26),1,1
(88,29),1,1
(88,31),1,1
(88,33),1,1
(88,34),1,1
(88,35),1,1
(88,44),1,1
(88,46),1,1
(88,58),1,1
(88,59),1,1
(88,65),1,1
(88,66),1,1
(88,75),1,1
(88,77),1,1
(88,80),1,1
(88,87),1,1
(88,89),1,1
(88,103),1,1
(88,106),1,1
(88,108),1,1
(88,110),1,1
(88,113),1,1
(88,116),1,1
(88,117),1,1
(88,126),1,1
(88,128),1,1
(88,137),1,1
(88,138),1,1
(88,139),1,1
(88,140),1,1
(88,142),1,1
(88,143),1,1
(88,147),1,1
(88,148),1,1
(88,151),1,1
(88,162),1,1
(88,172),1,1
(88,175),1,1
(88,180),1,1
(88,186),1,1
(89,126),1,1
(89,132),1,1
(89,148),1,1
(90,5),1,1
(90,9),1,1
(90,13),1,1
(90,17),1,1
(90,26),1,1
(90,29),1,1
(90,31),1,1
(90,34),1,1
(90,35),1,1
(90,39),1,1
(90,42),1,1
(90,46),1,1
(90,48),1,1
(90,58),1,1
(90,66),1,1
(90,69),1,1
(90,75),1,1
(90,77),1,1
(90,89),1,1
(90,94),1,1
(90,103),1,1
(90,106),1,1
(90,108),1,1
(90,117),1,1
(90,122),1,1
(90,126),1,1
(90,127),1,1
(90,128),1,1
(90,137),1,1
(90,138),1,1
(90,139),1,1
(90,143),1,1
(90,147),1,1
(90,148),1,1
(90,151),1,1
(90,162),1,1
(90,173),1,1
(90,175),1,1
(90,180),1,1
(90,181),1,1
(90,186),1,1
(91,5),1,1
(91,9),1,1
(91,16),1,1
(91,26),1,1
(91,29),1,1
(91,31),1,1
(91,33),1,1
(91,34),1,1
(91,35),1,1
(91,46),1,1
(91,58),1,1
(91,65),1,1
(91,66),1,1
(91,75),1,1
(91,89),1,1
(91,94),1,1
(91,103),1,1
(91,106),1,1
(91,108),1,1
(91,116),1,1
(91,117),1,1
(91,122),1,1
(91,126),1,1
(91,127),1,1
(91,128),1,1
(91,132),1,1
(91,138),1,1
(91,139),1,1
(91,143),1,1
(91,146),1,1
(91,147),1,1
(91,151),1,1
(91,162),1,1
(91,172),1,1
(91,175),1,1
(91,180),1,1
(91,186),1,1
(92,50),1,1
(92,114),1,1
(92,126),1,1
(92,146),1,1
(92,148),1,1
(93,5),1,1
(93,9),1,1
(93,13),1,1
(93,17),1,1
(93,25),1,1
(93,26),1,1
(93,29),1,1
(93,31),1,1
(93,33),1,1
(93,34),1,1
(93,35),1,1
(93,39),1,1
(93,40),1,1
(93,46),1,1
(93,50),1,1
(93,58),1,1
(93,65),1,1
(93,66),1,1
(93,69),1,1
(93,75),1,1
(93,87),1,1
(93,89),1,1
(93,94),1,1
(93,103),1,1
(93,105),1,1
(93,106),1,1
(93,108),1,1
(93,110),1,1
(93,113),1,1
(93,116),1,1
(93,117),1,1
(93,125),1,1
(93,126),1,1
(93,127),1,1
(93,128),1,1
(93,137),1,1
(93,138),1,1
(93,139),1,1
(93,140),1,1
(93,142),1,1
(93,143),1,1
(93,148),1,1
(93,151),1,1
(93,162),1,1
(93,175),1,1
(93,181),1,1
(93,186),1,1
(94,25),1,1
(94,42),1,1
(94,85),1,1
(94,126),1,1
(94,148),1,1
(95,25),1,1
(95,26),1,1
(95,31),1,1
(95,66),1,1
(95,69),1,1
(95,105),1,1
(95,107),1,1
(96,5),1,1
(96,7),1,1
(96,13),1,1
(96,17),1,1
(96,26),1,1
(96,29),1,1
(96,31),1,1
(96,33),1,1
(96,34),1,1
(96,35),1,1
(96,39),1,1
(96,42),1,1
(96,46),1,1
(96,47),1,1
(96,58),1,1
(96,59),1,1
(96,65),1,1
(96,66),1,1
(96,69),1,1
(96,75),1,1
(96,89),1,1
(96,92),1,1
(96,94),1,1
(96,103),1,1
(96,106),1,1
(96,107),1,1
(96,108),1,1
(96,113),1,1
(96,116),1,1
(96,117),1,1
(96,126),1,1
(96,127),1,1
(96,128),1,1
(96,138),1,1
(96,139),1,1
(96,141),1,1
(96,143),1,1
(96,146),1,1
(96,147),1,1
(96,151),1,1
(96,162),1,1
(96,180),1,1
(96,181),1,1
(96,186),1,1
(97,36),1,1
(97,44),1,1
(97,50),1,1
(97,77),1,1
(97,118),1,1
(97,126),1,1
(97,132),1,1
(97,148),1,1
(98,5),1,1
(98,17),1,1
(98,26),1,1
(98,29),1,1
(98,30),1,1
(98,31),1,1
(98,35),1,1
(98,46),1,1
(98,58),1,1
(98,64),1,1
(98,65),1,1
(98,66),1,1
(98,69),1,1
(98,75),1,1
(98,76),1,1
(98,77),1,1
(98,85),1,1
(98,89),1,1
(98,94),1,1
(98,102),1,1
(98,103),1,1
(98,105),1,1
(98,106),1,1
(98,107),1,1
(98,108),1,1
(98,113),1,1
(98,116),1,1
(98,117),1,1
(98,126),1,1
(98,128),1,1
(98,137),1,1
(98,138),1,1
(98,139),1,1
(98,140),1,1
(98,141),1,1
(98,142),1,1
(98,143),1,1
(98,147),1,1
(98,151),1,1
(98,158),1,1
(98,172),1,1
(98,175),1,1
(98,180),1,1
(98,181),1,1
(98,186),1,1
(99,44),1,1
(99,126),1,1
(100,40),1,1
(100,44),1,1
(100,126),1,1
(100,148),1,1
(101,82),1,1
(101,126),1,1
(102,5),1,1
(102,9),1,1
(102,10),1,1
(102,17),1,1
(102,26),1,1
(102,29),1,1
(102,31),1,1
(102,33),1,1
(102,34),1,1
(102,35),1,1
(102,39),1,1
(102,44),1,1
(102,46),1,1
(102,51),1,1
(102,58),1,1
(102,65),1,1
(102,66),1,1
(102,69),1,1
(102,75),1,1
(102,87),1,1
(102,89),1,1
(102,93),1,1
(102,94),1,1
(102,103),1,1
(102,106),1,1
(102,107),1,1
(102,108),1,1
(102,113),1,1
(102,116),1,1
(102,117),1,1
(102,122),1,1
(102,126),1,1
(102,127),1,1
(102,128),1,1
(102,138),1,1
(102,139),1,1
(102,140),1,1
(102,141),1,1
(102,142),1,1
(102,143),1,1
(102,147),1,1
(102,148),1,1
(102,151),1,1
(102,159),1,1
(102,162),1,1
(102,172),1,1
(102,173),1,1
(102,175),1,1
(102,180),1,1
(102,181),1,1
(102,186),1,1
(103,42),1,1
(103,44),1,1
(103,50),1,1
(103,77),1,1
(103,126),1,1
(103,148),1,1
(103,171),1,1
(104,25),1,1
(104,77),1,1
(104,126),1,1
(104,146),1,1
(105,148),1,1
(106,24),1,1
(106,77),1,1
(106,126),1,1
(106,132),1,1
(106,148),1,1
(107,50),1,1
(107,77),1,1
(107,82),1,1
(107,126),1,1
(107,148),1,1
(108,40),1,1
(108,50),1,1
(108,68),1,1
(108,126),1,1
(108,148),1,1
(109,26),1,1
(109,31),1,1
(109,66),1,1
(109,69),1,1
(109,127),1,1
(109,148),1,1
(110,5),1,1
(110,16),1,1
(110,17),1,1
(110,26),1,1
(110,29),1,1
(110,31),1,1
(110,33),1,1
(110,35),1,1
(110,46),1,1
(110,50),1,1
(110,58),1,1
(110,65),1,1
(110,66),1,1
(110,69),1,1
(110,75),1,1
(110,77),1,1
(110,89),1,1
(110,91),1,1
(110,92),1,1
(110,99),1,1
(110,101),1,1
(110,103),1,1
(110,106),1,1
(110,108),1,1
(110,113),1,1
(110,116),1,1
(110,117),1,1
(110,122),1,1
(110,125),1,1
(110,126),1,1
(110,128),1,1
(110,137),1,1
(110,138),1,1
(110,139),1,1
(110,140),1,1
(110,141),1,1
(110,142),1,1
(110,143),1,1
(110,147),1,1
(110,148),1,1
(110,151),1,1
(110,162),1,1
(110,172),1,1
(110,180),1,1
(110,181),1,1
(110,186),1,1
(111,44),1,1
(111,126),1,1
(111,148),1,1
(112,14),1,1
(112,77),1,1
(112,126),1,1
(112,132),1,1
(112,146),1,1
(113,126),1,1
(114,5),1,1
(114,9),1,1
(114,13),1,1
(114,17),1,1
(114,26),1,1
(114,28),1,1
(114,29),1,1
(114,31),1,1
(114,33),1,1
(114,35),1,1
(114,44),1,1
(114,46),1,1
(114,49),1,1
(114,58),1,1
(114,65),1,1
(114,66),1,1
(114,69),1,1
(114,75),1,1
(114,77),1,1
(114,87),1,1
(114,89),1,1
(114,91),1,1
(114,92),1,1
(114,103),1,1
(114,106),1,1
(114,107),1,1
(114,108),1,1
(114,116),1,1
(114,117),1,1
(114,122),1,1
(114,126),1,1
(114,127),1,1
(114,128),1,1
(114,138),1,1
(114,139),1,1
(114,141),1,1
(114,142),1,1
(114,143),1,1
(114,146),1,1
(114,148),1,1
(114,151),1,1
(114,152),1,1
(114,162),1,1
(114,172),1,1
(114,180),1,1
(114,181),1,1
(114,185),1,1
(114,186),1,1
(115,42),1,1
(115,44),1,1
(115,112),1,1
(115,126),1,1
(115,148),1,1
(116,10),1,1
(116,42),1,1
(116,77),1,1
(116,126),1,1
(116,146),1,1
(117,42),1,1
(117,68),1,1
(117,126),1,1
(117,148),1,1
(118,26),1,1
(118,31),1,1
(118,66),1,1
(118,69),1,1
(118,107),1,1
(118,127),1,1
(119,9),1,1
(119,26),1,1
(119,31),1,1
(119,66),1,1
(119,69),1,1
(119,107),1,1
(119,127),1,1
(120,5),1,1
(120,17),1,1
(120,26),1,1
(120,29),1,1
(120,31),1,1
(120,33),1,1
(120,35),1,1
(120,44),1,1
(120,46),1,1
(120,50),1,1
(120,51),1,1
(120,52),1,1
(120,58),1,1
(120,65),1,1
(120,66),1,1
(120,69),1,1
(120,75),1,1
(120,77),1,1
(120,89),1,1
(120,92),1,1
(120,94),1,1
(120,103),1,1
(120,106),1,1
(120,108),1,1
(120,113),1,1
(120,116),1,1
(120,117),1,1
(120,126),1,1
(120,128),1,1
(120,135),1,1
(120,137),1,1
(120,138),1,1
(120,139),1,1
(120,140),1,1
(120,141),1,1
(120,142),1,1
(120,143),1,1
(120,147),1,1
(120,148),1,1
(120,151),1,1
(120,152),1,1
(120,162),1,1
(120,172),1,1
(120,181),1,1
(120,186),1,1
(121,3),1,1
(121,5),1,1
(121,17),1,1
(121,26),1,1
(121,29),1,1
(121,31),1,1
(121,35),1,1
(121,40),1,1
(121,46),1,1
(121,50),1,1
(121,58),1,1
(121,65),1,1
(121,66),1,1
(121,69),1,1
(121,75),1,1
(121,76),1,1
(121,80),1,1
(121,86),1,1
(121,89),1,1
(121,103),1,1
(121,106),1,1
(121,108),1,1
(121,111),1,1
(121,113),1,1
(121,117),1,1
(121,126),1,1
(121,127),1,1
(121,128),1,1
(121,135),1,1
(121,137),1,1
(121,138),1,1
(121,139),1,1
(121,140),1,1
(121,142),1,1
(121,143),1,1
(121,147),1,1
(121,151),1,1
(121,162),1,1
(121,180),1,1
(121,184),1,1
(121,186),1,1
(121,189),1,1
(122,37),1,1
(122,44),1,1
(122,85),1,1
(122,114),1,1
(122,126),1,1
(123,5),1,1
(123,13),1,1
(123,24),1,1
(123,26),1,1
(123,28),1,1
(123,29),1,1
(123,31),1,1
(123,33),1,1
(123,34),1,1
(123,35),1,1
(123,38),1,1
(123,44),1,1
(123,46),1,1
(123,50),1,1
(123,58),1,1
(123,65),1,1
(123,66),1,1
(123,69),1,1
(123,75),1,1
(123,87),1,1
(123,89),1,1
(123,92),1,1
(123,94),1,1
(123,103),1,1
(123,106),1,1
(123,107),1,1
(123,108),1,1
(123,113),1,1
(123,116),1,1
(123,117),1,1
(123,122),1,1
(123,125),1,1
(123,126),1,1
(123,127),1,1
(123,128),1,1
(123,137),1,1
(123,138),1,1
(123,139),1,1
(123,141),1,1
(123,142),1,1
(123,143),1,1
(123,147),1,1
(123,150),1,1
(123,151),1,1
(123,162),1,1
(123,180),1,1
(123,181),1,1
(123,186),1,1
(124,5),1,1
(124,7),1,1
(124,13),1,1
(124,16),1,1
(124,17),1,1
(124,26),1,1
(124,29),1,1
(124,31),1,1
(124,33),1,1
(124,34),1,1
(124,35),1,1
(124,46),1,1
(124,49),1,1
(124,58),1,1
(124,59),1,1
(124,65),1,1
(124,66),1,1
(124,69),1,1
(124,75),1,1
(124,78),1,1
(124,89),1,1
(124,94),1,1
(124,103),1,1
(124,106),1,1
(124,107),1,1
(124,108),1,1
(124,112),1,1
(124,113),1,1
(124,117),1,1
(124,126),1,1
(124,128),1,1
(124,138),1,1
(124,139),1,1
(124,140),1,1
(124,141),1,1
(124,142),1,1
(124,143),1,1
(124,147),1,1
(124,151),1,1
(124,152),1,1
(124,162),1,1
(124,181),1,1
(124,186),1,1
(125,50),1,1
(125,126),1,1
(125,132),1,1
(125,148),1,1
(126,9),1,1
(126,26),1,1
(126,31),1,1
(126,66),1,1
(126,69),1,1
(126,107),1,1
(126,127),1,1
(126,175),1,1
(127,77),1,1
(127,112),1,1
(127,126),1,1
(127,148),1,1
(128,26),1,1
(128,31),1,1
(128,66),1,1
(128,69),1,1
(128,107),1,1
(129,5),1,1
(129,9),1,1
(129,17),1,1
(129,26),1,1
(129,28),1,1
(129,29),1,1
(129,31),1,1
(129,34),1,1
(129,35),1,1
(129,46),1,1
(129,50),1,1
(129,58),1,1
(129,66),1,1
(129,69),1,1
(129,75),1,1
(129,80),1,1
(129,89),1,1
(129,93),1,1
(129,94),1,1
(129,102),1,1
(129,103),1,1
(129,105),1,1
(129,106),1,1
(129,108),1,1
(129,116),1,1
(129,117),1,1
(129,122),1,1
(129,125),1,1
(129,126),1,1
(129,128),1,1
(129,137),1,1
(129,138),1,1
(129,139),1,1
(129,140),1,1
(129,142),1,1
(129,143),1,1
(129,146),1,1
(129,148),1,1
(129,151),1,1
(129,162),1,1
(129,172),1,1
(129,175),1,1
(129,181),1,1
(129,186),1,1
(130,26),1,1
(130,31),1,1
(130,66),1,1
(130,69),1,1
(130,107),1,1
(130,127),1,1
(130,175),1,1
(131,44),1,1
(131,50),1,1
(131,112),1,1
(131,126),1,1
(132,42),1,1
(132,44),1,1
(132,50),1,1
(132,77),1,1
(132,126),1,1
(132,146),1,1
(132,148),1,1
(133,9),1,1
(133,26),1,1
(133,31),1,1
(133,66),1,1
(133,69),1,1
(133,107),1,1
(133,127),1,1
(133,148),1,1
(134,126),1,1
(135,5),1,1
(135,9),1,1
(135,13),1,1
(135,17),1,1
(135,26),1,1
(135,29),1,1
(135,31),1,1
(135,35),1,1
(135,44),1,1
(135,46),1,1
(135,58),1,1
(135,65),1,1
(135,66),1,1
(135,69),1,1
(135,75),1,1
(135,87),1,1
(135,89),1,1
(135,94),1,1
(135,101),1,1
(135,103),1,1
(135,106),1,1
(135,108),1,1
(135,113),1,1
(135,117),1,1
(135,122),1,1
(135,125),1,1
(135,126),1,1
(135,128),1,1
(135,132),1,1
(135,137),1,1
(135,138),1,1
(135,139),1,1
(135,141),1,1
(135,143),1,1
(135,150),1,1
(135,151),1,1
(135,162),1,1
(135,173),1,1
(135,180),1,1
(135,186),1,1
(135,187),1,1
(136,40),1,1
(136,42),1,1
(136,126),1,1
(136,132),1,1
(136,148),1,1
(137,26),1,1
(137,31),1,1
(137,66),1,1
(137,69),1,1
(137,148),1,1
(138,42),1,1
(138,126),1,1
(138,132),1,1
(138,148),1,1
(139,40),1,1
(139,44),1,1
(139,126),1,1
(140,24),1,1
(140,37),1,1
(140,77),1,1
(140,126),1,1
(140,148),1,1
(141,40),1,1
(141,44),1,1
(141,77),1,1
(141,126),1,1
(141,148),1,1
(142,24),1,1
(142,82),1,1
(142,126),1,1
(142,146),1,1
(143,26),1,1
(143,31),1,1
(143,66),1,1
(143,69),1,1
(143,107),1,1
(143,127),1,1
(143,148),1,1
(144,44),1,1
(144,77),1,1
(144,126),1,1
(144,184),1,1
(145,24),1,1
(145,40),1,1
(145,50),1,1
(145,126),1,1
(145,132),1,1
(146,40),1,1
(146,42),1,1
(146,126),1,1
(146,132),1,1
(146,148),1,1
(147,50),1,1
(147,77),1,1
(147,85),1,1
(147,126),1,1
(147,132),1,1
(147,148),1,1
(148,5),1,1
(148,13),1,1
(148,22),1,1
(148,26),1,1
(148,28),1,1
(148,29),1,1
(148,31),1,1
(148,33),1,1
(148,34),1,1
(148,35),1,1
(148,39),1,1
(148,46),1,1
(148,58),1,1
(148,59),1,1
(148,62),1,1
(148,65),1,1
(148,66),1,1
(148,69),1,1
(148,75),1,1
(148,89),1,1
(148,94),1,1
(148,103),1,1
(148,106),1,1
(148,108),1,1
(148,113),1,1
(148,117),1,1
(148,122),1,1
(148,125),1,1
(148,126),1,1
(148,127),1,1
(148,128),1,1
(148,137),1,1
(148,138),1,1
(148,139),1,1
(148,141),1,1
(148,142),1,1
(148,143),1,1
(148,147),1,1
(148,151),1,1
(148,152),1,1
(148,162),1,1
(148,168),1,1
(148,173),1,1
(148,180),1,1
(148,185),1,1
(148,186),1,1
(149,5),1,1
(149,14),1,1
(149,17),1,1
(149,26),1,1
(149,28),1,1
(149,29),1,1
(149,31),1,1
(149,33),1,1
(149,35),1,1
(149,38),1,1
(149,46),1,1
(149,58),1,1
(149,64),1,1
(149,65),1,1
(149,66),1,1
(149,69),1,1
(149,75),1,1
(149,89),1,1
(149,94),1,1
(149,103),1,1
(149,106),1,1
(149,108),1,1
(149,113),1,1
(149,117),1,1
(149,122),1,1
(149,125),1,1
(149,126),1,1
(149,127),1,1
(149,128),1,1
(149,137),1,1
(149,138),1,1
(149,139),1,1
(149,140),1,1
(149,141),1,1
(149,143),1,1
(149,147),1,1
(149,148),1,1
(149,151),1,1
(149,162),1,1
(149,172),1,1
(149,181),1,1
(149,186),1,1
(150,44),1,1
(150,112),1,1
(150,126),1,1
(150,132),1,1
(150,148),1,1
(151,44),1,1
(151,50),1,1
(151,82),1,1
(151,126),1,1
(151,148),1,1
(152,5),1,1
(152,17),1,1
(152,26),1,1
(152,28),1,1
(152,29),1,1
(152,31),1,1
(152,33),1,1
(152,35),1,1
(152,46),1,1
(152,49),1,1
(152,58),1,1
(152,65),1,1
(152,66),1,1
(152,69),1,1
(152,75),1,1
(152,76),1,1
(152,84),1,1
(152,89),1,1
(152,93),1,1
(152,103),1,1
(152,106),1,1
(152,108),1,1
(152,116),1,1
(152,117),1,1
(152,122),1,1
(152,126),1,1
(152,127),1,1
(152,128),1,1
(152,132),1,1
(152,137),1,1
(152,138),1,1
(152,139),1,1
(152,140),1,1
(152,141),1,1
(152,142),1,1
(152,143),1,1
(152,147),1,1
(152,148),1,1
(152,151),1,1
(152,155),1,1
(152,162),1,1
(152,175),1,1
(152,181),1,1
(152,182),1,1
(152,186),1,1
(153,9),1,1
(153,25),1,1
(153,26),1,1
(153,31),1,1
(153,66),1,1
(153,69),1,1
(153,105),1,1
(153,107),1,1
(153,127),1,1
(153,148),1,1
(154,82),1,1
(154,112),1,1
(154,126),1,1
(154,132),1,1
(154,148),1,1
(155,74),1,1
(155,126),1,1
(156,5),1,1
(156,12),1,1
(156,13),1,1
(156,16),1,1
(156,26),1,1
(156,29),1,1
(156,31),1,1
(156,33),1,1
(156,35),1,1
(156,38),1,1
(156,46),1,1
(156,50),1,1
(156,58),1,1
(156,65),1,1
(156,66),1,1
(156,69),1,1
(156,75),1,1
(156,89),1,1
(156,94),1,1
(156,101),1,1
(156,103),1,1
(156,106),1,1
(156,108),1,1
(156,116),1,1
(156,117),1,1
(156,122),1,1
(156,125),1,1
(156,126),1,1
(156,127),1,1
(156,128),1,1
(156,138),1,1
(156,139),1,1
(156,141),1,1
(156,142),1,1
(156,143),1,1
(156,147),1,1
(156,148),1,1
(156,151),1,1
(156,162),1,1
(156,175),1,1
(156,180),1,1
(156,181),1,1
(156,186),1,1
(157,24),1,1
(157,42),1,1
(157,44),1,1
(157,50),1,1
(157,126),1,1
(157,148),1,1
(158,5),1,1
(158,9),1,1
(158,13),1,1
(158,16),1,1
(158,17),1,1
(158,26),1,1
(158,29),1,1
(158,31),1,1
(158,33),1,1
(158,35),1,1
(158,44),1,1
(158,46),1,1
(158,49),1,1
(158,58),1,1
(158,59),1,1
(158,66),1,1
(158,69),1,1
(158,75),1,1
(158,77),1,1
(158,87),1,1
(158,89),1,1
(158,92),1,1
(158,94),1,1
(158,103),1,1
(158,106),1,1
(158,108),1,1
(158,113),1,1
(158,116),1,1
(158,117),1,1
(158,122),1,1
(158,125),1,1
(158,126),1,1
(158,128),1,1
(158,137),1,1
(158,138),1,1
(158,139),1,1
(158,141),1,1
(158,142),1,1
(158,143),1,1
(158,147),1,1
(158,151),1,1
(158,172),1,1
(158,180),1,1
(158,181),1,1
(158,186),1,1
(159,24),1,1
(159,77),1,1
(159,126),1,1
(159,148),1,1
(159,171),1,1
(160,114),1,1
(160,126),1,1
(160,148),1,1
(161,40),1,1
(161,44),1,1
(161,112),1,1
(161,126),1,1
(161,132),1,1
(162,68),1,1
(162,77),1,1
(162,126),1,1
(162,148),1,1
(163,40),1,1
(163,77),1,1
(163,126),1,1
(164,26),1,1
(164,31),1,1
(164,66),1,1
(164,69),1,1
(164,105),1,1
(164,127),1,1
(164,148),1,1
(165,5),1,1
(165,10),1,1
(165,13),1,1
(165,26),1,1
(165,29),1,1
(165,31),1,1
(165,34),1,1
(165,35),1,1
(165,39),1,1
(165,44),1,1
(165,46),1,1
(165,58),1,1
(165,59),1,1
(165,65),1,1
(165,66),1,1
(165,69),1,1
(165,75),1,1
(165,77),1,1
(165,87),1,1
(165,89),1,1
(165,91),1,1
(165,93),1,1
(165,101),1,1
(165,103),1,1
(165,106),1,1
(165,107),1,1
(165,108),1,1
(165,113),1,1
(165,116),1,1
(165,117),1,1
(165,122),1,1
(165,125),1,1
(165,126),1,1
(165,127),1,1
(165,128),1,1
(165,137),1,1
(165,138),1,1
(165,139),1,1
(165,140),1,1
(165,141),1,1
(165,142),1,1
(165,143),1,1
(165,147),1,1
(165,151),1,1
(165,172),1,1
(165,180),1,1
(165,181),1,1
(165,186),1,1
(166,22),1,1
(166,24),1,1
(166,40),1,1
(166,77),1,1
(166,126),1,1
(166,132),1,1
(166,148),1,1
(167,44),1,1
(167,77),1,1
(167,126),1,1
(167,148),1,1
(168,126),1,1
(169,5),1,1
(169,17),1,1
(169,22),1,1
(169,26),1,1
(169,28),1,1
(169,29),1,1
(169,31),1,1
(169,34),1,1
(169,35),1,1
(169,44),1,1
(169,46),1,1
(169,53),1,1
(169,58),1,1
(169,59),1,1
(169,65),1,1
(169,66),1,1
(169,69),1,1
(169,75),1,1
(169,76),1,1
(169,77),1,1
(169,89),1,1
(169,101),1,1
(169,103),1,1
(169,106),1,1
(169,108),1,1
(169,113),1,1
(169,117),1,1
(169,122),1,1
(169,125),1,1
(169,126),1,1
(169,128),1,1
(169,132),1,1
(169,137),1,1
(169,138),1,1
(169,139),1,1
(169,143),1,1
(169,147),1,1
(169,151),1,1
(169,152),1,1
(169,175),1,1
(169,186),1,1
(170,3),1,1
(170,5),1,1
(170,9),1,1
(170,13),1,1
(170,26),1,1
(170,29),1,1
(170,31),1,1
(170,33),1,1
(170,34),1,1
(170,35),1,1
(170,44),1,1
(170,46),1,1
(170,50),1,1
(170,58),1,1
(170,59),1,1
(170,64),1,1
(170,65),1,1
(170,66),1,1
(170,69),1,1
(170,75),1,1
(170,87),1,1
(170,89),1,1
(170,91),1,1
(170,92),1,1
(170,103),1,1
(170,105),1,1
(170,106),1,1
(170,107),1,1
(170,108),1,1
(170,113),1,1
(170,117),1,1
(170,120),1,1
(170,122),1,1
(170,126),1,1
(170,127),1,1
(170,128),1,1
(170,132),1,1
(170,138),1,1
(170,139),1,1
(170,141),1,1
(170,142),1,1
(170,143),1,1
(170,147),1,1
(170,151),1,1
(170,152),1,1
(170,173),1,1
(170,180),1,1
(170,181),1,1
(170,186),1,1
(171,44),1,1
(171,82),1,1
(171,112),1,1
(171,126),1,1
(171,132),1,1
(172,40),1,1
(172,44),1,1
(172,77),1,1
(172,97),1,1
(172,126),1,1
(172,132),1,1
(172,148),1,1
(173,9),1,1
(173,26),1,1
(173,31),1,1
(173,66),1,1
(173,69),1,1
(173,107),1,1
(173,127),1,1
(173,148),1,1
(174,26),1,1
(174,31),1,1
(174,66),1,1
(174,107),1,1
(175,36),1,1
(175,77),1,1
(175,85),1,1
(175,126),1,1
(175,132),1,1
(175,148),1,1
(176,26),1,1
(176,27),1,1
(176,31),1,1
(176,66),1,1
(176,69),1,1
(176,127),1,1
(176,175),1,1
(177,5),1,1
(177,10),1,1
(177,13),1,1
(177,17),1,1
(177,26),1,1
(177,28),1,1
(177,29),1,1
(177,31),1,1
(177,34),1,1
(177,35),1,1
(177,42),1,1
(177,44),1,1
(177,46),1,1
(177,53),1,1
(177,58),1,1
(177,59),1,1
(177,64),1,1
(177,66),1,1
(177,69),1,1
(177,75),1,1
(177,82),1,1
(177,89),1,1
(177,92),1,1
(177,103),1,1
(177,106),1,1
(177,108),1,1
(177,113),1,1
(177,117),1,1
(177,122),1,1
(177,126),1,1
(177,127),1,1
(177,128),1,1
(177,132),1,1
(177,138),1,1
(177,139),1,1
(177,140),1,1
(177,142),1,1
(177,143),1,1
(177,147),1,1
(177,148),1,1
(177,151),1,1
(177,162),1,1
(177,172),1,1
(177,180),1,1
(177,181),1,1
(177,186),1,1
(177,189),1,1
(178,40),1,1
(178,77),1,1
(178,126),1,1
(178,146),1,1
(178,148),1,1
(179,5),1,1
(179,10),1,1
(179,13),1,1
(179,16),1,1
(179,17),1,1
(179,26),1,1
(179,28),1,1
(179,29),1,1
(179,31),1,1
(179,35),1,1
(179,44),1,1
(179,46),1,1
(179,50),1,1
(179,58),1,1
(179,66),1,1
(179,69),1,1
(179,75),1,1
(179,77),1,1
(179,89),1,1
(179,93),1,1
(179,103),1,1
(179,106),1,1
(179,108),1,1
(179,113),1,1
(179,117),1,1
(179,121),1,1
(179,122),1,1
(179,125),1,1
(179,126),1,1
(179,128),1,1
(179,137),1,1
(179,138),1,1
(179,139),1,1
(179,142),1,1
(179,143),1,1
(179,151),1,1
(179,162),1,1
(179,172),1,1
(179,175),1,1
(179,181),1,1
(179,186),1,1
(180,77),1,1
(180,112),1,1
(180,126),1,1
(180,171),1,1
(181,24),1,1
(181,44),1,1
(181,50),1,1
(181,77),1,1
(181,112),1,1
(181,126),1,1
(181,146),1,1
(181,148),1,1
(182,26),1,1
(182,31),1,1
(182,66),1,1
(182,69),1,1
(182,127),1,1
(182,148),1,1
(183,5),1,1
(183,13),1,1
(183,16),1,1
(183,26),1,1
(183,29),1,1
(183,31),1,1
(183,33),1,1
(183,35),1,1
(183,44),1,1
(183,46),1,1
(183,50),1,1
(183,58),1,1
(183,65),1,1
(183,66),1,1
(183,69),1,1
(183,75),1,1
(183,80),1,1
(183,89),1,1
(183,91),1,1
(183,94),1,1
(183,99),1,1
(183,103),1,1
(183,106),1,1
(183,108),1,1
(183,110),1,1
(183,111),1,1
(183,112),1,1
(183,113),1,1
(183,116),1,1
(183,117),1,1
(183,126),1,1
(183,127),1,1
(183,128),1,1
(183,137),1,1
(183,138),1,1
(183,139),1,1
(183,141),1,1
(183,142),1,1
(183,143),1,1
(183,151),1,1
(183,172),1,1
(183,173),1,1
(183,175),1,1
(183,180),1,1
(183,186),1,1
(184,40),1,1
(184,42),1,1
(184,44),1,1
(184,77),1,1
(184,123),1,1
(184,126),1,1
(184,132),1,1
(184,148),1,1
(185,10),1,1
(185,42),1,1
(185,126),1,1
(185,171),1,1
(186,148),1,1
(187,26),1,1
(187,31),1,1
(187,66),1,1
(187,69),1,1
(187,107),1,1
(187,127),1,1
(187,148),1,1
(188,10),1,1
(188,14),1,1
(188,36),1,1
(188,40),1,1
(188,82),1,1
(188,85),1,1
(188,126),1,1
(189,5),1,1
(189,13),1,1
(189,26),1,1
(189,29),1,1
(189,31),1,1
(189,33),1,1
(189,34),1,1
(189,35),1,1
(189,39),1,1
(189,46),1,1
(189,53),1,1
(189,58),1,1
(189,65),1,1
(189,66),1,1
(189,68),1,1
(189,69),1,1
(189,75),1,1
(189,77),1,1
(189,80),1,1
(189,89),1,1
(189,94),1,1
(189,103),1,1
(189,105),1,1
(189,106),1,1
(189,107),1,1
(189,108),1,1
(189,116),1,1
(189,117),1,1
(189,122),1,1
(189,125),1,1
(189,126),1,1
(189,128),1,1
(189,137),1,1
(189,138),1,1
(189,139),1,1
(189,140),1,1
(189,141),1,1
(189,142),1,1
(189,143),1,1
(189,146),1,1
(189,147),1,1
(189,148),1,1
(189,151),1,1
(189,162),1,1
(189,172),1,1
(189,173),1,1
(189,180),1,1
(189,181),1,1
(189,186),1,1
(189,187),1,1
(190,5),1,1
(190,9),1,1
(190,13),1,1
(190,26),1,1
(190,29),1,1
(190,31),1,1
(190,33),1,1
(190,35),1,1
(190,39),1,1
(190,46),1,1
(190,58),1,1
(190,59),1,1
(190,65),1,1
(190,66),1,1
(190,69),1,1
(190,75),1,1
(190,76),1,1
(190,86),1,1
(190,89),1,1
(190,92),1,1
(190,94),1,1
(190,103),1,1
(190,106),1,1
(190,107),1,1
(190,108),1,1
(190,116),1,1
(190,117),1,1
(190,122),1,1
(190,126),1,1
(190,127),1,1
(190,128),1,1
(190,138),1,1
(190,139),1,1
(190,140),1,1
(190,141),1,1
(190,142),1,1
(190,143),1,1
(190,147),1,1
(190,151),1,1
(190,152),1,1
(190,162),1,1
(190,168),1,1
(190,172),1,1
(190,173),1,1
(190,180),1,1
(190,181),1,1
(190,186),1,1
(191,5),1,1
(191,13),1,1
(191,16),1,1
(191,17),1,1
(191,26),1,1
(191,29),1,1
(191,31),1,1
(191,33),1,1
(191,34),1,1
(191,35),1,1
(191,46),1,1
(191,53),1,1
(191,58),1,1
(191,65),1,1
(191,66),1,1
(191,69),1,1
(191,75),1,1
(191,89),1,1
(191,94),1,1
(191,103),1,1
(191,106),1,1
(191,108),1,1
(191,113),1,1
(191,117),1,1
(191,122),1,1
(191,126),1,1
(191,127),1,1
(191,128),1,1
(191,137),1,1
(191,138),1,1
(191,139),1,1
(191,140),1,1
(191,141),1,1
(191,142),1,1
(191,143),1,1
(191,147),1,1
(191,150),1,1
(191,151),1,1
(191,152),1,1
(191,157),1,1
(191,162),1,1
(191,172),1,1
(191,173),1,1
(191,175),1,1
(191,180),1,1
(191,181),1,1
(191,186),1,1
(192,9),1,1
(192,18),1,1
(192,26),1,1
(192,31),1,1
(192,66),1,1
(192,69),1,1
(192,107),1,1
(192,127),1,1
(192,159),1,1
(192,175),1,1
(193,26),1,1
(193,31),1,1
(193,66),1,1
(193,69),1,1
(193,107),1,1
(193,127),1,1
(193,148),1,1
(193,175),1,1
(194,3),1,1
(194,5),1,1
(194,9),1,1
(194,13),1,1
(194,16),1,1
(194,17),1,1
(194,26),1,1
(194,29),1,1
(194,31),1,1
(194,33),1,1
(194,35),1,1
(194,40),1,1
(194,42),1,1
(194,46),1,1
(194,50),1,1
(194,58),1,1
(194,65),1,1
(194,66),1,1
(194,69),1,1
(194,73),1,1
(194,75),1,1
(194,82),1,1
(194,89),1,1
(194,103),1,1
(194,106),1,1
(194,108),1,1
(194,110),1,1
(194,113),1,1
(194,116),1,1
(194,117),1,1
(194,122),1,1
(194,126),1,1
(194,127),1,1
(194,128),1,1
(194,138),1,1
(194,139),1,1
(194,140),1,1
(194,141),1,1
(194,142),1,1
(194,143),1,1
(194,147),1,1
(194,148),1,1
(194,151),1,1
(194,152),1,1
(194,162),1,1
(194,168),1,1
(194,175),1,1
(194,180),1,1
(194,181),1,1
(194,186),1,1
(195,24),1,1
(195,40),1,1
(195,42),1,1
(195,77),1,1
(195,126),1,1
(195,148),1,1
(196,5),1,1
(196,7),1,1
(196,17),1,1
(196,26),1,1
(196,29),1,1
(196,30),1,1
(196,31),1,1
(196,33),1,1
(196,34),1,1
(196,35),1,1
(196,39),1,1
(196,46),1,1
(196,50),1,1
(196,58),1,1
(196,65),1,1
(196,66),1,1
(196,69),1,1
(196,75),1,1
(196,89),1,1
(196,95),1,1
(196,103),1,1
(196,106),1,1
(196,108),1,1
(196,113),1,1
(196,117),1,1
(196,122),1,1
(196,125),1,1
(196,126),1,1
(196,127),1,1
(196,128),1,1
(196,138),1,1
(196,139),1,1
(196,140),1,1
(196,141),1,1
(196,142),1,1
(196,143),1,1
(196,147),1,1
(196,148),1,1
(196,151),1,1
(196,152),1,1
(196,157),1,1
(196,159),1,1
(196,162),1,1
(196,172),1,1
(196,173),1,1
(196,175),1,1
(196,181),1,1
(196,183),1,1
(196,186),1,1
(197,44),1,1
(197,77),1,1
(197,82),1,1
(197,126),1,1
(197,148),1,1
(198,77),1,1
(198,126),1,1
(198,148),1,1
(199,50),1,1
(199,126),1,1
(199,132),1,1
