Nr_Pairs = 200
Nr_NDD = 0
Nr_Arcs = 3870
0,0,0,0,0
1,0,0,0,0
2,0,0,0,0
3,0,0,0,0
4,0,0,0,0
5,0,0,0,0
6,0,0,0,0
7,0,0,0,0
8,0,0,0,0
9,0,0,0,0
10,0,0,0,0
11,0,0,0,0
12,0,0,0,0
13,0,0,0,0
14,0,0,0,0
15,0,0,0,0
16,0,0,0,0
17,0,0,0,0
18,0,0,0,0
19,0,0,0,0
20,0,0,0,0
21,0,0,0,0
22,0,0,0,0
23,0,0,0,0
24,0,0,0,0
25,0,0,0,0
26,0,0,0,0
27,0,0,0,0
28,0,0,0,0
29,0,0,0,0
30,0,0,0,0
31,0,0,0,0
32,0,0,0,0
33,0,0,0,0
34,0,0,0,0
35,0,0,0,0
36,0,0,0,0
37,0,0,0,0
38,0,0,0,0
39,0,0,0,0
40,0,0,0,0
41,0,0,0,0
42,0,0,0,0
43,0,0,0,0
44,0,0,0,0
45,0,0,0,0
46,0,0,0,0
47,0,0,0,0
48,0,0,0,0
49,0,0,0,0
50,0,0,0,0
51,0,0,0,0
52,0,0,0,0
53,0,0,0,0
54,0,0,0,0
55,0,0,0,0
56,0,0,0,0
57,0,0,0,0
58,0,0,0,0
59,0,0,0,0
60,0,0,0,0
61,0,0,0,0
62,0,0,0,0
63,0,0,0,0
64,0,0,0,0
65,0,0,0,0
66,0,0,0,0
67,0,0,0,0
68,0,0,0,0
69,0,0,0,0
70,0,0,0,0
71,0,0,0,0
72,0,0,0,0
73,0,0,0,0
74,0,0,0,0
75,0,0,0,0
76,0,0,0,0
77,0,0,0,0
78,0,0,0,0
79,0,0,0,0
80,0,0,0,0
81,0,0,0,0
82,0,0,0,0
83,0,0,0,0
84,0,0,0,0
85,0,0,0,0
86,0,0,0,0
87,0,0,0,0
88,0,0,0,0
89,0,0,0,0
90,0,0,0,0
91,0,0,0,0
92,0,0,0,0
93,0,0,0,0
94,0,0,0,0
95,0,0,0,0
96,0,0,0,0
97,0,0,0,0
98,0,0,0,0
99,0,0,0,0
100,0,0,0,0
101,0,0,0,0
102,0,0,0,0
103,0,0,0,0
104,0,0,0,0
105,0,0,0,0
106,0,0,0,0
107,0,0,0,0
108,0,0,0,0
109,0,0,0,0
110,0,0,0,0
111,0,0,0,0
112,0,0,0,0
113,0,0,0,0
114,0,0,0,0
115,0,0,0,0
116,0,0,0,0
117,0,0,0,0
118,0,0,0,0
119,0,0,0,0
120,0,0,0,0
121,0,0,0,0
122,0,0,0,0
123,0,0,0,0
124,0,0,0,0
125,0,0,0,0
126,0,0,0,0
127,0,0,0,0
128,0,0,0,0
129,0,0,0,0
130,0,0,0,0
131,0,0,0,0
132,0,0,0,0
133,0,0,0,0
134,0,0,0,0
135,0,0,0,0
136,0,0,0,0
137,0,0,0,0
138,0,0,0,0
139,0,0,0,0
140,0,0,0,0
141,0,0,0,0
142,0,0,0,0
143,0,0,0,0
144,0,0,0,0
145,0,0,0,0
146,0,0,0,0
147,0,0,0,0
148,0,0,0,0
149,0,0,0,0
150,0,0,0,0
151,0,0,0,0
152,0,0,0,0
153,0,0,0,0
154,0,0,0,0
155,0,0,0,0
156,0,0,0,0
157,0,0,0,0
158,0,0,0,0
159,0,0,0,0
160,0,0,0,0
161,0,0,0,0
162,0,0,0,0
163,0,0,0,0
164,0,0,0,0
165,0,0,0,0
166,0,0,0,0
167,0,0,0,0
168,0,0,0,0
169,0,0,0,0
170,0,0,0,0
171,0,0,0,0
172,0,0,0,0
173,0,0,0,0
174,0,0,0,0
175,0,0,0,0
176,0,0,0,0
177,0,0,0,0
178,0,0,0,0
179,0,0,0,0
180,0,0,0,0
181,0,0,0,0
182,0,0,0,0
183,0,0,0,0
184,0,0,0,0
185,0,0,0,0
186,0,0,0,0
187,0,0,0,0
188,0,0,0,0
189,0,0,0,0
190,0,0,0,0
191,0,0,0,0
192,0,0,0,0
193,0,0,0,0
194,0,0,0,0
195,0,0,0,0
196,0,0,0,0
197,0,0,0,0
198,0,0,0,0
199,0,0,0,0
(0,3),1,1
(0,21),1,1
(0,23),1,1
(0,37),1,1
(0,49),1,1
(0,58),1,1
(0,71),1,1
(0,92),1,1
(0,102),1,1
(0,129),1,1
(0,135),1,1
(0,142),1,1
(0,148),1,1
(0,187),1,1
(0,194),1,1
(1,24),1,1
(1,37),1,1
(1,54),1,1
(1,57),1,1
(1,65),1,1
(1,94),1,1
(1,99),1,1
(1,105),1,1
(1,139),1,1
(1,146),1,1
(1,153),1,1
(1,156),1,1
(1,165),1,1
(1,179),1,1
(1,182),1,1
(2,13),1,1
(2,25),1,1
(2,33),1,1
(2,41),1,1
(2,51),1,1
(2,52),1,1
(2,64),1,1
(2,79),1,1
(2,81),1,1
(2,84),1,1
(2,93),1,1
(2,105),1,1
(2,111),1,1
(2,120),1,1
(2,131),1,1
(2,133),1,1
(2,157),1,1
(2,161),1,1
(2,172),1,1
(2,174),1,1
(3,9),1,1
(3,11),1,1
(3,21),1,1
(3,25),1,1
(3,34),1,1
(3,46),1,1
(3,56),1,1
(3,57),1,1
(3,60),1,1
(3,67),1,1
(3,97),1,1
(3,108),1,1
(3,127),1,1
(3,145),1,1
(3,154),1,1
(3,161),1,1
(3,167),1,1
(4,2),1,1
(4,7),1,1
(4,29),1,1
(4,37),1,1
(4,44),1,1
(4,49),1,1
(4,57),1,1
(4,76),1,1
(4,84),1,1
(4,86),1,1
(4,89),1,1
(4,95),1,1
(4,96),1,1
(4,97),1,1
(4,123),1,1
(4,125),1,1
(4,134),1,1
(4,152),1,1
(4,163),1,1
(4,165),1,1
(4,167),1,1
(4,177),1,1
(4,183),1,1
(4,186),1,1
(4,193),1,1
(5,26),1,1
(5,28),1,1
(5,39),1,1
(5,40),1,1
(5,41),1,1
(5,42),1,1
(5,44),1,1
(5,58),1,1
(5,94),1,1
(5,125),1,1
(5,156),1,1
(5,160),1,1
(5,163),1,1
(5,166),1,1
(5,178),1,1
(5,179),1,1
(5,182),1,1
(5,194),1,1
(6,2),1,1
(6,14),1,1
(6,18),1,1
(6,47),1,1
(6,52),1,1
(6,61),1,1
(6,62),1,1
(6,63),1,1
(6,71),1,1
(6,72),1,1
(6,75),1,1
(6,97),1,1
(6,98),1,1
(6,103),1,1
(6,121),1,1
(6,130),1,1
(6,132),1,1
(6,146),1,1
(6,155),1,1
(6,167),1,1
(6,181),1,1
(6,190),1,1
(6,198),1,1
(7,5),1,1
(7,61),1,1
(7,63),1,1
(7,84),1,1
(7,86),1,1
(7,93),1,1
(7,95),1,1
(7,101),1,1
(7,105),1,1
(7,122),1,1
(7,124),1,1
(7,139),1,1
(7,149),1,1
(7,153),1,1
(7,155),1,1
(7,178),1,1
(7,179),1,1
(7,182),1,1
(7,184),1,1
(7,186),1,1
(7,191),1,1
(8,2),1,1
(8,7),1,1
(8,10),1,1
(8,22),1,1
(8,46),1,1
(8,54),1,1
(8,73),1,1
(8,82),1,1
(8,94),1,1
(8,112),1,1
(8,117),1,1
(8,123),1,1
(8,137),1,1
(8,146),1,1
(8,171),1,1
(8,178),1,1
(8,182),1,1
(8,195),1,1
(9,1),1,1
(9,5),1,1
(9,16),1,1
(9,26),1,1
(9,33),1,1
(9,41),1,1
(9,53),1,1
(9,54),1,1
(9,63),1,1
(9,67),1,1
(9,84),1,1
(9,97),1,1
(9,113),1,1
(9,116),1,1
(9,129),1,1
(9,139),1,1
(9,140),1,1
(9,149),1,1
(9,154),1,1
(9,158),1,1
(9,166),1,1
(9,174),1,1
(9,179),1,1
(9,190),1,1
(9,192),1,1
(9,196),1,1
(10,3),1,1
(10,28),1,1
(10,40),1,1
(10,46),1,1
(10,47),1,1
(10,56),1,1
(10,61),1,1
(10,85),1,1
(10,99),1,1
(10,105),1,1
(10,114),1,1
(10,122),1,1
(10,124),1,1
(10,136),1,1
(10,139),1,1
(10,153),1,1
(10,175),1,1
(10,183),1,1
(10,187),1,1
(10,194),1,1
(10,196),1,1
(10,198),1,1
(11,1),1,1
(11,22),1,1
(11,42),1,1
(11,63),1,1
(11,64),1,1
(11,74),1,1
(11,80),1,1
(11,93),1,1
(11,95),1,1
(11,103),1,1
(11,112),1,1
(11,123),1,1
(11,132),1,1
(11,133),1,1
(11,146),1,1
(11,156),1,1
(11,158),1,1
(11,190),1,1
(11,197),1,1
(12,1),1,1
(12,3),1,1
(12,19),1,1
(12,40),1,1
(12,47),1,1
(12,48),1,1
(12,85),1,1
(12,98),1,1
(12,107),1,1
(12,125),1,1
(12,143),1,1
(12,151),1,1
(12,163),1,1
(12,165),1,1
(12,181),1,1
(13,2),1,1
(13,21),1,1
(13,32),1,1
(13,38),1,1
(13,44),1,1
(13,47),1,1
(13,89),1,1
(13,124),1,1
(13,173),1,1
(13,175),1,1
(13,180),1,1
(13,192),1,1
(14,10),1,1
(14,15),1,1
(14,21),1,1
(14,24),1,1
(14,46),1,1
(14,55),1,1
(14,59),1,1
(14,73),1,1
(14,75),1,1
(14,104),1,1
(14,117),1,1
(14,122),1,1
(14,136),1,1
(14,139),1,1
(14,158),1,1
(14,175),1,1
(14,179),1,1
(14,183),1,1
(14,186),1,1
(15,61),1,1
(15,73),1,1
(15,93),1,1
(15,96),1,1
(15,102),1,1
(15,119),1,1
(15,124),1,1
(15,128),1,1
(15,130),1,1
(15,136),1,1
(15,142),1,1
(15,192),1,1
(15,199),1,1
(16,11),1,1
(16,13),1,1
(16,36),1,1
(16,44),1,1
(16,53),1,1
(16,69),1,1
(16,89),1,1
(16,95),1,1
(16,102),1,1
(16,139),1,1
(16,143),1,1
(16,153),1,1
(16,161),1,1
(16,183),1,1
(16,186),1,1
(17,0),1,1
(17,4),1,1
(17,11),1,1
(17,13),1,1
(17,14),1,1
(17,21),1,1
(17,28),1,1
(17,29),1,1
(17,42),1,1
(17,44),1,1
(17,45),1,1
(17,46),1,1
(17,53),1,1
(17,64),1,1
(17,100),1,1
(17,102),1,1
(17,120),1,1
(17,144),1,1
(17,156),1,1
(17,157),1,1
(17,167),1,1
(17,187),1,1
(17,191),1,1
(17,193),1,1
(17,196),1,1
(17,199),1,1
(18,30),1,1
(18,39),1,1
(18,54),1,1
(18,62),1,1
(18,64),1,1
(18,94),1,1
(18,133),1,1
(18,157),1,1
(18,158),1,1
(18,177),1,1
(18,181),1,1
(18,191),1,1
(19,1),1,1
(19,9),1,1
(19,33),1,1
(19,37),1,1
(19,38),1,1
(19,46),1,1
(19,71),1,1
(19,73),1,1
(19,88),1,1
(19,109),1,1
(19,122),1,1
(19,132),1,1
(19,138),1,1
(19,154),1,1
(19,156),1,1
(19,157),1,1
(19,160),1,1
(19,172),1,1
(19,173),1,1
(19,184),1,1
(20,0),1,1
(20,15),1,1
(20,18),1,1
(20,22),1,1
(20,37),1,1
(20,46),1,1
(20,55),1,1
(20,80),1,1
(20,100),1,1
(20,102),1,1
(20,112),1,1
(20,116),1,1
(20,122),1,1
(20,130),1,1
(20,135),1,1
(20,138),1,1
(20,146),1,1
(20,152),1,1
(20,154),1,1
(20,160),1,1
(20,167),1,1
(20,172),1,1
(20,182),1,1
(20,194),1,1
(20,195),1,1
(21,0),1,1
(21,8),1,1
(21,10),1,1
(21,11),1,1
(21,18),1,1
(21,30),1,1
(21,58),1,1
(21,72),1,1
(21,84),1,1
(21,87),1,1
(21,88),1,1
(21,89),1,1
(21,93),1,1
(21,103),1,1
(21,122),1,1
(21,123),1,1
(21,138),1,1
(21,143),1,1
(21,155),1,1
(21,159),1,1
(21,193),1,1
(21,196),1,1
(22,3),1,1
(22,17),1,1
(22,25),1,1
(22,44),1,1
(22,49),1,1
(22,53),1,1
(22,56),1,1
(22,59),1,1
(22,61),1,1
(22,90),1,1
(22,92),1,1
(22,100),1,1
(22,117),1,1
(22,123),1,1
(22,130),1,1
(22,134),1,1
(22,161),1,1
(22,163),1,1
(22,166),1,1
(22,186),1,1
(22,194),1,1
(22,197),1,1
(23,1),1,1
(23,3),1,1
(23,9),1,1
(23,11),1,1
(23,22),1,1
(23,35),1,1
(23,36),1,1
(23,60),1,1
(23,76),1,1
(23,83),1,1
(23,84),1,1
(23,98),1,1
(23,109),1,1
(23,110),1,1
(23,123),1,1
(23,133),1,1
(23,135),1,1
(23,152),1,1
(23,164),1,1
(23,168),1,1
(23,188),1,1
(24,3),1,1
(24,6),1,1
(24,13),1,1
(24,26),1,1
(24,49),1,1
(24,59),1,1
(24,66),1,1
(24,82),1,1
(24,96),1,1
(24,108),1,1
(24,121),1,1
(24,123),1,1
(24,130),1,1
(24,137),1,1
(24,154),1,1
(24,162),1,1
(24,178),1,1
(24,184),1,1
(24,187),1,1
(24,189),1,1
(25,6),1,1
(25,7),1,1
(25,10),1,1
(25,29),1,1
(25,35),1,1
(25,39),1,1
(25,43),1,1
(25,47),1,1
(25,57),1,1
(25,59),1,1
(25,84),1,1
(25,98),1,1
(25,103),1,1
(25,107),1,1
(25,108),1,1
(25,113),1,1
(25,123),1,1
(25,156),1,1
(25,159),1,1
(25,164),1,1
(25,169),1,1
(25,174),1,1
(25,175),1,1
(25,188),1,1
(26,0),1,1
(26,9),1,1
(26,27),1,1
(26,39),1,1
(26,62),1,1
(26,67),1,1
(26,75),1,1
(26,98),1,1
(26,104),1,1
(26,113),1,1
(26,123),1,1
(26,125),1,1
(26,132),1,1
(26,141),1,1
(26,144),1,1
(26,145),1,1
(26,146),1,1
(26,150),1,1
(26,152),1,1
(26,169),1,1
(26,176),1,1
(26,192),1,1
(26,193),1,1
(27,3),1,1
(27,4),1,1
(27,9),1,1
(27,33),1,1
(27,47),1,1
(27,51),1,1
(27,65),1,1
(27,70),1,1
(27,74),1,1
(27,85),1,1
(27,100),1,1
(27,101),1,1
(27,123),1,1
(27,125),1,1
(27,161),1,1
(27,165),1,1
(27,166),1,1
(27,168),1,1
(27,183),1,1
(27,192),1,1
(27,198),1,1
(28,13),1,1
(28,15),1,1
(28,50),1,1
(28,57),1,1
(28,59),1,1
(28,98),1,1
(28,103),1,1
(28,132),1,1
(28,136),1,1
(28,147),1,1
(28,152),1,1
(28,164),1,1
(28,188),1,1
(29,9),1,1
(29,16),1,1
(29,18),1,1
(29,32),1,1
(29,52),1,1
(29,58),1,1
(29,64),1,1
(29,70),1,1
(29,75),1,1
(29,86),1,1
(29,127),1,1
(29,128),1,1
(29,185),1,1
(29,194),1,1
(29,195),1,1
(30,1),1,1
(30,9),1,1
(30,31),1,1
(30,37),1,1
(30,43),1,1
(30,48),1,1
(30,52),1,1
(30,58),1,1
(30,76),1,1
(30,88),1,1
(30,101),1,1
(30,105),1,1
(30,113),1,1
(30,125),1,1
(30,153),1,1
(30,157),1,1
(30,166),1,1
(30,168),1,1
(30,183),1,1
(30,189),1,1
(30,194),1,1
(31,17),1,1
(31,24),1,1
(31,26),1,1
(31,27),1,1
(31,32),1,1
(31,56),1,1
(31,60),1,1
(31,86),1,1
(31,99),1,1
(31,100),1,1
(31,152),1,1
(31,186),1,1
(31,193),1,1
(32,16),1,1
(32,34),1,1
(32,36),1,1
(32,52),1,1
(32,60),1,1
(32,81),1,1
(32,82),1,1
(32,133),1,1
(32,148),1,1
(32,152),1,1
(32,160),1,1
(32,163),1,1
(32,166),1,1
(32,185),1,1
(32,189),1,1
(32,198),1,1
(33,10),1,1
(33,15),1,1
(33,18),1,1
(33,19),1,1
(33,23),1,1
(33,29),1,1
(33,39),1,1
(33,46),1,1
(33,65),1,1
(33,70),1,1
(33,73),1,1
(33,82),1,1
(33,95),1,1
(33,108),1,1
(33,120),1,1
(33,154),1,1
(33,157),1,1
(33,183),1,1
(33,194),1,1
(34,29),1,1
(34,42),1,1
(34,44),1,1
(34,51),1,1
(34,84),1,1
(34,118),1,1
(34,122),1,1
(34,127),1,1
(34,136),1,1
(34,139),1,1
(34,147),1,1
(34,160),1,1
(34,173),1,1
(34,177),1,1
(34,190),1,1
(35,15),1,1
(35,16),1,1
(35,34),1,1
(35,46),1,1
(35,55),1,1
(35,59),1,1
(35,66),1,1
(35,77),1,1
(35,80),1,1
(35,84),1,1
(35,92),1,1
(35,94),1,1
(35,96),1,1
(35,119),1,1
(35,127),1,1
(35,137),1,1
(35,154),1,1
(35,157),1,1
(35,164),1,1
(35,166),1,1
(35,169),1,1
(35,170),1,1
(35,175),1,1
(36,3),1,1
(36,4),1,1
(36,13),1,1
(36,27),1,1
(36,51),1,1
(36,54),1,1
(36,69),1,1
(36,86),1,1
(36,109),1,1
(36,112),1,1
(36,133),1,1
(36,140),1,1
(36,155),1,1
(36,161),1,1
(36,177),1,1
(36,178),1,1
(36,182),1,1
(36,183),1,1
(36,190),1,1
(37,8),1,1
(37,18),1,1
(37,40),1,1
(37,53),1,1
(37,62),1,1
(37,70),1,1
(37,122),1,1
(37,126),1,1
(37,133),1,1
(37,144),1,1
(37,147),1,1
(37,148),1,1
(37,162),1,1
(37,169),1,1
(37,174),1,1
(37,186),1,1
(37,193),1,1
(38,3),1,1
(38,25),1,1
(38,31),1,1
(38,44),1,1
(38,71),1,1
(38,72),1,1
(38,80),1,1
(38,89),1,1
(38,98),1,1
(38,105),1,1
(38,114),1,1
(38,115),1,1
(38,128),1,1
(38,134),1,1
(38,137),1,1
(38,140),1,1
(38,165),1,1
(38,175),1,1
(38,181),1,1
(38,188),1,1
(38,192),1,1
(39,12),1,1
(39,23),1,1
(39,34),1,1
(39,53),1,1
(39,54),1,1
(39,69),1,1
(39,73),1,1
(39,95),1,1
(39,113),1,1
(39,132),1,1
(39,142),1,1
(39,145),1,1
(39,157),1,1
(39,163),1,1
(39,190),1,1
(39,199),1,1
(40,13),1,1
(40,21),1,1
(40,30),1,1
(40,31),1,1
(40,33),1,1
(40,38),1,1
(40,61),1,1
(40,69),1,1
(40,82),1,1
(40,93),1,1
(40,96),1,1
(40,97),1,1
(40,110),1,1
(40,115),1,1
(40,135),1,1
(40,136),1,1
(40,143),1,1
(40,145),1,1
(40,146),1,1
(40,155),1,1
(40,163),1,1
(40,189),1,1
(41,3),1,1
(41,14),1,1
(41,36),1,1
(41,40),1,1
(41,59),1,1
(41,61),1,1
(41,71),1,1
(41,77),1,1
(41,86),1,1
(41,97),1,1
(41,102),1,1
(41,110),1,1
(41,114),1,1
(41,115),1,1
(41,123),1,1
(41,132),1,1
(41,140),1,1
(41,147),1,1
(41,184),1,1
(42,28),1,1
(42,41),1,1
(42,48),1,1
(42,50),1,1
(42,52),1,1
(42,58),1,1
(42,61),1,1
(42,62),1,1
(42,75),1,1
(42,83),1,1
(42,100),1,1
(42,109),1,1
(42,135),1,1
(42,199),1,1
(43,2),1,1
(43,13),1,1
(43,30),1,1
(43,35),1,1
(43,44),1,1
(43,49),1,1
(43,52),1,1
(43,60),1,1
(43,62),1,1
(43,65),1,1
(43,75),1,1
(43,94),1,1
(43,134),1,1
(43,135),1,1
(43,141),1,1
(43,168),1,1
(43,190),1,1
(44,11),1,1
(44,25),1,1
(44,36),1,1
(44,37),1,1
(44,38),1,1
(44,43),1,1
(44,46),1,1
(44,56),1,1
(44,71),1,1
(44,92),1,1
(44,107),1,1
(44,111),1,1
(44,133),1,1
(44,155),1,1
(44,195),1,1
(45,0),1,1
(45,9),1,1
(45,12),1,1
(45,29),1,1
(45,34),1,1
(45,39),1,1
(45,51),1,1
(45,60),1,1
(45,70),1,1
(45,84),1,1
(45,89),1,1
(45,91),1,1
(45,92),1,1
(45,94),1,1
(45,98),1,1
(45,105),1,1
(45,107),1,1
(45,109),1,1
(45,122),1,1
(45,125),1,1
(45,127),1,1
(45,165),1,1
(45,174),1,1
(45,182),1,1
(45,194),1,1
(46,0),1,1
(46,1),1,1
(46,5),1,1
(46,10),1,1
(46,33),1,1
(46,40),1,1
(46,50),1,1
(46,74),1,1
(46,80),1,1
(46,91),1,1
(46,105),1,1
(46,106),1,1
(46,121),1,1
(46,125),1,1
(46,138),1,1
(46,156),1,1
(46,176),1,1
(46,181),1,1
(46,185),1,1
(46,187),1,1
(46,190),1,1
(46,195),1,1
(47,45),1,1
(47,73),1,1
(47,79),1,1
(47,80),1,1
(47,89),1,1
(47,101),1,1
(47,104),1,1
(47,106),1,1
(47,130),1,1
(47,132),1,1
(47,141),1,1
(47,148),1,1
(47,163),1,1
(47,198),1,1
(48,5),1,1
(48,33),1,1
(48,35),1,1
(48,60),1,1
(48,63),1,1
(48,84),1,1
(48,98),1,1
(48,101),1,1
(48,130),1,1
(48,143),1,1
(48,145),1,1
(48,152),1,1
(48,169),1,1
(48,179),1,1
(48,182),1,1
(48,188),1,1
(48,191),1,1
(48,198),1,1
(48,199),1,1
(49,2),1,1
(49,17),1,1
(49,18),1,1
(49,25),1,1
(49,26),1,1
(49,28),1,1
(49,33),1,1
(49,48),1,1
(49,52),1,1
(49,64),1,1
(49,80),1,1
(49,81),1,1
(49,82),1,1
(49,111),1,1
(49,124),1,1
(49,133),1,1
(49,135),1,1
(49,147),1,1
(49,148),1,1
(49,166),1,1
(49,169),1,1
(49,172),1,1
(49,189),1,1
(50,9),1,1
(50,10),1,1
(50,26),1,1
(50,36),1,1
(50,49),1,1
(50,62),1,1
(50,72),1,1
(50,87),1,1
(50,98),1,1
(50,103),1,1
(50,110),1,1
(50,112),1,1
(50,133),1,1
(50,143),1,1
(50,154),1,1
(50,189),1,1
(51,1),1,1
(51,4),1,1
(51,11),1,1
(51,29),1,1
(51,36),1,1
(51,52),1,1
(51,71),1,1
(51,108),1,1
(51,125),1,1
(51,132),1,1
(51,136),1,1
(51,138),1,1
(51,147),1,1
(51,176),1,1
(51,181),1,1
(51,185),1,1
(51,189),1,1
(52,18),1,1
(52,34),1,1
(52,55),1,1
(52,59),1,1
(52,62),1,1
(52,86),1,1
(52,88),1,1
(52,96),1,1
(52,103),1,1
(52,122),1,1
(52,128),1,1
(52,145),1,1
(52,148),1,1
(52,168),1,1
(52,173),1,1
(52,175),1,1
(52,191),1,1
(52,194),1,1
(53,1),1,1
(53,3),1,1
(53,4),1,1
(53,64),1,1
(53,67),1,1
(53,83),1,1
(53,95),1,1
(53,100),1,1
(53,107),1,1
(53,110),1,1
(53,113),1,1
(53,123),1,1
(53,127),1,1
(53,139),1,1
(53,166),1,1
(53,181),1,1
(53,183),1,1
(53,190),1,1
(53,199),1,1
(54,4),1,1
(54,8),1,1
(54,66),1,1
(54,78),1,1
(54,80),1,1
(54,86),1,1
(54,96),1,1
(54,97),1,1
(54,105),1,1
(54,112),1,1
(54,146),1,1
(54,149),1,1
(54,160),1,1
(55,11),1,1
(55,14),1,1
(55,22),1,1
(55,35),1,1
(55,48),1,1
(55,51),1,1
(55,56),1,1
(55,93),1,1
(55,100),1,1
(55,111),1,1
(55,116),1,1
(55,124),1,1
(55,129),1,1
(55,130),1,1
(55,135),1,1
(55,136),1,1
(55,148),1,1
(55,149),1,1
(55,154),1,1
(55,166),1,1
(55,178),1,1
(55,184),1,1
(55,187),1,1
(56,0),1,1
(56,4),1,1
(56,22),1,1
(56,43),1,1
(56,51),1,1
(56,52),1,1
(56,68),1,1
(56,74),1,1
(56,77),1,1
(56,86),1,1
(56,91),1,1
(56,126),1,1
(56,130),1,1
(56,131),1,1
(56,146),1,1
(56,150),1,1
(56,156),1,1
(56,161),1,1
(56,182),1,1
(57,8),1,1
(57,20),1,1
(57,27),1,1
(57,33),1,1
(57,35),1,1
(57,36),1,1
(57,46),1,1
(57,53),1,1
(57,89),1,1
(57,96),1,1
(57,106),1,1
(57,119),1,1
(57,131),1,1
(57,133),1,1
(57,149),1,1
(57,154),1,1
(57,156),1,1
(57,163),1,1
(57,167),1,1
(57,168),1,1
(57,181),1,1
(57,185),1,1
(57,195),1,1
(58,1),1,1
(58,2),1,1
(58,6),1,1
(58,13),1,1
(58,22),1,1
(58,29),1,1
(58,30),1,1
(58,31),1,1
(58,34),1,1
(58,39),1,1
(58,49),1,1
(58,51),1,1
(58,53),1,1
(58,71),1,1
(58,73),1,1
(58,82),1,1
(58,87),1,1
(58,88),1,1
(58,89),1,1
(58,93),1,1
(58,96),1,1
(58,141),1,1
(58,161),1,1
(58,164),1,1
(58,166),1,1
(58,173),1,1
(59,3),1,1
(59,28),1,1
(59,39),1,1
(59,51),1,1
(59,64),1,1
(59,68),1,1
(59,73),1,1
(59,85),1,1
(59,95),1,1
(59,99),1,1
(59,103),1,1
(59,107),1,1
(59,108),1,1
(59,109),1,1
(59,126),1,1
(59,135),1,1
(59,149),1,1
(59,163),1,1
(59,172),1,1
(59,197),1,1
(60,31),1,1
(60,36),1,1
(60,55),1,1
(60,68),1,1
(60,100),1,1
(60,102),1,1
(60,107),1,1
(60,109),1,1
(60,112),1,1
(60,128),1,1
(60,130),1,1
(60,132),1,1
(60,143),1,1
(60,150),1,1
(60,191),1,1
(61,4),1,1
(61,5),1,1
(61,9),1,1
(61,22),1,1
(61,26),1,1
(61,29),1,1
(61,42),1,1
(61,45),1,1
(61,55),1,1
(61,59),1,1
(61,64),1,1
(61,68),1,1
(61,73),1,1
(61,83),1,1
(61,99),1,1
(61,115),1,1
(61,117),1,1
(61,133),1,1
(61,134),1,1
(61,135),1,1
(61,143),1,1
(61,144),1,1
(61,145),1,1
(61,151),1,1
(61,152),1,1
(61,154),1,1
(61,173),1,1
(61,175),1,1
(62,5),1,1
(62,21),1,1
(62,41),1,1
(62,57),1,1
(62,82),1,1
(62,88),1,1
(62,89),1,1
(62,90),1,1
(62,92),1,1
(62,124),1,1
(62,130),1,1
(62,131),1,1
(62,133),1,1
(62,145),1,1
(62,149),1,1
(62,156),1,1
(62,161),1,1
(62,166),1,1
(62,168),1,1
(62,196),1,1
(62,197),1,1
(63,11),1,1
(63,41),1,1
(63,48),1,1
(63,60),1,1
(63,64),1,1
(63,79),1,1
(63,98),1,1
(63,102),1,1
(63,116),1,1
(63,132),1,1
(63,137),1,1
(63,157),1,1
(63,165),1,1
(64,8),1,1
(64,58),1,1
(64,88),1,1
(64,97),1,1
(64,105),1,1
(64,118),1,1
(64,120),1,1
(64,121),1,1
(64,122),1,1
(64,131),1,1
(64,140),1,1
(64,168),1,1
(64,187),1,1
(64,190),1,1
(64,196),1,1
(65,2),1,1
(65,7),1,1
(65,16),1,1
(65,21),1,1
(65,34),1,1
(65,41),1,1
(65,47),1,1
(65,51),1,1
(65,53),1,1
(65,56),1,1
(65,57),1,1
(65,59),1,1
(65,69),1,1
(65,75),1,1
(65,79),1,1
(65,80),1,1
(65,81),1,1
(65,92),1,1
(65,111),1,1
(65,119),1,1
(65,134),1,1
(65,140),1,1
(65,145),1,1
(65,197),1,1
(66,1),1,1
(66,12),1,1
(66,19),1,1
(66,29),1,1
(66,39),1,1
(66,78),1,1
(66,115),1,1
(66,148),1,1
(66,149),1,1
(66,157),1,1
(66,178),1,1
(66,182),1,1
(66,188),1,1
(67,3),1,1
(67,12),1,1
(67,30),1,1
(67,54),1,1
(67,55),1,1
(67,57),1,1
(67,66),1,1
(67,74),1,1
(67,82),1,1
(67,108),1,1
(67,113),1,1
(67,122),1,1
(67,133),1,1
(67,135),1,1
(67,141),1,1
(67,144),1,1
(67,167),1,1
(67,192),1,1
(67,193),1,1
(68,5),1,1
(68,9),1,1
(68,32),1,1
(68,42),1,1
(68,49),1,1
(68,62),1,1
(68,86),1,1
(68,91),1,1
(68,101),1,1
(68,105),1,1
(68,114),1,1
(68,117),1,1
(68,134),1,1
(68,151),1,1
(68,163),1,1
(68,166),1,1
(68,170),1,1
(68,176),1,1
(68,183),1,1
(68,190),1,1
(68,192),1,1
(69,18),1,1
(69,32),1,1
(69,37),1,1
(69,48),1,1
(69,52),1,1
(69,58),1,1
(69,60),1,1
(69,68),1,1
(69,85),1,1
(69,100),1,1
(69,119),1,1
(69,131),1,1
(69,132),1,1
(69,184),1,1
(69,193),1,1
(70,13),1,1
(70,16),1,1
(70,52),1,1
(70,64),1,1
(70,73),1,1
(70,79),1,1
(70,81),1,1
(70,98),1,1
(70,116),1,1
(70,135),1,1
(70,139),1,1
(70,144),1,1
(70,145),1,1
(70,154),1,1
(70,174),1,1
(70,186),1,1
(71,17),1,1
(71,37),1,1
(71,44),1,1
(71,55),1,1
(71,58),1,1
(71,59),1,1
(71,67),1,1
(71,81),1,1
(71,83),1,1
(71,88),1,1
(71,100),1,1
(71,104),1,1
(71,130),1,1
(71,131),1,1
(71,135),1,1
(71,149),1,1
(71,153),1,1
(71,179),1,1
(71,181),1,1
(71,184),1,1
(71,192),1,1
(71,196),1,1
(72,8),1,1
(72,21),1,1
(72,25),1,1
(72,29),1,1
(72,41),1,1
(72,53),1,1
(72,54),1,1
(72,56),1,1
(72,59),1,1
(72,69),1,1
(72,83),1,1
(72,86),1,1
(72,88),1,1
(72,90),1,1
(72,99),1,1
(72,103),1,1
(72,108),1,1
(72,113),1,1
(72,114),1,1
(72,116),1,1
(72,120),1,1
(72,123),1,1
(72,139),1,1
(72,143),1,1
(72,145),1,1
(72,155),1,1
(72,167),1,1
(72,195),1,1
(73,0),1,1
(73,2),1,1
(73,4),1,1
(73,10),1,1
(73,13),1,1
(73,28),1,1
(73,38),1,1
(73,71),1,1
(73,76),1,1
(73,99),1,1
(73,104),1,1
(73,109),1,1
(73,121),1,1
(73,122),1,1
(73,131),1,1
(73,135),1,1
(73,145),1,1
(73,147),1,1
(73,154),1,1
(73,167),1,1
(73,168),1,1
(73,173),1,1
(73,176),1,1
(73,178),1,1
(73,180),1,1
(73,187),1,1
(73,189),1,1
(73,197),1,1
(74,18),1,1
(74,22),1,1
(74,45),1,1
(74,71),1,1
(74,90),1,1
(74,100),1,1
(74,106),1,1
(74,138),1,1
(74,166),1,1
(74,170),1,1
(74,173),1,1
(74,180),1,1
(74,181),1,1
(75,7),1,1
(75,10),1,1
(75,11),1,1
(75,15),1,1
(75,18),1,1
(75,33),1,1
(75,35),1,1
(75,45),1,1
(75,52),1,1
(75,54),1,1
(75,71),1,1
(75,85),1,1
(75,87),1,1
(75,99),1,1
(75,129),1,1
(75,136),1,1
(75,141),1,1
(75,148),1,1
(75,149),1,1
(75,153),1,1
(75,160),1,1
(75,171),1,1
(75,181),1,1
(75,183),1,1
(75,188),1,1
(75,191),1,1
(76,11),1,1
(76,21),1,1
(76,38),1,1
(76,45),1,1
(76,50),1,1
(76,63),1,1
(76,66),1,1
(76,68),1,1
(76,93),1,1
(76,120),1,1
(76,123),1,1
(76,133),1,1
(76,136),1,1
(76,142),1,1
(76,152),1,1
(76,158),1,1
(76,159),1,1
(76,165),1,1
(76,172),1,1
(76,182),1,1
(76,190),1,1
(76,191),1,1
(76,192),1,1
(77,1),1,1
(77,4),1,1
(77,43),1,1
(77,49),1,1
(77,58),1,1
(77,72),1,1
(77,79),1,1
(77,106),1,1
(77,147),1,1
(77,156),1,1
(77,180),1,1
(77,194),1,1
(77,198),1,1
(78,10),1,1
(78,18),1,1
(78,22),1,1
(78,23),1,1
(78,29),1,1
(78,33),1,1
(78,50),1,1
(78,52),1,1
(78,62),1,1
(78,64),1,1
(78,67),1,1
(78,76),1,1
(78,81),1,1
(78,97),1,1
(78,100),1,1
(78,112),1,1
(78,118),1,1
(78,122),1,1
(78,126),1,1
(78,128),1,1
(78,129),1,1
(78,135),1,1
(78,147),1,1
(78,167),1,1
(78,190),1,1
(78,192),1,1
(78,196),1,1
(79,11),1,1
(79,19),1,1
(79,21),1,1
(79,36),1,1
(79,44),1,1
(79,49),1,1
(79,59),1,1
(79,60),1,1
(79,61),1,1
(79,64),1,1
(79,73),1,1
(79,74),1,1
(79,80),1,1
(79,81),1,1
(79,82),1,1
(79,106),1,1
(79,107),1,1
(79,129),1,1
(79,140),1,1
(79,167),1,1
(80,13),1,1
(80,27),1,1
(80,40),1,1
(80,57),1,1
(80,60),1,1
(80,75),1,1
(80,85),1,1
(80,92),1,1
(80,118),1,1
(80,119),1,1
(80,122),1,1
(80,131),1,1
(80,132),1,1
(80,137),1,1
(80,138),1,1
(80,144),1,1
(80,158),1,1
(80,165),1,1
(80,170),1,1
(80,171),1,1
(80,179),1,1
(80,186),1,1
(81,3),1,1
(81,13),1,1
(81,14),1,1
(81,16),1,1
(81,18),1,1
(81,19),1,1
(81,54),1,1
(81,72),1,1
(81,88),1,1
(81,91),1,1
(81,92),1,1
(81,102),1,1
(81,103),1,1
(81,107),1,1
(81,118),1,1
(81,126),1,1
(81,150),1,1
(81,157),1,1
(81,162),1,1
(81,163),1,1
(81,169),1,1
(81,171),1,1
(81,172),1,1
(81,178),1,1
(81,184),1,1
(81,190),1,1
(82,10),1,1
(82,13),1,1
(82,17),1,1
(82,22),1,1
(82,35),1,1
(82,37),1,1
(82,42),1,1
(82,57),1,1
(82,60),1,1
(82,62),1,1
(82,73),1,1
(82,85),1,1
(82,89),1,1
(82,94),1,1
(82,98),1,1
(82,125),1,1
(82,137),1,1
(82,161),1,1
(82,167),1,1
(82,176),1,1
(82,192),1,1
(82,196),1,1
(83,9),1,1
(83,34),1,1
(83,39),1,1
(83,41),1,1
(83,67),1,1
(83,87),1,1
(83,96),1,1
(83,99),1,1
(83,102),1,1
(83,109),1,1
(83,115),1,1
(83,124),1,1
(83,131),1,1
(83,134),1,1
(83,136),1,1
(83,140),1,1
(83,148),1,1
(83,149),1,1
(83,155),1,1
(83,186),1,1
(84,3),1,1
(84,16),1,1
(84,25),1,1
(84,50),1,1
(84,80),1,1
(84,87),1,1
(84,92),1,1
(84,94),1,1
(84,97),1,1
(84,114),1,1
(84,115),1,1
(84,152),1,1
(84,168),1,1
(84,170),1,1
(84,171),1,1
(84,180),1,1
(85,19),1,1
(85,21),1,1
(85,29),1,1
(85,34),1,1
(85,37),1,1
(85,56),1,1
(85,78),1,1
(85,83),1,1
(85,102),1,1
(85,107),1,1
(85,128),1,1
(85,177),1,1
(85,181),1,1
(85,191),1,1
(85,195),1,1
(85,196),1,1
(85,199),1,1
(86,10),1,1
(86,14),1,1
(86,17),1,1
(86,40),1,1
(86,74),1,1
(86,77),1,1
(86,87),1,1
(86,91),1,1
(86,92),1,1
(86,116),1,1
(86,117),1,1
(86,124),1,1
(86,130),1,1
(86,142),1,1
(86,148),1,1
(86,150),1,1
(86,173),1,1
(86,176),1,1
(86,180),1,1
(86,184),1,1
(87,0),1,1
(87,2),1,1
(87,19),1,1
(87,21),1,1
(87,27),1,1
(87,34),1,1
(87,35),1,1
(87,58),1,1
(87,63),1,1
(87,65),1,1
(87,68),1,1
(87,71),1,1
(87,80),1,1
(87,97),1,1
(87,98),1,1
(87,109),1,1
(87,128),1,1
(87,135),1,1
(87,151),1,1
(87,163),1,1
(87,191),1,1
(88,6),1,1
(88,11),1,1
(88,23),1,1
(88,26),1,1
(88,40),1,1
(88,58),1,1
(88,65),1,1
(88,70),1,1
(88,84),1,1
(88,85),1,1
(88,90),1,1
(88,91),1,1
(88,116),1,1
(88,117),1,1
(88,130),1,1
(88,134),1,1
(88,154),1,1
(88,161),1,1
(88,178),1,1
(88,186),1,1
(88,190),1,1
(89,1),1,1
(89,25),1,1
(89,39),1,1
(89,43),1,1
(89,44),1,1
(89,47),1,1
(89,49),1,1
(89,73),1,1
(89,109),1,1
(89,115),1,1
(89,122),1,1
(89,128),1,1
(89,140),1,1
(89,148),1,1
(89,149),1,1
(89,154),1,1
(89,160),1,1
(89,165),1,1
(89,166),1,1
(89,183),1,1
(89,184),1,1
(89,188),1,1
(89,193),1,1
(89,194),1,1
(89,195),1,1
(90,2),1,1
(90,5),1,1
(90,13),1,1
(90,39),1,1
(90,54),1,1
(90,56),1,1
(90,64),1,1
(90,67),1,1
(90,75),1,1
(90,79),1,1
(90,85),1,1
(90,87),1,1
(90,101),1,1
(90,129),1,1
(90,153),1,1
(90,179),1,1
(90,187),1,1
(90,188),1,1
(91,2),1,1
(91,4),1,1
(91,16),1,1
(91,24),1,1
(91,41),1,1
(91,51),1,1
(91,61),1,1
(91,65),1,1
(91,81),1,1
(91,102),1,1
(91,103),1,1
(91,108),1,1
(91,111),1,1
(91,138),1,1
(91,149),1,1
(91,150),1,1
(91,151),1,1
(91,154),1,1
(91,173),1,1
(91,179),1,1
(92,0),1,1
(92,1),1,1
(92,5),1,1
(92,9),1,1
(92,11),1,1
(92,29),1,1
(92,33),1,1
(92,37),1,1
(92,42),1,1
(92,43),1,1
(92,52),1,1
(92,70),1,1
(92,72),1,1
(92,95),1,1
(92,97),1,1
(92,117),1,1
(92,118),1,1
(92,124),1,1
(92,130),1,1
(92,131),1,1
(92,133),1,1
(92,138),1,1
(92,146),1,1
(92,149),1,1
(92,150),1,1
(92,156),1,1
(92,157),1,1
(93,28),1,1
(93,39),1,1
(93,47),1,1
(93,49),1,1
(93,54),1,1
(93,59),1,1
(93,76),1,1
(93,88),1,1
(93,99),1,1
(93,100),1,1
(93,114),1,1
(93,118),1,1
(93,119),1,1
(93,129),1,1
(93,141),1,1
(93,146),1,1
(93,147),1,1
(93,153),1,1
(93,161),1,1
(93,164),1,1
(93,180),1,1
(94,1),1,1
(94,25),1,1
(94,37),1,1
(94,40),1,1
(94,49),1,1
(94,55),1,1
(94,74),1,1
(94,93),1,1
(94,96),1,1
(94,107),1,1
(94,118),1,1
(94,126),1,1
(94,130),1,1
(94,147),1,1
(94,166),1,1
(94,171),1,1
(94,174),1,1
(94,176),1,1
(94,184),1,1
(94,197),1,1
(95,5),1,1
(95,7),1,1
(95,13),1,1
(95,18),1,1
(95,23),1,1
(95,24),1,1
(95,66),1,1
(95,72),1,1
(95,79),1,1
(95,86),1,1
(95,104),1,1
(95,116),1,1
(95,118),1,1
(95,137),1,1
(95,139),1,1
(95,141),1,1
(95,169),1,1
(95,190),1,1
(95,198),1,1
(95,199),1,1
(96,2),1,1
(96,6),1,1
(96,7),1,1
(96,14),1,1
(96,31),1,1
(96,34),1,1
(96,36),1,1
(96,46),1,1
(96,49),1,1
(96,77),1,1
(96,78),1,1
(96,92),1,1
(96,107),1,1
(96,121),1,1
(96,122),1,1
(96,124),1,1
(96,135),1,1
(96,147),1,1
(96,176),1,1
(96,181),1,1
(96,191),1,1
(97,3),1,1
(97,8),1,1
(97,24),1,1
(97,27),1,1
(97,32),1,1
(97,45),1,1
(97,74),1,1
(97,85),1,1
(97,105),1,1
(97,120),1,1
(97,138),1,1
(97,152),1,1
(97,161),1,1
(97,170),1,1
(97,172),1,1
(97,182),1,1
(97,194),1,1
(98,1),1,1
(98,7),1,1
(98,8),1,1
(98,18),1,1
(98,21),1,1
(98,38),1,1
(98,39),1,1
(98,40),1,1
(98,62),1,1
(98,75),1,1
(98,76),1,1
(98,90),1,1
(98,99),1,1
(98,105),1,1
(98,110),1,1
(98,119),1,1
(98,123),1,1
(98,129),1,1
(98,131),1,1
(98,153),1,1
(98,160),1,1
(98,177),1,1
(98,179),1,1
(98,198),1,1
(99,8),1,1
(99,9),1,1
(99,13),1,1
(99,29),1,1
(99,35),1,1
(99,62),1,1
(99,67),1,1
(99,70),1,1
(99,76),1,1
(99,92),1,1
(99,109),1,1
(99,131),1,1
(99,134),1,1
(99,137),1,1
(99,141),1,1
(99,151),1,1
(99,168),1,1
(99,178),1,1
(99,185),1,1
(99,187),1,1
(99,193),1,1
(100,0),1,1
(100,7),1,1
(100,14),1,1
(100,33),1,1
(100,43),1,1
(100,56),1,1
(100,78),1,1
(100,99),1,1
(100,128),1,1
(100,130),1,1
(100,145),1,1
(100,173),1,1
(100,177),1,1
(100,195),1,1
(100,199),1,1
(101,34),1,1
(101,41),1,1
(101,83),1,1
(101,87),1,1
(101,107),1,1
(101,117),1,1
(101,120),1,1
(101,126),1,1
(101,131),1,1
(101,132),1,1
(101,150),1,1
(101,152),1,1
(101,190),1,1
(101,195),1,1
(102,2),1,1
(102,5),1,1
(102,13),1,1
(102,15),1,1
(102,52),1,1
(102,59),1,1
(102,61),1,1
(102,64),1,1
(102,79),1,1
(102,118),1,1
(102,121),1,1
(102,130),1,1
(102,136),1,1
(102,148),1,1
(102,156),1,1
(102,169),1,1
(102,182),1,1
(103,12),1,1
(103,16),1,1
(103,30),1,1
(103,32),1,1
(103,33),1,1
(103,42),1,1
(103,46),1,1
(103,48),1,1
(103,58),1,1
(103,59),1,1
(103,80),1,1
(103,88),1,1
(103,94),1,1
(103,97),1,1
(103,102),1,1
(103,105),1,1
(103,114),1,1
(103,124),1,1
(103,131),1,1
(103,140),1,1
(103,158),1,1
(103,163),1,1
(103,164),1,1
(103,171),1,1
(103,182),1,1
(103,183),1,1
(104,13),1,1
(104,45),1,1
(104,50),1,1
(104,52),1,1
(104,62),1,1
(104,64),1,1
(104,97),1,1
(104,114),1,1
(104,115),1,1
(104,117),1,1
(104,121),1,1
(104,122),1,1
(104,135),1,1
(104,148),1,1
(104,163),1,1
(104,175),1,1
(104,181),1,1
(104,192),1,1
(104,194),1,1
(104,197),1,1
(105,1),1,1
(105,8),1,1
(105,9),1,1
(105,17),1,1
(105,22),1,1
(105,43),1,1
(105,50),1,1
(105,51),1,1
(105,57),1,1
(105,60),1,1
(105,71),1,1
(105,78),1,1
(105,95),1,1
(105,102),1,1
(105,108),1,1
(105,111),1,1
(105,122),1,1
(105,140),1,1
(105,141),1,1
(105,145),1,1
(105,157),1,1
(105,182),1,1
(105,195),1,1
(106,11),1,1
(106,27),1,1
(106,54),1,1
(106,64),1,1
(106,66),1,1
(106,72),1,1
(106,82),1,1
(106,86),1,1
(106,105),1,1
(106,108),1,1
(106,109),1,1
(106,114),1,1
(106,121),1,1
(106,125),1,1
(106,183),1,1
(106,190),1,1
(106,191),1,1
(107,2),1,1
(107,25),1,1
(107,32),1,1
(107,38),1,1
(107,43),1,1
(107,45),1,1
(107,52),1,1
(107,71),1,1
(107,73),1,1
(107,90),1,1
(107,99),1,1
(107,123),1,1
(107,126),1,1
(107,133),1,1
(107,139),1,1
(107,147),1,1
(107,149),1,1
(107,158),1,1
(107,177),1,1
(107,192),1,1
(107,194),1,1
(107,197),1,1
(108,0),1,1
(108,17),1,1
(108,19),1,1
(108,28),1,1
(108,35),1,1
(108,75),1,1
(108,78),1,1
(108,82),1,1
(108,83),1,1
(108,101),1,1
(108,102),1,1
(108,107),1,1
(108,119),1,1
(108,126),1,1
(108,131),1,1
(108,151),1,1
(108,160),1,1
(108,167),1,1
(108,176),1,1
(109,18),1,1
(109,24),1,1
(109,31),1,1
(109,53),1,1
(109,66),1,1
(109,73),1,1
(109,83),1,1
(109,114),1,1
(109,120),1,1
(109,139),1,1
(109,144),1,1
(109,146),1,1
(109,148),1,1
(109,150),1,1
(109,154),1,1
(109,162),1,1
(109,190),1,1
(109,196),1,1
(110,5),1,1
(110,33),1,1
(110,51),1,1
(110,65),1,1
(110,96),1,1
(110,101),1,1
(110,115),1,1
(110,147),1,1
(110,157),1,1
(110,173),1,1
(110,181),1,1
(111,12),1,1
(111,15),1,1
(111,30),1,1
(111,32),1,1
(111,35),1,1
(111,63),1,1
(111,69),1,1
(111,77),1,1
(111,80),1,1
(111,93),1,1
(111,105),1,1
(111,106),1,1
(111,153),1,1
(111,160),1,1
(111,165),1,1
(112,0),1,1
(112,4),1,1
(112,5),1,1
(112,29),1,1
(112,34),1,1
(112,36),1,1
(112,37),1,1
(112,48),1,1
(112,63),1,1
(112,82),1,1
(112,138),1,1
(112,167),1,1
(112,171),1,1
(112,185),1,1
(112,190),1,1
(113,37),1,1
(113,42),1,1
(113,78),1,1
(113,90),1,1
(113,97),1,1
(113,99),1,1
(113,147),1,1
(113,171),1,1
(113,178),1,1
(113,190),1,1
(114,13),1,1
(114,19),1,1
(114,29),1,1
(114,39),1,1
(114,44),1,1
(114,61),1,1
(114,62),1,1
(114,115),1,1
(114,124),1,1
(114,125),1,1
(114,135),1,1
(114,160),1,1
(114,166),1,1
(114,180),1,1
(114,196),1,1
(115,6),1,1
(115,23),1,1
(115,31),1,1
(115,49),1,1
(115,64),1,1
(115,75),1,1
(115,78),1,1
(115,84),1,1
(115,86),1,1
(115,93),1,1
(115,105),1,1
(115,113),1,1
(115,120),1,1
(115,122),1,1
(115,128),1,1
(115,137),1,1
(115,139),1,1
(115,143),1,1
(115,162),1,1
(115,163),1,1
(115,175),1,1
(115,182),1,1
(115,194),1,1
(116,4),1,1
(116,5),1,1
(116,11),1,1
(116,20),1,1
(116,24),1,1
(116,29),1,1
(116,41),1,1
(116,50),1,1
(116,52),1,1
(116,63),1,1
(116,72),1,1
(116,74),1,1
(116,77),1,1
(116,85),1,1
(116,96),1,1
(116,110),1,1
(116,118),1,1
(116,120),1,1
(116,136),1,1
(116,146),1,1
(116,150),1,1
(116,164),1,1
(116,166),1,1
(116,172),1,1
(116,177),1,1
(116,179),1,1
(116,188),1,1
(116,189),1,1
(117,6),1,1
(117,39),1,1
(117,44),1,1
(117,85),1,1
(117,90),1,1
(117,94),1,1
(117,96),1,1
(117,123),1,1
(117,156),1,1
(117,168),1,1
(117,169),1,1
(117,176),1,1
(117,185),1,1
(117,187),1,1
(118,4),1,1
(118,9),1,1
(118,33),1,1
(118,37),1,1
(118,42),1,1
(118,43),1,1
(118,52),1,1
(118,87),1,1
(118,104),1,1
(118,116),1,1
(118,129),1,1
(118,141),1,1
(118,147),1,1
(118,150),1,1
(118,164),1,1
(118,177),1,1
(118,180),1,1
(118,192),1,1
(118,196),1,1
(119,14),1,1
(119,51),1,1
(119,55),1,1
(119,66),1,1
(119,67),1,1
(119,72),1,1
(119,78),1,1
(119,94),1,1
(119,96),1,1
(119,112),1,1
(119,121),1,1
(119,134),1,1
(119,149),1,1
(119,153),1,1
(119,155),1,1
(119,175),1,1
(119,183),1,1
(119,186),1,1
(119,193),1,1
(120,20),1,1
(120,27),1,1
(120,40),1,1
(120,41),1,1
(120,51),1,1
(120,66),1,1
(120,76),1,1
(120,83),1,1
(120,84),1,1
(120,88),1,1
(120,98),1,1
(120,113),1,1
(120,124),1,1
(120,126),1,1
(120,128),1,1
(120,132),1,1
(120,133),1,1
(120,134),1,1
(120,148),1,1
(120,157),1,1
(120,159),1,1
(120,168),1,1
(120,171),1,1
(120,172),1,1
(120,180),1,1
(120,189),1,1
(120,190),1,1
(120,193),1,1
(121,27),1,1
(121,31),1,1
(121,46),1,1
(121,50),1,1
(121,53),1,1
(121,66),1,1
(121,75),1,1
(121,89),1,1
(121,99),1,1
(121,106),1,1
(121,112),1,1
(121,118),1,1
(121,122),1,1
(121,146),1,1
(121,148),1,1
(121,151),1,1
(121,158),1,1
(121,161),1,1
(121,168),1,1
(121,177),1,1
(121,187),1,1
(121,188),1,1
(121,191),1,1
(122,6),1,1
(122,19),1,1
(122,23),1,1
(122,24),1,1
(122,34),1,1
(122,55),1,1
(122,59),1,1
(122,62),1,1
(122,89),1,1
(122,101),1,1
(122,119),1,1
(122,144),1,1
(122,154),1,1
(122,155),1,1
(122,160),1,1
(122,164),1,1
(122,169),1,1
(123,4),1,1
(123,10),1,1
(123,14),1,1
(123,21),1,1
(123,22),1,1
(123,46),1,1
(123,54),1,1
(123,55),1,1
(123,57),1,1
(123,58),1,1
(123,66),1,1
(123,78),1,1
(123,82),1,1
(123,84),1,1
(123,85),1,1
(123,95),1,1
(123,98),1,1
(123,102),1,1
(123,112),1,1
(123,115),1,1
(123,125),1,1
(123,135),1,1
(123,170),1,1
(123,174),1,1
(123,177),1,1
(123,184),1,1
(123,193),1,1
(123,196),1,1
(124,8),1,1
(124,17),1,1
(124,18),1,1
(124,34),1,1
(124,38),1,1
(124,39),1,1
(124,42),1,1
(124,53),1,1
(124,70),1,1
(124,75),1,1
(124,87),1,1
(124,97),1,1
(124,106),1,1
(124,108),1,1
(124,120),1,1
(124,122),1,1
(124,128),1,1
(124,130),1,1
(124,162),1,1
(124,163),1,1
(124,187),1,1
(124,195),1,1
(125,9),1,1
(125,35),1,1
(125,45),1,1
(125,47),1,1
(125,48),1,1
(125,68),1,1
(125,75),1,1
(125,78),1,1
(125,86),1,1
(125,89),1,1
(125,102),1,1
(125,103),1,1
(125,106),1,1
(125,108),1,1
(125,114),1,1
(125,130),1,1
(125,137),1,1
(125,147),1,1
(125,153),1,1
(125,159),1,1
(125,164),1,1
(125,167),1,1
(126,7),1,1
(126,17),1,1
(126,23),1,1
(126,30),1,1
(126,37),1,1
(126,39),1,1
(126,42),1,1
(126,43),1,1
(126,47),1,1
(126,67),1,1
(126,82),1,1
(126,97),1,1
(126,100),1,1
(126,107),1,1
(126,110),1,1
(126,112),1,1
(126,115),1,1
(126,120),1,1
(126,129),1,1
(126,134),1,1
(126,153),1,1
(126,166),1,1
(126,170),1,1
(126,171),1,1
(126,180),1,1
(126,181),1,1
(126,189),1,1
(126,190),1,1
(126,194),1,1
(127,3),1,1
(127,5),1,1
(127,21),1,1
(127,30),1,1
(127,72),1,1
(127,75),1,1
(127,81),1,1
(127,95),1,1
(127,121),1,1
(127,137),1,1
(127,153),1,1
(127,158),1,1
(127,184),1,1
(127,189),1,1
(127,193),1,1
(127,198),1,1
(128,1),1,1
(128,23),1,1
(128,27),1,1
(128,39),1,1
(128,46),1,1
(128,80),1,1
(128,84),1,1
(128,90),1,1
(128,93),1,1
(128,97),1,1
(128,119),1,1
(128,125),1,1
(128,127),1,1
(128,136),1,1
(128,137),1,1
(128,145),1,1
(128,155),1,1
(128,166),1,1
(128,178),1,1
(129,0),1,1
(129,8),1,1
(129,25),1,1
(129,38),1,1
(129,73),1,1
(129,78),1,1
(129,93),1,1
(129,95),1,1
(129,113),1,1
(129,123),1,1
(129,136),1,1
(129,139),1,1
(129,164),1,1
(129,165),1,1
(129,169),1,1
(129,196),1,1
(130,5),1,1
(130,8),1,1
(130,38),1,1
(130,43),1,1
(130,45),1,1
(130,48),1,1
(130,52),1,1
(130,53),1,1
(130,56),1,1
(130,58),1,1
(130,68),1,1
(130,69),1,1
(130,78),1,1
(130,87),1,1
(130,92),1,1
(130,95),1,1
(130,98),1,1
(130,101),1,1
(130,105),1,1
(130,113),1,1
(130,115),1,1
(130,131),1,1
(130,133),1,1
(130,145),1,1
(130,149),1,1
(130,167),1,1
(130,169),1,1
(130,184),1,1
(130,185),1,1
(130,190),1,1
(131,8),1,1
(131,9),1,1
(131,12),1,1
(131,29),1,1
(131,38),1,1
(131,39),1,1
(131,54),1,1
(131,56),1,1
(131,85),1,1
(131,111),1,1
(131,126),1,1
(131,128),1,1
(131,146),1,1
(131,156),1,1
(131,161),1,1
(131,165),1,1
(131,187),1,1
(131,199),1,1
(132,20),1,1
(132,28),1,1
(132,55),1,1
(132,63),1,1
(132,71),1,1
(132,84),1,1
(132,94),1,1
(132,98),1,1
(132,141),1,1
(132,142),1,1
(132,148),1,1
(132,158),1,1
(132,159),1,1
(132,176),1,1
(132,179),1,1
(132,191),1,1
(132,193),1,1
(133,17),1,1
(133,48),1,1
(133,54),1,1
(133,66),1,1
(133,81),1,1
(133,107),1,1
(133,117),1,1
(133,139),1,1
(133,146),1,1
(133,154),1,1
(133,161),1,1
(133,162),1,1
(133,166),1,1
(133,177),1,1
(133,195),1,1
(134,0),1,1
(134,5),1,1
(134,23),1,1
(134,30),1,1
(134,32),1,1
(134,38),1,1
(134,39),1,1
(134,59),1,1
(134,64),1,1
(134,81),1,1
(134,123),1,1
(134,124),1,1
(134,133),1,1
(134,141),1,1
(134,146),1,1
(134,149),1,1
(134,157),1,1
(134,160),1,1
(134,173),1,1
(134,180),1,1
(134,181),1,1
(134,189),1,1
(134,197),1,1
(135,9),1,1
(135,22),1,1
(135,41),1,1
(135,53),1,1
(135,54),1,1
(135,59),1,1
(135,65),1,1
(135,84),1,1
(135,98),1,1
(135,102),1,1
(135,103),1,1
(135,109),1,1
(135,111),1,1
(135,130),1,1
(135,134),1,1
(135,147),1,1
(135,153),1,1
(135,157),1,1
(135,167),1,1
(135,168),1,1
(135,180),1,1
(136,0),1,1
(136,3),1,1
(136,4),1,1
(136,10),1,1
(136,15),1,1
(136,16),1,1
(136,23),1,1
(136,32),1,1
(136,102),1,1
(136,105),1,1
(136,114),1,1
(136,120),1,1
(136,133),1,1
(136,140),1,1
(136,157),1,1
(137,27),1,1
(137,33),1,1
(137,61),1,1
(137,69),1,1
(137,71),1,1
(137,81),1,1
(137,90),1,1
(137,129),1,1
(137,147),1,1
(137,150),1,1
(137,162),1,1
(137,188),1,1
(137,195),1,1
(138,5),1,1
(138,12),1,1
(138,16),1,1
(138,35),1,1
(138,39),1,1
(138,44),1,1
(138,56),1,1
(138,63),1,1
(138,93),1,1
(138,100),1,1
(138,112),1,1
(138,124),1,1
(138,127),1,1
(138,129),1,1
(138,137),1,1
(138,143),1,1
(138,155),1,1
(138,170),1,1
(138,174),1,1
(138,175),1,1
(138,177),1,1
(138,186),1,1
(139,12),1,1
(139,17),1,1
(139,22),1,1
(139,23),1,1
(139,47),1,1
(139,54),1,1
(139,55),1,1
(139,59),1,1
(139,70),1,1
(139,79),1,1
(139,89),1,1
(139,138),1,1
(139,146),1,1
(139,148),1,1
(139,154),1,1
(139,157),1,1
(139,159),1,1
(139,167),1,1
(139,185),1,1
(139,188),1,1
(139,195),1,1
(140,7),1,1
(140,14),1,1
(140,18),1,1
(140,21),1,1
(140,26),1,1
(140,33),1,1
(140,39),1,1
(140,58),1,1
(140,78),1,1
(140,82),1,1
(140,88),1,1
(140,94),1,1
(140,110),1,1
(140,124),1,1
(140,134),1,1
(140,161),1,1
(140,162),1,1
(140,167),1,1
(140,173),1,1
(140,191),1,1
(141,25),1,1
(141,27),1,1
(141,46),1,1
(141,48),1,1
(141,62),1,1
(141,66),1,1
(141,91),1,1
(141,97),1,1
(141,106),1,1
(141,108),1,1
(141,123),1,1
(141,148),1,1
(141,167),1,1
(141,170),1,1
(141,176),1,1
(141,187),1,1
(141,193),1,1
(141,195),1,1
(142,29),1,1
(142,35),1,1
(142,56),1,1
(142,83),1,1
(142,110),1,1
(142,122),1,1
(142,135),1,1
(142,140),1,1
(142,156),1,1
(142,164),1,1
(142,169),1,1
(142,187),1,1
(142,192),1,1
(142,196),1,1
(143,1),1,1
(143,3),1,1
(143,10),1,1
(143,15),1,1
(143,28),1,1
(143,42),1,1
(143,47),1,1
(143,60),1,1
(143,69),1,1
(143,70),1,1
(143,79),1,1
(143,81),1,1
(143,87),1,1
(143,95),1,1
(143,108),1,1
(143,109),1,1
(143,111),1,1
(143,116),1,1
(143,144),1,1
(143,147),1,1
(143,153),1,1
(143,157),1,1
(143,163),1,1
(143,172),1,1
(143,173),1,1
(143,175),1,1
(143,177),1,1
(143,186),1,1
(144,20),1,1
(144,42),1,1
(144,45),1,1
(144,55),1,1
(144,59),1,1
(144,71),1,1
(144,97),1,1
(144,101),1,1
(144,130),1,1
(144,137),1,1
(144,163),1,1
(144,165),1,1
(144,172),1,1
(144,194),1,1
(145,15),1,1
(145,19),1,1
(145,29),1,1
(145,32),1,1
(145,45),1,1
(145,48),1,1
(145,51),1,1
(145,72),1,1
(145,80),1,1
(145,81),1,1
(145,83),1,1
(145,111),1,1
(145,120),1,1
(145,129),1,1
(145,149),1,1
(145,154),1,1
(145,161),1,1
(146,0),1,1
(146,4),1,1
(146,8),1,1
(146,11),1,1
(146,19),1,1
(146,30),1,1
(146,40),1,1
(146,54),1,1
(146,70),1,1
(146,91),1,1
(146,92),1,1
(146,93),1,1
(146,111),1,1
(146,120),1,1
(146,138),1,1
(146,140),1,1
(146,154),1,1
(146,158),1,1
(146,164),1,1
(146,168),1,1
(146,179),1,1
(147,22),1,1
(147,25),1,1
(147,27),1,1
(147,29),1,1
(147,31),1,1
(147,37),1,1
(147,59),1,1
(147,80),1,1
(147,86),1,1
(147,104),1,1
(147,107),1,1
(147,113),1,1
(147,114),1,1
(147,137),1,1
(147,142),1,1
(147,143),1,1
(147,159),1,1
(147,172),1,1
(147,173),1,1
(147,195),1,1
(148,18),1,1
(148,39),1,1
(148,67),1,1
(148,70),1,1
(148,71),1,1
(148,72),1,1
(148,109),1,1
(148,120),1,1
(148,127),1,1
(148,135),1,1
(148,152),1,1
(148,161),1,1
(148,166),1,1
(148,167),1,1
(148,192),1,1
(149,0),1,1
(149,1),1,1
(149,2),1,1
(149,9),1,1
(149,14),1,1
(149,55),1,1
(149,66),1,1
(149,67),1,1
(149,73),1,1
(149,74),1,1
(149,75),1,1
(149,86),1,1
(149,87),1,1
(149,100),1,1
(149,107),1,1
(149,129),1,1
(149,154),1,1
(149,155),1,1
(149,163),1,1
(149,167),1,1
(149,170),1,1
(149,175),1,1
(149,182),1,1
(149,185),1,1
(149,191),1,1
(150,24),1,1
(150,34),1,1
(150,64),1,1
(150,75),1,1
(150,82),1,1
(150,94),1,1
(150,100),1,1
(150,108),1,1
(150,109),1,1
(150,122),1,1
(150,132),1,1
(150,138),1,1
(150,147),1,1
(150,149),1,1
(150,187),1,1
(151,6),1,1
(151,53),1,1
(151,57),1,1
(151,59),1,1
(151,62),1,1
(151,64),1,1
(151,77),1,1
(151,85),1,1
(151,101),1,1
(151,115),1,1
(151,138),1,1
(151,152),1,1
(151,163),1,1
(151,193),1,1
(151,194),1,1
(152,0),1,1
(152,8),1,1
(152,13),1,1
(152,18),1,1
(152,22),1,1
(152,23),1,1
(152,29),1,1
(152,50),1,1
(152,62),1,1
(152,66),1,1
(152,70),1,1
(152,81),1,1
(152,82),1,1
(152,83),1,1
(152,87),1,1
(152,88),1,1
(152,90),1,1
(152,100),1,1
(152,125),1,1
(152,136),1,1
(152,146),1,1
(152,148),1,1
(152,154),1,1
(152,162),1,1
(152,168),1,1
(152,169),1,1
(152,179),1,1
(152,180),1,1
(152,197),1,1
(152,198),1,1
(153,10),1,1
(153,21),1,1
(153,23),1,1
(153,33),1,1
(153,35),1,1
(153,54),1,1
(153,59),1,1
(153,72),1,1
(153,84),1,1
(153,90),1,1
(153,110),1,1
(153,112),1,1
(153,119),1,1
(153,122),1,1
(153,135),1,1
(153,148),1,1
(153,169),1,1
(153,173),1,1
(153,182),1,1
(153,187),1,1
(154,4),1,1
(154,8),1,1
(154,13),1,1
(154,36),1,1
(154,39),1,1
(154,67),1,1
(154,76),1,1
(154,86),1,1
(154,89),1,1
(154,107),1,1
(154,116),1,1
(154,117),1,1
(154,124),1,1
(154,129),1,1
(154,133),1,1
(154,137),1,1
(154,170),1,1
(154,180),1,1
(155,10),1,1
(155,18),1,1
(155,21),1,1
(155,27),1,1
(155,41),1,1
(155,46),1,1
(155,64),1,1
(155,83),1,1
(155,86),1,1
(155,97),1,1
(155,112),1,1
(155,136),1,1
(155,177),1,1
(155,197),1,1
(156,2),1,1
(156,4),1,1
(156,11),1,1
(156,16),1,1
(156,19),1,1
(156,24),1,1
(156,34),1,1
(156,55),1,1
(156,58),1,1
(156,74),1,1
(156,88),1,1
(156,90),1,1
(156,94),1,1
(156,97),1,1
(156,111),1,1
(156,119),1,1
(156,132),1,1
(156,133),1,1
(156,150),1,1
(156,151),1,1
(156,153),1,1
(156,157),1,1
(156,163),1,1
(156,164),1,1
(157,1),1,1
(157,44),1,1
(157,46),1,1
(157,67),1,1
(157,68),1,1
(157,78),1,1
(157,80),1,1
(157,82),1,1
(157,89),1,1
(157,90),1,1
(157,96),1,1
(157,102),1,1
(157,130),1,1
(157,137),1,1
(157,138),1,1
(157,165),1,1
(157,166),1,1
(157,172),1,1
(157,180),1,1
(158,32),1,1
(158,38),1,1
(158,50),1,1
(158,53),1,1
(158,68),1,1
(158,78),1,1
(158,118),1,1
(158,133),1,1
(158,139),1,1
(158,142),1,1
(158,149),1,1
(158,154),1,1
(158,167),1,1
(158,179),1,1
(158,194),1,1
(159,2),1,1
(159,17),1,1
(159,20),1,1
(159,39),1,1
(159,41),1,1
(159,44),1,1
(159,62),1,1
(159,75),1,1
(159,77),1,1
(159,80),1,1
(159,84),1,1
(159,88),1,1
(159,95),1,1
(159,96),1,1
(159,109),1,1
(159,110),1,1
(159,120),1,1
(159,124),1,1
(159,127),1,1
(159,132),1,1
(159,141),1,1
(159,142),1,1
(159,157),1,1
(159,161),1,1
(159,166),1,1
(159,177),1,1
(159,182),1,1
(159,186),1,1
(160,15),1,1
(160,36),1,1
(160,37),1,1
(160,44),1,1
(160,54),1,1
(160,77),1,1
(160,94),1,1
(160,107),1,1
(160,122),1,1
(160,144),1,1
(160,172),1,1
(160,174),1,1
(160,176),1,1
(160,187),1,1
(160,190),1,1
(161,1),1,1
(161,3),1,1
(161,31),1,1
(161,37),1,1
(161,58),1,1
(161,77),1,1
(161,88),1,1
(161,90),1,1
(161,108),1,1
(161,111),1,1
(161,122),1,1
(161,138),1,1
(161,150),1,1
(161,166),1,1
(162,3),1,1
(162,15),1,1
(162,17),1,1
(162,24),1,1
(162,34),1,1
(162,36),1,1
(162,38),1,1
(162,44),1,1
(162,56),1,1
(162,68),1,1
(162,72),1,1
(162,74),1,1
(162,88),1,1
(162,111),1,1
(162,122),1,1
(162,129),1,1
(162,141),1,1
(162,144),1,1
(162,173),1,1
(163,2),1,1
(163,15),1,1
(163,29),1,1
(163,31),1,1
(163,56),1,1
(163,71),1,1
(163,73),1,1
(163,81),1,1
(163,87),1,1
(163,121),1,1
(163,149),1,1
(163,160),1,1
(163,174),1,1
(163,195),1,1
(164,10),1,1
(164,21),1,1
(164,30),1,1
(164,45),1,1
(164,58),1,1
(164,63),1,1
(164,66),1,1
(164,68),1,1
(164,72),1,1
(164,80),1,1
(164,101),1,1
(164,107),1,1
(164,148),1,1
(164,158),1,1
(165,3),1,1
(165,4),1,1
(165,17),1,1
(165,19),1,1
(165,28),1,1
(165,92),1,1
(165,94),1,1
(165,119),1,1
(165,138),1,1
(165,154),1,1
(165,157),1,1
(166,16),1,1
(166,18),1,1
(166,21),1,1
(166,24),1,1
(166,27),1,1
(166,32),1,1
(166,42),1,1
(166,48),1,1
(166,59),1,1
(166,63),1,1
(166,77),1,1
(166,89),1,1
(166,96),1,1
(166,138),1,1
(166,156),1,1
(166,181),1,1
(166,197),1,1
(167,8),1,1
(167,14),1,1
(167,20),1,1
(167,24),1,1
(167,34),1,1
(167,41),1,1
(167,53),1,1
(167,81),1,1
(167,107),1,1
(167,109),1,1
(167,112),1,1
(167,115),1,1
(167,117),1,1
(167,122),1,1
(167,125),1,1
(167,133),1,1
(167,137),1,1
(167,149),1,1
(167,184),1,1
(167,191),1,1
(168,0),1,1
(168,6),1,1
(168,9),1,1
(168,78),1,1
(168,80),1,1
(168,104),1,1
(168,107),1,1
(168,118),1,1
(168,121),1,1
(168,128),1,1
(168,140),1,1
(168,162),1,1
(168,163),1,1
(168,167),1,1
(168,174),1,1
(168,181),1,1
(168,197),1,1
(169,20),1,1
(169,26),1,1
(169,32),1,1
(169,41),1,1
(169,46),1,1
(169,62),1,1
(169,70),1,1
(169,72),1,1
(169,74),1,1
(169,82),1,1
(169,87),1,1
(169,92),1,1
(169,111),1,1
(169,122),1,1
(169,126),1,1
(169,134),1,1
(169,141),1,1
(169,166),1,1
(169,170),1,1
(169,180),1,1
(169,197),1,1
(170,1),1,1
(170,12),1,1
(170,14),1,1
(170,24),1,1
(170,25),1,1
(170,45),1,1
(170,64),1,1
(170,70),1,1
(170,77),1,1
(170,88),1,1
(170,113),1,1
(170,134),1,1
(170,145),1,1
(170,162),1,1
(170,171),1,1
(170,181),1,1
(170,187),1,1
(171,5),1,1
(171,6),1,1
(171,16),1,1
(171,18),1,1
(171,20),1,1
(171,27),1,1
(171,40),1,1
(171,47),1,1
(171,103),1,1
(171,113),1,1
(171,124),1,1
(171,134),1,1
(171,143),1,1
(171,157),1,1
(171,170),1,1
(171,174),1,1
(171,175),1,1
(171,176),1,1
(172,4),1,1
(172,7),1,1
(172,9),1,1
(172,10),1,1
(172,16),1,1
(172,34),1,1
(172,40),1,1
(172,44),1,1
(172,49),1,1
(172,54),1,1
(172,64),1,1
(172,78),1,1
(172,81),1,1
(172,87),1,1
(172,100),1,1
(172,109),1,1
(172,114),1,1
(172,144),1,1
(172,158),1,1
(172,169),1,1
(172,187),1,1
(172,191),1,1
(172,192),1,1
(172,197),1,1
(172,199),1,1
(173,13),1,1
(173,21),1,1
(173,48),1,1
(173,66),1,1
(173,77),1,1
(173,84),1,1
(173,88),1,1
(173,90),1,1
(173,91),1,1
(173,97),1,1
(173,102),1,1
(173,108),1,1
(173,114),1,1
(173,116),1,1
(173,133),1,1
(173,153),1,1
(173,159),1,1
(173,172),1,1
(173,182),1,1
(173,183),1,1
(173,190),1,1
(173,192),1,1
(173,193),1,1
(173,194),1,1
(174,12),1,1
(174,53),1,1
(174,56),1,1
(174,64),1,1
(174,89),1,1
(174,97),1,1
(174,124),1,1
(174,138),1,1
(174,156),1,1
(174,157),1,1
(174,161),1,1
(174,180),1,1
(174,193),1,1
(175,16),1,1
(175,27),1,1
(175,31),1,1
(175,37),1,1
(175,54),1,1
(175,59),1,1
(175,67),1,1
(175,69),1,1
(175,74),1,1
(175,83),1,1
(175,116),1,1
(175,119),1,1
(175,130),1,1
(175,165),1,1
(175,166),1,1
(175,173),1,1
(175,182),1,1
(175,193),1,1
(175,196),1,1
(176,5),1,1
(176,9),1,1
(176,22),1,1
(176,38),1,1
(176,50),1,1
(176,60),1,1
(176,74),1,1
(176,88),1,1
(176,90),1,1
(176,107),1,1
(176,123),1,1
(176,136),1,1
(176,137),1,1
(176,142),1,1
(176,162),1,1
(176,171),1,1
(176,192),1,1
(176,198),1,1
(176,199),1,1
(177,2),1,1
(177,4),1,1
(177,10),1,1
(177,20),1,1
(177,63),1,1
(177,68),1,1
(177,74),1,1
(177,82),1,1
(177,87),1,1
(177,89),1,1
(177,117),1,1
(177,120),1,1
(177,127),1,1
(177,130),1,1
(177,135),1,1
(177,143),1,1
(177,147),1,1
(177,150),1,1
(177,152),1,1
(177,190),1,1
(178,10),1,1
(178,16),1,1
(178,21),1,1
(178,37),1,1
(178,48),1,1
(178,49),1,1
(178,64),1,1
(178,66),1,1
(178,75),1,1
(178,89),1,1
(178,119),1,1
(178,140),1,1
(178,156),1,1
(178,164),1,1
(178,177),1,1
(178,192),1,1
(179,11),1,1
(179,47),1,1
(179,55),1,1
(179,89),1,1
(179,114),1,1
(179,133),1,1
(179,136),1,1
(179,151),1,1
(179,160),1,1
(179,171),1,1
(179,177),1,1
(179,184),1,1
(179,192),1,1
(179,194),1,1
(180,5),1,1
(180,11),1,1
(180,27),1,1
(180,30),1,1
(180,38),1,1
(180,78),1,1
(180,95),1,1
(180,103),1,1
(180,109),1,1
(180,117),1,1
(180,126),1,1
(180,132),1,1
(180,166),1,1
(180,190),1,1
(181,3),1,1
(181,8),1,1
(181,31),1,1
(181,36),1,1
(181,43),1,1
(181,46),1,1
(181,62),1,1
(181,67),1,1
(181,68),1,1
(181,84),1,1
(181,97),1,1
(181,110),1,1
(181,111),1,1
(181,112),1,1
(181,114),1,1
(181,136),1,1
(181,164),1,1
(181,168),1,1
(181,172),1,1
(181,174),1,1
(181,183),1,1
(181,199),1,1
(182,12),1,1
(182,23),1,1
(182,36),1,1
(182,47),1,1
(182,58),1,1
(182,62),1,1
(182,68),1,1
(182,97),1,1
(182,108),1,1
(182,119),1,1
(182,123),1,1
(182,143),1,1
(182,155),1,1
(182,168),1,1
(182,171),1,1
(182,175),1,1
(182,176),1,1
(182,177),1,1
(183,4),1,1
(183,5),1,1
(183,16),1,1
(183,25),1,1
(183,28),1,1
(183,42),1,1
(183,46),1,1
(183,47),1,1
(183,60),1,1
(183,62),1,1
(183,63),1,1
(183,71),1,1
(183,76),1,1
(183,91),1,1
(183,93),1,1
(183,106),1,1
(183,130),1,1
(183,137),1,1
(183,138),1,1
(183,140),1,1
(183,143),1,1
(183,150),1,1
(183,157),1,1
(183,160),1,1
(183,172),1,1
(183,182),1,1
(184,1),1,1
(184,6),1,1
(184,21),1,1
(184,29),1,1
(184,37),1,1
(184,51),1,1
(184,55),1,1
(184,56),1,1
(184,58),1,1
(184,84),1,1
(184,86),1,1
(184,107),1,1
(184,126),1,1
(184,133),1,1
(184,139),1,1
(184,145),1,1
(184,156),1,1
(184,166),1,1
(184,181),1,1
(184,186),1,1
(184,190),1,1
(184,196),1,1
(185,33),1,1
(185,36),1,1
(185,42),1,1
(185,43),1,1
(185,50),1,1
(185,62),1,1
(185,67),1,1
(185,97),1,1
(185,101),1,1
(185,113),1,1
(185,128),1,1
(185,138),1,1
(185,148),1,1
(185,157),1,1
(185,163),1,1
(185,175),1,1
(185,188),1,1
(185,189),1,1
(185,190),1,1
(185,198),1,1
(186,13),1,1
(186,24),1,1
(186,33),1,1
(186,35),1,1
(186,71),1,1
(186,78),1,1
(186,80),1,1
(186,90),1,1
(186,96),1,1
(186,98),1,1
(186,103),1,1
(186,120),1,1
(186,122),1,1
(186,125),1,1
(186,170),1,1
(186,177),1,1
(186,185),1,1
(186,189),1,1
(186,197),1,1
(187,0),1,1
(187,14),1,1
(187,17),1,1
(187,21),1,1
(187,24),1,1
(187,31),1,1
(187,39),1,1
(187,43),1,1
(187,47),1,1
(187,61),1,1
(187,76),1,1
(187,89),1,1
(187,92),1,1
(187,95),1,1
(187,99),1,1
(187,106),1,1
(187,112),1,1
(187,115),1,1
(187,146),1,1
(187,154),1,1
(187,159),1,1
(187,163),1,1
(187,170),1,1
(187,172),1,1
(187,183),1,1
(187,186),1,1
(187,194),1,1
(188,10),1,1
(188,12),1,1
(188,27),1,1
(188,43),1,1
(188,52),1,1
(188,54),1,1
(188,79),1,1
(188,87),1,1
(188,95),1,1
(188,103),1,1
(188,116),1,1
(188,120),1,1
(188,127),1,1
(188,129),1,1
(188,140),1,1
(188,146),1,1
(188,147),1,1
(188,178),1,1
(189,8),1,1
(189,42),1,1
(189,47),1,1
(189,48),1,1
(189,54),1,1
(189,74),1,1
(189,80),1,1
(189,87),1,1
(189,89),1,1
(189,90),1,1
(189,94),1,1
(189,105),1,1
(189,124),1,1
(189,127),1,1
(189,133),1,1
(189,142),1,1
(189,151),1,1
(189,173),1,1
(189,187),1,1
(189,191),1,1
(189,192),1,1
(189,196),1,1
(189,199),1,1
(190,7),1,1
(190,21),1,1
(190,26),1,1
(190,32),1,1
(190,36),1,1
(190,39),1,1
(190,42),1,1
(190,44),1,1
(190,46),1,1
(190,47),1,1
(190,66),1,1
(190,71),1,1
(190,76),1,1
(190,87),1,1
(190,88),1,1
(190,139),1,1
(190,146),1,1
(190,160),1,1
(190,163),1,1
(190,165),1,1
(190,167),1,1
(190,186),1,1
(191,63),1,1
(191,71),1,1
(191,85),1,1
(191,89),1,1
(191,93),1,1
(191,99),1,1
(191,112),1,1
(191,117),1,1
(191,118),1,1
(191,139),1,1
(191,143),1,1
(191,149),1,1
(191,158),1,1
(191,165),1,1
(191,171),1,1
(191,173),1,1
(191,184),1,1
(192,4),1,1
(192,13),1,1
(192,14),1,1
(192,21),1,1
(192,27),1,1
(192,40),1,1
(192,46),1,1
(192,52),1,1
(192,54),1,1
(192,81),1,1
(192,102),1,1
(192,110),1,1
(192,173),1,1
(192,178),1,1
(193,8),1,1
(193,11),1,1
(193,12),1,1
(193,14),1,1
(193,28),1,1
(193,37),1,1
(193,47),1,1
(193,50),1,1
(193,64),1,1
(193,67),1,1
(193,78),1,1
(193,79),1,1
(193,84),1,1
(193,96),1,1
(193,106),1,1
(193,132),1,1
(193,139),1,1
(193,146),1,1
(193,148),1,1
(193,159),1,1
(193,160),1,1
(193,166),1,1
(194,33),1,1
(194,41),1,1
(194,45),1,1
(194,47),1,1
(194,55),1,1
(194,69),1,1
(194,88),1,1
(194,101),1,1
(194,123),1,1
(194,141),1,1
(194,147),1,1
(194,153),1,1
(194,156),1,1
(194,157),1,1
(194,165),1,1
(194,185),1,1
(194,189),1,1
(195,1),1,1
(195,6),1,1
(195,30),1,1
(195,32),1,1
(195,33),1,1
(195,38),1,1
(195,67),1,1
(195,81),1,1
(195,86),1,1
(195,101),1,1
(195,128),1,1
(195,157),1,1
(195,160),1,1
(195,166),1,1
(195,172),1,1
(195,174),1,1
(195,181),1,1
(196,0),1,1
(196,12),1,1
(196,21),1,1
(196,22),1,1
(196,23),1,1
(196,24),1,1
(196,26),1,1
(196,37),1,1
(196,44),1,1
(196,46),1,1
(196,52),1,1
(196,79),1,1
(196,85),1,1
(196,95),1,1
(196,103),1,1
(196,107),1,1
(196,111),1,1
(196,118),1,1
(196,123),1,1
(196,126),1,1
(196,132),1,1
(196,141),1,1
(196,150),1,1
(196,157),1,1
(196,174),1,1
(197,9),1,1
(197,25),1,1
(197,35),1,1
(197,36),1,1
(197,41),1,1
(197,67),1,1
(197,70),1,1
(197,73),1,1
(197,77),1,1
(197,88),1,1
(197,97),1,1
(197,118),1,1
(197,131),1,1
(197,141),1,1
(197,151),1,1
(197,158),1,1
(197,165),1,1
(197,166),1,1
(197,194),1,1
(197,196),1,1
(197,198),1,1
(198,0),1,1
(198,11),1,1
(198,14),1,1
(198,26),1,1
(198,48),1,1
(198,57),1,1
(198,68),1,1
(198,78),1,1
(198,114),1,1
(198,124),1,1
(198,128),1,1
(198,155),1,1
(198,159),1,1
(198,160),1,1
(198,161),1,1
(198,186),1,1
(198,190),1,1
(199,2),1,1
(199,6),1,1
(199,9),1,1
(199,25),1,1
(199,35),1,1
(199,48),1,1
(199,72),1,1
(199,82),1,1
(199,88),1,1
(199,95),1,1
(199,123),1,1
(199,125),1,1
(199,126),1,1
(199,132),1,1
(199,142),1,1
(199,168),1,1
(199,178),1,1
