Nr_Pairs = 50
Nr_NDD = 0
Nr_Arcs = 259
0,0,0,0,0
1,0,0,0,0
2,0,0,0,0
3,0,0,0,0
4,0,0,0,0
5,0,0,0,0
6,0,0,0,0
7,0,0,0,0
8,0,0,0,0
9,0,0,0,0
10,0,0,0,0
11,0,0,0,0
12,0,0,0,0
13,0,0,0,0
14,0,0,0,0
15,0,0,0,0
16,0,0,0,0
17,0,0,0,0
18,0,0,0,0
19,0,0,0,0
20,0,0,0,0
21,0,0,0,0
22,0,0,0,0
23,0,0,0,0
24,0,0,0,0
25,0,0,0,0
26,0,0,0,0
27,0,0,0,0
28,0,0,0,0
29,0,0,0,0
30,0,0,0,0
31,0,0,0,0
32,0,0,0,0
33,0,0,0,0
34,0,0,0,0
35,0,0,0,0
36,0,0,0,0
37,0,0,0,0
38,0,0,0,0
39,0,0,0,0
40,0,0,0,0
41,0,0,0,0
42,0,0,0,0
43,0,0,0,0
44,0,0,0,0
45,0,0,0,0
46,0,0,0,0
47,0,0,0,0
48,0,0,0,0
49,0,0,0,0
(0,24),1,1
(0,28),1,1
(0,36),1,1
(0,41),1,1
(0,42),1,1
(1,9),1,1
(1,12),1,1
(1,28),1,1
(1,39),1,1
(1,41),1,1
(2,25),1,1
(2,42),1,1
(2,44),1,1
(3,0),1,1
(3,7),1,1
(3,48),1,1
(4,0),1,1
(4,1),1,1
(4,18),1,1
(4,20),1,1
(4,24),1,1
(4,30),1,1
(4,45),1,1
(5,12),1,1
(5,14),1,1
(5,16),1,1
(5,24),1,1
(5,33),1,1
(5,35),1,1
(6,1),1,1
(6,17),1,1
(6,24),1,1
(6,26),1,1
(7,4),1,1
(7,31),1,1
(7,38),1,1
(8,5),1,1
(8,24),1,1
(8,44),1,1
(8,48),1,1
(8,49),1,1
(9,4),1,1
(9,14),1,1
(9,19),1,1
(9,20),1,1
(9,27),1,1
(9,31),1,1
(9,34),1,1
(9,36),1,1
(10,3),1,1
(10,5),1,1
(10,19),1,1
(10,42),1,1
(11,1),1,1
(11,17),1,1
(11,18),1,1
(11,21),1,1
(11,29),1,1
(11,30),1,1
(11,33),1,1
(11,48),1,1
(12,2),1,1
(12,3),1,1
(12,9),1,1
(12,16),1,1
(12,22),1,1
(12,31),1,1
(12,48),1,1
(13,7),1,1
(13,8),1,1
(13,11),1,1
(13,19),1,1
(13,41),1,1
(13,42),1,1
(13,44),1,1
(13,46),1,1
(14,2),1,1
(14,6),1,1
(14,29),1,1
(14,38),1,1
(14,40),1,1
(14,41),1,1
(15,3),1,1
(15,7),1,1
(15,16),1,1
(15,25),1,1
(15,29),1,1
(16,20),1,1
(16,38),1,1
(16,41),1,1
(17,2),1,1
(17,13),1,1
(17,30),1,1
(17,32),1,1
(17,36),1,1
(17,42),1,1
(17,43),1,1
(18,4),1,1
(18,13),1,1
(18,14),1,1
(18,30),1,1
(18,41),1,1
(19,6),1,1
(19,7),1,1
(19,8),1,1
(19,9),1,1
(19,12),1,1
(19,24),1,1
(19,28),1,1
(19,39),1,1
(20,1),1,1
(21,1),1,1
(21,2),1,1
(21,4),1,1
(21,13),1,1
(21,14),1,1
(21,23),1,1
(21,31),1,1
(21,40),1,1
(22,3),1,1
(22,25),1,1
(22,35),1,1
(23,8),1,1
(23,24),1,1
(23,25),1,1
(23,37),1,1
(23,49),1,1
(24,12),1,1
(24,18),1,1
(24,20),1,1
(24,21),1,1
(24,34),1,1
(24,48),1,1
(25,17),1,1
(25,28),1,1
(25,37),1,1
(25,41),1,1
(25,43),1,1
(25,45),1,1
(26,1),1,1
(26,9),1,1
(26,13),1,1
(26,18),1,1
(26,24),1,1
(27,4),1,1
(27,12),1,1
(27,30),1,1
(27,31),1,1
(27,38),1,1
(27,48),1,1
(28,7),1,1
(28,17),1,1
(28,19),1,1
(28,33),1,1
(28,48),1,1
(29,38),1,1
(30,4),1,1
(30,13),1,1
(30,18),1,1
(30,29),1,1
(30,42),1,1
(31,22),1,1
(31,28),1,1
(32,3),1,1
(32,8),1,1
(32,25),1,1
(32,48),1,1
(33,9),1,1
(33,13),1,1
(34,11),1,1
(34,16),1,1
(34,23),1,1
(34,33),1,1
(34,42),1,1
(34,47),1,1
(35,13),1,1
(35,19),1,1
(35,30),1,1
(36,37),1,1
(36,39),1,1
(37,2),1,1
(37,11),1,1
(37,40),1,1
(37,41),1,1
(37,45),1,1
(38,0),1,1
(38,1),1,1
(38,9),1,1
(38,18),1,1
(38,25),1,1
(38,26),1,1
(38,40),1,1
(38,43),1,1
(38,46),1,1
(39,5),1,1
(39,11),1,1
(39,22),1,1
(39,30),1,1
(39,38),1,1
(40,12),1,1
(40,17),1,1
(40,43),1,1
(40,44),1,1
(41,6),1,1
(41,24),1,1
(41,32),1,1
(41,34),1,1
(41,35),1,1
(42,2),1,1
(42,6),1,1
(42,11),1,1
(42,16),1,1
(42,28),1,1
(42,33),1,1
(42,46),1,1
(43,3),1,1
(43,19),1,1
(43,20),1,1
(43,24),1,1
(43,25),1,1
(43,29),1,1
(43,40),1,1
(44,3),1,1
(44,4),1,1
(44,8),1,1
(44,11),1,1
(45,4),1,1
(45,10),1,1
(45,16),1,1
(45,28),1,1
(46,3),1,1
(46,6),1,1
(46,7),1,1
(46,15),1,1
(46,16),1,1
(46,17),1,1
(47,11),1,1
(47,16),1,1
(47,22),1,1
(47,24),1,1
(47,28),1,1
(47,39),1,1
(47,42),1,1
(47,46),1,1
(48,23),1,1
(48,44),1,1
(49,2),1,1
(49,3),1,1
(49,4),1,1
(49,12),1,1
(49,13),1,1
(49,14),1,1
(49,16),1,1
(49,17),1,1
(49,20),1,1
(49,26),1,1
(49,34),1,1
(49,43),1,1
(49,48),1,1
