Nr_Pairs = 200
Nr_NDD = 0
Nr_Arcs = 4047
0,0,0,0,0
1,0,0,0,0
2,0,0,0,0
3,0,0,0,0
4,0,0,0,0
5,0,0,0,0
6,0,0,0,0
7,0,0,0,0
8,0,0,0,0
9,0,0,0,0
10,0,0,0,0
11,0,0,0,0
12,0,0,0,0
13,0,0,0,0
14,0,0,0,0
15,0,0,0,0
16,0,0,0,0
17,0,0,0,0
18,0,0,0,0
19,0,0,0,0
20,0,0,0,0
21,0,0,0,0
22,0,0,0,0
23,0,0,0,0
24,0,0,0,0
25,0,0,0,0
26,0,0,0,0
27,0,0,0,0
28,0,0,0,0
29,0,0,0,0
30,0,0,0,0
31,0,0,0,0
32,0,0,0,0
33,0,0,0,0
34,0,0,0,0
35,0,0,0,0
36,0,0,0,0
37,0,0,0,0
38,0,0,0,0
39,0,0,0,0
40,0,0,0,0
41,0,0,0,0
42,0,0,0,0
43,0,0,0,0
44,0,0,0,0
45,0,0,0,0
46,0,0,0,0
47,0,0,0,0
48,0,0,0,0
49,0,0,0,0
50,0,0,0,0
51,0,0,0,0
52,0,0,0,0
53,0,0,0,0
54,0,0,0,0
55,0,0,0,0
56,0,0,0,0
57,0,0,0,0
58,0,0,0,0
59,0,0,0,0
60,0,0,0,0
61,0,0,0,0
62,0,0,0,0
63,0,0,0,0
64,0,0,0,0
65,0,0,0,0
66,0,0,0,0
67,0,0,0,0
68,0,0,0,0
69,0,0,0,0
70,0,0,0,0
71,0,0,0,0
72,0,0,0,0
73,0,0,0,0
74,0,0,0,0
75,0,0,0,0
76,0,0,0,0
77,0,0,0,0
78,0,0,0,0
79,0,0,0,0
80,0,0,0,0
81,0,0,0,0
82,0,0,0,0
83,0,0,0,0
84,0,0,0,0
85,0,0,0,0
86,0,0,0,0
87,0,0,0,0
88,0,0,0,0
89,0,0,0,0
90,0,0,0,0
91,0,0,0,0
92,0,0,0,0
93,0,0,0,0
94,0,0,0,0
95,0,0,0,0
96,0,0,0,0
97,0,0,0,0
98,0,0,0,0
99,0,0,0,0
100,0,0,0,0
101,0,0,0,0
102,0,0,0,0
103,0,0,0,0
104,0,0,0,0
105,0,0,0,0
106,0,0,0,0
107,0,0,0,0
108,0,0,0,0
109,0,0,0,0
110,0,0,0,0
111,0,0,0,0
112,0,0,0,0
113,0,0,0,0
114,0,0,0,0
115,0,0,0,0
116,0,0,0,0
117,0,0,0,0
118,0,0,0,0
119,0,0,0,0
120,0,0,0,0
121,0,0,0,0
122,0,0,0,0
123,0,0,0,0
124,0,0,0,0
125,0,0,0,0
126,0,0,0,0
127,0,0,0,0
128,0,0,0,0
129,0,0,0,0
130,0,0,0,0
131,0,0,0,0
132,0,0,0,0
133,0,0,0,0
134,0,0,0,0
135,0,0,0,0
136,0,0,0,0
137,0,0,0,0
138,0,0,0,0
139,0,0,0,0
140,0,0,0,0
141,0,0,0,0
142,0,0,0,0
143,0,0,0,0
144,0,0,0,0
145,0,0,0,0
146,0,0,0,0
147,0,0,0,0
148,0,0,0,0
149,0,0,0,0
150,0,0,0,0
151,0,0,0,0
152,0,0,0,0
153,0,0,0,0
154,0,0,0,0
155,0,0,0,0
156,0,0,0,0
157,0,0,0,0
158,0,0,0,0
159,0,0,0,0
160,0,0,0,0
161,0,0,0,0
162,0,0,0,0
163,0,0,0,0
164,0,0,0,0
165,0,0,0,0
166,0,0,0,0
167,0,0,0,0
168,0,0,0,0
169,0,0,0,0
170,0,0,0,0
171,0,0,0,0
172,0,0,0,0
173,0,0,0,0
174,0,0,0,0
175,0,0,0,0
176,0,0,0,0
177,0,0,0,0
178,0,0,0,0
179,0,0,0,0
180,0,0,0,0
181,0,0,0,0
182,0,0,0,0
183,0,0,0,0
184,0,0,0,0
185,0,0,0,0
186,0,0,0,0
187,0,0,0,0
188,0,0,0,0
189,0,0,0,0
190,0,0,0,0
191,0,0,0,0
192,0,0,0,0
193,0,0,0,0
194,0,0,0,0
195,0,0,0,0
196,0,0,0,0
197,0,0,0,0
198,0,0,0,0
199,0,0,0,0
(0,1),1,57
(0,7),1,38
(0,15),1,17
(0,21),1,53
(0,47),1,91
(0,75),1,99
(0,88),1,90
(0,94),1,56
(0,110),1,68
(0,111),1,33
(0,117),1,58
(0,143),1,57
(0,158),1,50
(0,159),1,78
(0,168),1,98
(0,176),1,33
(0,196),1,1
(1,5),1,96
(1,47),1,47
(1,60),1,38
(1,76),1,90
(1,79),1,1
(1,81),1,79
(1,96),1,65
(1,97),1,46
(1,117),1,52
(1,119),1,57
(1,126),1,95
(1,134),1,65
(1,160),1,76
(1,172),1,34
(1,185),1,38
(1,197),1,22
(2,8),1,13
(2,18),1,37
(2,24),1,31
(2,31),1,36
(2,53),1,13
(2,56),1,13
(2,71),1,84
(2,76),1,61
(2,79),1,94
(2,80),1,32
(2,88),1,32
(2,90),1,93
(2,91),1,71
(2,102),1,72
(2,112),1,2
(2,122),1,98
(2,130),1,83
(2,137),1,67
(2,149),1,26
(2,156),1,52
(2,160),1,42
(3,23),1,53
(3,30),1,76
(3,64),1,18
(3,84),1,84
(3,85),1,88
(3,86),1,36
(3,96),1,7
(3,109),1,55
(3,112),1,70
(3,115),1,42
(3,116),1,99
(3,146),1,7
(3,157),1,52
(3,160),1,97
(3,163),1,73
(3,172),1,75
(3,173),1,40
(3,175),1,44
(3,180),1,35
(4,1),1,98
(4,11),1,22
(4,14),1,74
(4,21),1,37
(4,51),1,44
(4,66),1,45
(4,70),1,92
(4,72),1,43
(4,74),1,68
(4,78),1,6
(4,85),1,19
(4,107),1,6
(4,111),1,95
(4,128),1,70
(4,130),1,22
(4,137),1,12
(4,152),1,50
(4,161),1,90
(4,184),1,80
(4,199),1,81
(5,2),1,8
(5,14),1,91
(5,38),1,26
(5,55),1,87
(5,60),1,68
(5,64),1,32
(5,75),1,12
(5,91),1,11
(5,118),1,39
(5,139),1,90
(5,146),1,11
(5,168),1,30
(6,15),1,21
(6,32),1,88
(6,46),1,93
(6,47),1,50
(6,50),1,80
(6,63),1,77
(6,77),1,44
(6,101),1,80
(6,108),1,78
(6,111),1,99
(6,114),1,68
(6,145),1,96
(6,149),1,56
(6,153),1,14
(6,168),1,41
(6,186),1,68
(6,191),1,26
(6,192),1,97
(7,19),1,76
(7,28),1,53
(7,29),1,98
(7,36),1,96
(7,48),1,75
(7,52),1,26
(7,61),1,46
(7,65),1,82
(7,72),1,80
(7,104),1,45
(7,105),1,86
(7,114),1,91
(7,135),1,72
(7,159),1,5
(7,181),1,47
(7,184),1,50
(7,188),1,54
(8,2),1,33
(8,23),1,85
(8,37),1,73
(8,41),1,33
(8,49),1,12
(8,51),1,68
(8,79),1,49
(8,92),1,33
(8,110),1,46
(8,167),1,85
(8,169),1,10
(8,186),1,93
(9,8),1,34
(9,11),1,43
(9,24),1,80
(9,28),1,16
(9,33),1,21
(9,39),1,89
(9,41),1,8
(9,42),1,27
(9,49),1,95
(9,54),1,77
(9,56),1,82
(9,62),1,44
(9,71),1,51
(9,75),1,36
(9,92),1,11
(9,93),1,62
(9,96),1,87
(9,99),1,7
(9,117),1,58
(9,137),1,43
(9,147),1,5
(9,166),1,97
(9,169),1,64
(9,171),1,29
(9,175),1,92
(9,184),1,36
(9,185),1,14
(10,18),1,87
(10,20),1,93
(10,43),1,66
(10,77),1,6
(10,100),1,38
(10,103),1,59
(10,111),1,20
(10,139),1,95
(10,143),1,5
(10,150),1,77
(10,157),1,71
(10,178),1,49
(11,16),1,42
(11,19),1,87
(11,26),1,41
(11,27),1,74
(11,29),1,15
(11,55),1,100
(11,64),1,68
(11,68),1,100
(11,74),1,38
(11,95),1,47
(11,98),1,55
(11,102),1,10
(11,108),1,46
(11,110),1,86
(11,125),1,17
(11,132),1,77
(11,133),1,67
(11,157),1,39
(11,159),1,6
(11,172),1,62
(11,174),1,1
(11,191),1,76
(11,192),1,39
(11,195),1,31
(12,0),1,98
(12,9),1,96
(12,14),1,100
(12,15),1,80
(12,39),1,68
(12,56),1,51
(12,60),1,31
(12,72),1,14
(12,81),1,86
(12,114),1,18
(12,116),1,13
(12,139),1,85
(12,162),1,78
(12,166),1,13
(13,24),1,68
(13,37),1,53
(13,49),1,22
(13,68),1,13
(13,90),1,82
(13,93),1,65
(13,120),1,5
(13,121),1,88
(13,130),1,76
(13,134),1,77
(13,144),1,0
(13,152),1,86
(13,157),1,81
(13,165),1,97
(13,166),1,94
(13,180),1,9
(13,184),1,61
(13,189),1,27
(13,192),1,88
(13,196),1,20
(14,31),1,84
(14,55),1,100
(14,61),1,89
(14,65),1,55
(14,66),1,32
(14,68),1,92
(14,81),1,87
(14,109),1,0
(14,111),1,84
(14,114),1,39
(14,129),1,95
(14,149),1,63
(14,162),1,74
(14,176),1,66
(14,180),1,74
(15,8),1,51
(15,13),1,98
(15,16),1,2
(15,18),1,45
(15,20),1,7
(15,21),1,95
(15,40),1,41
(15,51),1,53
(15,53),1,39
(15,60),1,93
(15,67),1,42
(15,105),1,67
(15,118),1,85
(15,129),1,45
(15,132),1,68
(15,141),1,84
(15,151),1,79
(15,153),1,0
(15,170),1,6
(15,172),1,43
(15,185),1,26
(15,191),1,69
(15,193),1,15
(15,198),1,73
(16,5),1,2
(16,15),1,69
(16,26),1,74
(16,33),1,24
(16,45),1,52
(16,54),1,70
(16,62),1,6
(16,69),1,100
(16,77),1,86
(16,87),1,5
(16,93),1,62
(16,104),1,83
(16,107),1,65
(16,116),1,6
(16,127),1,41
(16,132),1,85
(16,135),1,76
(16,147),1,32
(16,149),1,59
(16,155),1,41
(16,163),1,50
(16,167),1,91
(16,177),1,34
(16,192),1,65
(17,9),1,37
(17,35),1,3
(17,48),1,92
(17,52),1,68
(17,67),1,42
(17,73),1,17
(17,79),1,43
(17,91),1,63
(17,97),1,1
(17,124),1,87
(17,141),1,79
(17,143),1,22
(17,150),1,74
(17,167),1,90
(17,171),1,39
(17,180),1,25
(17,189),1,36
(18,1),1,8
(18,8),1,23
(18,13),1,2
(18,23),1,24
(18,28),1,0
(18,32),1,73
(18,50),1,50
(18,74),1,5
(18,85),1,68
(18,86),1,64
(18,91),1,51
(18,96),1,42
(18,105),1,38
(18,133),1,57
(18,137),1,84
(18,143),1,6
(18,146),1,95
(18,160),1,36
(18,186),1,44
(18,196),1,12
(19,8),1,88
(19,16),1,47
(19,20),1,7
(19,21),1,1
(19,44),1,76
(19,49),1,59
(19,74),1,91
(19,76),1,81
(19,81),1,99
(19,82),1,71
(19,90),1,62
(19,94),1,86
(19,102),1,10
(19,108),1,96
(19,149),1,66
(19,150),1,71
(19,189),1,43
(19,194),1,41
(20,7),1,2
(20,9),1,31
(20,31),1,24
(20,55),1,99
(20,74),1,70
(20,91),1,13
(20,106),1,2
(20,117),1,15
(20,129),1,13
(20,138),1,37
(20,139),1,78
(20,154),1,54
(20,177),1,54
(20,178),1,54
(20,180),1,9
(20,181),1,52
(21,1),1,85
(21,8),1,78
(21,13),1,45
(21,15),1,98
(21,16),1,39
(21,44),1,82
(21,57),1,77
(21,66),1,47
(21,68),1,82
(21,82),1,9
(21,84),1,42
(21,91),1,43
(21,107),1,19
(21,110),1,30
(21,119),1,54
(21,137),1,98
(21,139),1,62
(21,142),1,3
(21,143),1,81
(21,146),1,59
(21,158),1,73
(21,169),1,99
(21,189),1,19
(21,191),1,45
(21,195),1,1
(21,196),1,64
(22,32),1,12
(22,43),1,19
(22,60),1,63
(22,68),1,66
(22,72),1,63
(22,86),1,78
(22,101),1,35
(22,127),1,83
(22,138),1,46
(22,139),1,52
(22,150),1,36
(22,156),1,23
(22,167),1,86
(22,178),1,30
(22,179),1,61
(22,181),1,43
(22,199),1,87
(23,3),1,24
(23,40),1,1
(23,62),1,7
(23,71),1,31
(23,76),1,23
(23,81),1,53
(23,89),1,96
(23,90),1,61
(23,91),1,44
(23,101),1,13
(23,103),1,100
(23,106),1,71
(23,108),1,7
(23,128),1,15
(23,136),1,82
(23,139),1,100
(23,154),1,40
(23,161),1,87
(23,167),1,70
(23,169),1,75
(23,170),1,91
(23,178),1,22
(23,199),1,47
(24,2),1,76
(24,6),1,93
(24,13),1,16
(24,16),1,70
(24,26),1,35
(24,37),1,79
(24,41),1,15
(24,75),1,45
(24,78),1,65
(24,80),1,29
(24,89),1,12
(24,92),1,59
(24,105),1,67
(24,112),1,55
(24,121),1,36
(24,124),1,39
(24,133),1,75
(24,135),1,30
(24,137),1,66
(24,141),1,2
(24,142),1,27
(24,143),1,28
(24,174),1,39
(24,182),1,96
(24,185),1,53
(25,0),1,59
(25,5),1,91
(25,15),1,93
(25,17),1,52
(25,31),1,23
(25,52),1,74
(25,65),1,4
(25,68),1,64
(25,70),1,33
(25,80),1,86
(25,95),1,14
(25,100),1,79
(25,102),1,17
(25,103),1,41
(25,123),1,55
(25,125),1,24
(25,149),1,100
(25,150),1,25
(25,154),1,92
(25,182),1,36
(25,188),1,25
(26,13),1,95
(26,28),1,96
(26,30),1,68
(26,48),1,70
(26,50),1,89
(26,58),1,25
(26,88),1,95
(26,93),1,24
(26,95),1,91
(26,99),1,81
(26,112),1,52
(26,113),1,81
(26,115),1,20
(26,116),1,56
(26,118),1,16
(26,123),1,97
(26,131),1,18
(26,134),1,97
(26,137),1,85
(26,141),1,0
(26,162),1,65
(26,170),1,77
(26,175),1,80
(26,190),1,15
(26,193),1,49
(26,199),1,98
(27,22),1,33
(27,31),1,21
(27,32),1,13
(27,43),1,98
(27,44),1,76
(27,63),1,13
(27,67),1,76
(27,70),1,41
(27,85),1,12
(27,122),1,55
(27,127),1,81
(27,130),1,15
(27,140),1,38
(27,147),1,72
(27,154),1,90
(27,155),1,33
(27,160),1,69
(27,165),1,18
(27,166),1,26
(27,171),1,53
(27,173),1,15
(27,178),1,93
(27,195),1,67
(28,9),1,68
(28,20),1,18
(28,21),1,67
(28,31),1,3
(28,33),1,54
(28,34),1,37
(28,45),1,39
(28,54),1,40
(28,86),1,85
(28,99),1,48
(28,102),1,38
(28,111),1,17
(28,112),1,53
(28,119),1,82
(28,126),1,94
(28,172),1,50
(28,187),1,60
(28,190),1,43
(28,196),1,70
(29,1),1,95
(29,3),1,71
(29,20),1,71
(29,27),1,82
(29,32),1,43
(29,37),1,50
(29,48),1,66
(29,68),1,56
(29,79),1,61
(29,81),1,61
(29,86),1,3
(29,91),1,29
(29,97),1,83
(29,123),1,26
(29,125),1,39
(29,154),1,82
(29,157),1,22
(29,158),1,37
(29,163),1,53
(29,166),1,13
(29,174),1,93
(29,179),1,35
(29,185),1,25
(30,5),1,23
(30,7),1,86
(30,11),1,85
(30,15),1,8
(30,26),1,52
(30,46),1,78
(30,49),1,70
(30,50),1,1
(30,54),1,29
(30,77),1,75
(30,78),1,6
(30,131),1,4
(30,137),1,97
(30,145),1,11
(30,147),1,83
(30,148),1,100
(30,158),1,92
(30,160),1,83
(30,162),1,10
(30,177),1,70
(30,180),1,35
(30,182),1,77
(31,7),1,29
(31,21),1,8
(31,23),1,18
(31,29),1,34
(31,43),1,2
(31,59),1,44
(31,67),1,87
(31,86),1,23
(31,102),1,50
(31,108),1,59
(31,113),1,85
(31,121),1,63
(31,130),1,56
(31,137),1,29
(31,154),1,10
(31,171),1,93
(31,193),1,29
(31,199),1,28
(32,4),1,83
(32,6),1,31
(32,16),1,73
(32,35),1,90
(32,61),1,62
(32,65),1,85
(32,86),1,9
(32,95),1,17
(32,100),1,9
(32,113),1,76
(32,116),1,44
(32,121),1,20
(32,123),1,88
(32,131),1,87
(32,144),1,37
(32,147),1,7
(32,163),1,48
(32,171),1,6
(32,173),1,93
(32,175),1,10
(32,179),1,79
(32,194),1,48
(32,195),1,91
(32,196),1,97
(32,197),1,47
(33,7),1,17
(33,11),1,34
(33,14),1,41
(33,32),1,2
(33,104),1,36
(33,105),1,40
(33,110),1,61
(33,111),1,33
(33,117),1,65
(33,127),1,87
(33,131),1,63
(33,158),1,57
(33,160),1,0
(33,167),1,76
(33,168),1,31
(33,177),1,12
(33,179),1,19
(33,180),1,97
(33,183),1,31
(33,193),1,4
(33,195),1,21
(34,17),1,23
(34,29),1,72
(34,33),1,46
(34,51),1,2
(34,61),1,41
(34,78),1,37
(34,82),1,78
(34,84),1,46
(34,88),1,98
(34,101),1,52
(34,108),1,38
(34,110),1,57
(34,120),1,28
(34,136),1,3
(34,164),1,3
(34,167),1,62
(34,179),1,45
(34,193),1,60
(35,1),1,79
(35,2),1,81
(35,8),1,18
(35,22),1,70
(35,36),1,72
(35,38),1,23
(35,46),1,49
(35,67),1,61
(35,82),1,47
(35,83),1,80
(35,99),1,61
(35,114),1,33
(35,124),1,61
(35,131),1,75
(35,132),1,44
(35,135),1,32
(35,139),1,81
(35,146),1,86
(35,149),1,86
(35,173),1,92
(35,183),1,84
(35,186),1,57
(36,8),1,10
(36,10),1,61
(36,49),1,91
(36,80),1,81
(36,85),1,87
(36,92),1,12
(36,95),1,15
(36,107),1,34
(36,111),1,33
(36,113),1,68
(36,122),1,38
(36,126),1,19
(36,140),1,34
(36,149),1,73
(36,160),1,54
(36,175),1,60
(36,181),1,10
(36,196),1,22
(37,4),1,12
(37,12),1,95
(37,21),1,45
(37,22),1,97
(37,44),1,97
(37,52),1,23
(37,55),1,89
(37,58),1,38
(37,79),1,27
(37,81),1,85
(37,92),1,63
(37,94),1,40
(37,122),1,89
(37,126),1,62
(37,129),1,52
(37,137),1,87
(37,139),1,79
(37,146),1,100
(37,151),1,43
(37,161),1,100
(37,163),1,29
(37,168),1,39
(37,171),1,96
(37,179),1,41
(37,180),1,74
(37,188),1,66
(37,199),1,45
(38,0),1,51
(38,16),1,80
(38,33),1,68
(38,67),1,32
(38,75),1,91
(38,78),1,50
(38,85),1,26
(38,88),1,28
(38,102),1,14
(38,167),1,10
(38,190),1,80
(39,0),1,31
(39,4),1,14
(39,8),1,84
(39,23),1,74
(39,32),1,26
(39,34),1,88
(39,43),1,18
(39,52),1,100
(39,54),1,65
(39,78),1,52
(39,89),1,59
(39,94),1,25
(39,104),1,47
(39,105),1,47
(39,137),1,12
(39,145),1,13
(39,153),1,89
(39,178),1,91
(39,191),1,61
(39,193),1,68
(40,4),1,63
(40,18),1,97
(40,22),1,88
(40,27),1,35
(40,38),1,70
(40,39),1,37
(40,46),1,41
(40,53),1,71
(40,73),1,46
(40,85),1,64
(40,95),1,5
(40,96),1,67
(40,114),1,4
(40,129),1,85
(40,143),1,45
(40,144),1,66
(40,169),1,0
(40,179),1,21
(40,180),1,67
(41,21),1,21
(41,37),1,12
(41,42),1,85
(41,66),1,12
(41,96),1,42
(41,97),1,45
(41,101),1,81
(41,107),1,24
(41,112),1,5
(41,121),1,26
(41,125),1,26
(41,155),1,75
(41,172),1,71
(41,173),1,38
(41,182),1,63
(41,196),1,81
(42,13),1,97
(42,18),1,57
(42,24),1,52
(42,30),1,85
(42,47),1,13
(42,51),1,57
(42,52),1,61
(42,64),1,67
(42,65),1,71
(42,82),1,48
(42,98),1,97
(42,105),1,97
(42,107),1,69
(42,115),1,31
(42,116),1,6
(42,121),1,31
(42,124),1,89
(42,138),1,68
(42,142),1,51
(42,143),1,71
(42,153),1,98
(42,167),1,63
(42,183),1,48
(42,187),1,59
(42,194),1,34
(42,196),1,39
(43,0),1,38
(43,34),1,38
(43,36),1,92
(43,45),1,14
(43,50),1,68
(43,60),1,57
(43,68),1,50
(43,80),1,93
(43,93),1,42
(43,103),1,22
(43,111),1,79
(43,115),1,89
(43,132),1,1
(43,149),1,50
(43,151),1,65
(43,152),1,42
(43,155),1,79
(43,156),1,79
(43,182),1,44
(43,186),1,17
(43,188),1,92
(43,195),1,84
(44,1),1,3
(44,9),1,26
(44,21),1,12
(44,25),1,21
(44,31),1,79
(44,40),1,41
(44,45),1,43
(44,77),1,100
(44,83),1,36
(44,105),1,100
(44,109),1,63
(44,144),1,79
(44,150),1,23
(44,158),1,82
(44,159),1,28
(44,168),1,7
(44,171),1,57
(44,181),1,1
(44,184),1,73
(45,13),1,41
(45,47),1,59
(45,60),1,85
(45,65),1,3
(45,78),1,74
(45,80),1,26
(45,82),1,32
(45,133),1,67
(45,137),1,40
(45,141),1,38
(45,157),1,52
(45,164),1,23
(45,166),1,31
(45,182),1,87
(45,188),1,46
(45,193),1,54
(45,195),1,37
(45,198),1,82
(46,6),1,18
(46,16),1,29
(46,45),1,14
(46,50),1,59
(46,54),1,93
(46,58),1,75
(46,65),1,71
(46,90),1,46
(46,101),1,63
(46,102),1,87
(46,106),1,100
(46,116),1,71
(46,130),1,95
(46,139),1,64
(46,140),1,37
(46,143),1,2
(46,148),1,71
(46,157),1,85
(46,159),1,50
(46,164),1,75
(46,165),1,58
(46,168),1,40
(46,169),1,10
(46,172),1,58
(46,177),1,8
(46,187),1,71
(46,188),1,67
(46,197),1,77
(47,6),1,6
(47,45),1,63
(47,51),1,78
(47,54),1,72
(47,61),1,25
(47,63),1,77
(47,66),1,98
(47,79),1,69
(47,112),1,53
(47,117),1,16
(47,119),1,57
(47,120),1,63
(47,143),1,9
(47,151),1,96
(47,162),1,68
(47,179),1,41
(48,4),1,18
(48,5),1,21
(48,11),1,99
(48,12),1,1
(48,23),1,58
(48,60),1,39
(48,81),1,16
(48,105),1,40
(48,107),1,47
(48,109),1,49
(48,170),1,67
(48,174),1,96
(48,190),1,7
(49,4),1,2
(49,30),1,69
(49,47),1,56
(49,58),1,4
(49,76),1,97
(49,89),1,20
(49,91),1,48
(49,118),1,5
(49,131),1,97
(49,135),1,44
(49,139),1,51
(49,142),1,2
(49,145),1,37
(49,163),1,48
(49,167),1,12
(49,175),1,87
(49,187),1,63
(49,190),1,96
(49,197),1,84
(49,199),1,81
(50,37),1,65
(50,54),1,57
(50,55),1,84
(50,64),1,94
(50,65),1,100
(50,90),1,4
(50,92),1,56
(50,115),1,88
(50,117),1,76
(50,126),1,21
(50,134),1,64
(50,142),1,25
(50,153),1,51
(50,163),1,33
(50,165),1,45
(50,171),1,22
(51,0),1,36
(51,9),1,24
(51,39),1,77
(51,56),1,92
(51,62),1,40
(51,67),1,80
(51,72),1,72
(51,99),1,73
(51,113),1,41
(51,138),1,74
(51,143),1,92
(51,148),1,39
(51,166),1,36
(51,171),1,40
(52,4),1,66
(52,7),1,62
(52,11),1,64
(52,22),1,31
(52,32),1,98
(52,34),1,51
(52,43),1,70
(52,54),1,31
(52,83),1,67
(52,86),1,57
(52,101),1,77
(52,102),1,36
(52,127),1,57
(52,152),1,8
(52,160),1,16
(52,180),1,45
(53,7),1,30
(53,17),1,66
(53,25),1,51
(53,27),1,96
(53,29),1,73
(53,42),1,57
(53,46),1,81
(53,48),1,73
(53,49),1,69
(53,54),1,41
(53,61),1,52
(53,64),1,93
(53,72),1,23
(53,74),1,12
(53,93),1,25
(53,117),1,19
(53,119),1,80
(53,123),1,75
(53,128),1,24
(53,142),1,63
(53,143),1,0
(53,144),1,50
(53,145),1,39
(53,161),1,4
(53,190),1,73
(53,196),1,22
(54,4),1,23
(54,18),1,96
(54,20),1,66
(54,23),1,37
(54,30),1,15
(54,34),1,30
(54,61),1,34
(54,68),1,29
(54,72),1,96
(54,81),1,35
(54,82),1,14
(54,85),1,96
(54,87),1,99
(54,89),1,29
(54,90),1,37
(54,96),1,57
(54,118),1,17
(54,128),1,68
(54,141),1,49
(54,162),1,99
(54,199),1,70
(55,2),1,30
(55,9),1,73
(55,16),1,20
(55,20),1,69
(55,21),1,10
(55,24),1,82
(55,25),1,74
(55,27),1,67
(55,37),1,16
(55,38),1,28
(55,46),1,83
(55,72),1,71
(55,105),1,48
(55,113),1,13
(55,124),1,14
(55,142),1,13
(55,154),1,82
(55,161),1,77
(55,162),1,14
(55,163),1,50
(55,169),1,39
(55,176),1,45
(55,180),1,53
(55,189),1,37
(56,21),1,89
(56,47),1,64
(56,65),1,77
(56,76),1,31
(56,80),1,52
(56,81),1,93
(56,90),1,77
(56,155),1,35
(56,173),1,99
(56,189),1,19
(56,197),1,21
(57,0),1,7
(57,4),1,57
(57,7),1,38
(57,8),1,31
(57,25),1,25
(57,28),1,75
(57,43),1,34
(57,44),1,7
(57,51),1,48
(57,55),1,39
(57,69),1,67
(57,72),1,21
(57,100),1,53
(57,114),1,87
(57,115),1,77
(57,121),1,87
(57,125),1,86
(57,137),1,9
(57,142),1,57
(57,158),1,64
(57,172),1,53
(57,177),1,66
(57,182),1,82
(57,196),1,34
(58,1),1,69
(58,19),1,3
(58,37),1,96
(58,38),1,34
(58,40),1,50
(58,46),1,24
(58,51),1,16
(58,53),1,69
(58,54),1,65
(58,57),1,89
(58,63),1,72
(58,74),1,31
(58,83),1,42
(58,88),1,10
(58,100),1,15
(58,103),1,75
(58,107),1,35
(58,132),1,90
(58,149),1,39
(58,150),1,14
(58,159),1,92
(58,164),1,62
(58,165),1,98
(58,166),1,94
(58,168),1,74
(58,174),1,56
(58,181),1,97
(58,183),1,17
(58,186),1,81
(59,3),1,24
(59,12),1,88
(59,32),1,81
(59,41),1,69
(59,46),1,78
(59,61),1,94
(59,62),1,46
(59,71),1,70
(59,72),1,3
(59,76),1,6
(59,78),1,81
(59,81),1,81
(59,149),1,30
(59,157),1,86
(59,163),1,61
(59,178),1,73
(59,184),1,18
(59,185),1,23
(59,187),1,37
(59,192),1,98
(60,11),1,20
(60,15),1,28
(60,17),1,98
(60,34),1,32
(60,42),1,49
(60,50),1,78
(60,51),1,78
(60,74),1,69
(60,80),1,43
(60,93),1,13
(60,103),1,91
(60,142),1,9
(60,148),1,40
(60,149),1,85
(60,151),1,6
(60,162),1,60
(60,180),1,61
(61,2),1,32
(61,17),1,16
(61,22),1,77
(61,28),1,17
(61,30),1,84
(61,33),1,83
(61,36),1,4
(61,45),1,59
(61,47),1,26
(61,48),1,19
(61,49),1,25
(61,52),1,55
(61,60),1,36
(61,71),1,61
(61,101),1,93
(61,113),1,57
(61,118),1,52
(61,122),1,79
(61,149),1,77
(61,152),1,85
(61,153),1,30
(61,154),1,13
(61,159),1,30
(61,176),1,13
(61,195),1,46
(61,198),1,43
(61,199),1,36
(62,2),1,86
(62,8),1,75
(62,9),1,63
(62,14),1,60
(62,23),1,12
(62,28),1,71
(62,66),1,25
(62,82),1,25
(62,95),1,99
(62,97),1,58
(62,105),1,34
(62,108),1,20
(62,116),1,70
(62,132),1,15
(62,136),1,86
(62,159),1,7
(62,160),1,84
(63,4),1,31
(63,7),1,80
(63,9),1,23
(63,11),1,53
(63,22),1,84
(63,29),1,5
(63,69),1,92
(63,80),1,58
(63,87),1,13
(63,96),1,55
(63,108),1,26
(63,128),1,89
(63,142),1,11
(63,145),1,72
(63,153),1,36
(63,160),1,62
(63,161),1,5
(63,172),1,59
(63,182),1,75
(63,186),1,5
(63,195),1,96
(64,3),1,95
(64,9),1,89
(64,27),1,14
(64,51),1,9
(64,70),1,56
(64,88),1,64
(64,96),1,97
(64,100),1,50
(64,122),1,43
(64,145),1,71
(64,148),1,18
(64,151),1,40
(64,165),1,69
(64,180),1,8
(65,8),1,20
(65,10),1,70
(65,15),1,73
(65,29),1,48
(65,44),1,49
(65,50),1,48
(65,52),1,5
(65,64),1,36
(65,76),1,61
(65,81),1,51
(65,94),1,44
(65,100),1,94
(65,103),1,53
(65,112),1,11
(65,115),1,61
(65,136),1,71
(65,146),1,1
(65,157),1,53
(65,162),1,51
(65,165),1,66
(65,187),1,49
(65,191),1,43
(65,194),1,88
(66,5),1,44
(66,17),1,99
(66,23),1,66
(66,29),1,99
(66,35),1,28
(66,63),1,90
(66,89),1,80
(66,98),1,91
(66,118),1,0
(66,149),1,29
(66,167),1,45
(67,6),1,14
(67,19),1,56
(67,21),1,100
(67,24),1,71
(67,30),1,89
(67,35),1,11
(67,41),1,59
(67,57),1,19
(67,61),1,4
(67,76),1,85
(67,89),1,95
(67,92),1,41
(67,111),1,63
(67,135),1,26
(67,136),1,29
(67,155),1,55
(67,156),1,31
(67,158),1,66
(67,164),1,11
(67,168),1,31
(67,170),1,91
(67,176),1,67
(67,182),1,82
(67,189),1,53
(68,10),1,76
(68,33),1,91
(68,49),1,51
(68,52),1,18
(68,55),1,81
(68,59),1,67
(68,63),1,79
(68,96),1,11
(68,97),1,64
(68,116),1,73
(68,117),1,25
(68,125),1,100
(68,131),1,38
(68,136),1,32
(68,137),1,34
(68,140),1,88
(68,148),1,30
(68,161),1,8
(68,171),1,65
(68,175),1,18
(68,192),1,11
(69,10),1,25
(69,11),1,65
(69,13),1,43
(69,18),1,56
(69,25),1,5
(69,40),1,71
(69,42),1,70
(69,53),1,12
(69,63),1,59
(69,65),1,81
(69,75),1,77
(69,79),1,7
(69,126),1,96
(69,128),1,25
(69,130),1,48
(69,131),1,37
(69,140),1,27
(69,170),1,43
(69,175),1,85
(69,198),1,30
(70,16),1,26
(70,23),1,72
(70,27),1,83
(70,33),1,96
(70,35),1,69
(70,68),1,37
(70,113),1,89
(70,114),1,75
(70,145),1,31
(70,153),1,69
(70,169),1,67
(70,172),1,84
(70,174),1,10
(70,177),1,2
(70,179),1,13
(70,194),1,77
(71,3),1,91
(71,32),1,10
(71,53),1,32
(71,60),1,6
(71,74),1,13
(71,107),1,92
(71,108),1,54
(71,125),1,61
(71,130),1,46
(71,145),1,78
(71,149),1,42
(71,159),1,21
(71,182),1,45
(71,185),1,42
(71,191),1,39
(71,195),1,46
(72,3),1,74
(72,5),1,78
(72,16),1,77
(72,18),1,20
(72,19),1,66
(72,22),1,92
(72,29),1,49
(72,35),1,61
(72,37),1,32
(72,39),1,66
(72,47),1,89
(72,48),1,38
(72,84),1,5
(72,85),1,6
(72,86),1,8
(72,108),1,71
(72,116),1,66
(72,130),1,48
(72,131),1,14
(72,133),1,57
(72,134),1,84
(72,158),1,99
(72,161),1,13
(72,164),1,87
(72,166),1,96
(72,179),1,45
(72,184),1,40
(72,191),1,57
(72,194),1,47
(73,15),1,28
(73,19),1,37
(73,20),1,8
(73,59),1,2
(73,70),1,78
(73,78),1,48
(73,90),1,43
(73,111),1,8
(73,119),1,46
(73,131),1,22
(73,134),1,34
(73,137),1,32
(73,141),1,39
(73,161),1,79
(73,166),1,76
(73,168),1,73
(73,169),1,96
(73,171),1,73
(73,175),1,93
(73,181),1,1
(73,185),1,22
(73,186),1,46
(73,191),1,48
(74,6),1,29
(74,8),1,83
(74,17),1,65
(74,28),1,46
(74,30),1,86
(74,31),1,27
(74,39),1,63
(74,67),1,5
(74,68),1,76
(74,69),1,58
(74,78),1,45
(74,106),1,23
(74,121),1,44
(74,129),1,41
(74,131),1,56
(74,157),1,75
(74,158),1,5
(74,176),1,44
(74,191),1,40
(74,196),1,4
(75,2),1,86
(75,12),1,81
(75,13),1,39
(75,17),1,81
(75,28),1,1
(75,48),1,47
(75,61),1,35
(75,92),1,72
(75,99),1,85
(75,107),1,2
(75,110),1,5
(75,111),1,70
(75,116),1,7
(75,131),1,72
(75,137),1,88
(75,139),1,95
(75,141),1,75
(75,167),1,72
(75,189),1,8
(75,193),1,7
(76,9),1,99
(76,20),1,49
(76,41),1,90
(76,48),1,45
(76,51),1,37
(76,52),1,1
(76,53),1,96
(76,56),1,56
(76,60),1,12
(76,65),1,99
(76,70),1,22
(76,73),1,32
(76,78),1,0
(76,86),1,71
(76,100),1,52
(76,101),1,74
(76,113),1,89
(76,136),1,2
(76,151),1,15
(76,159),1,2
(76,168),1,54
(76,179),1,60
(76,191),1,41
(77,8),1,92
(77,10),1,54
(77,19),1,55
(77,42),1,77
(77,57),1,69
(77,83),1,16
(77,84),1,22
(77,91),1,34
(77,94),1,51
(77,96),1,32
(77,98),1,25
(77,109),1,17
(77,119),1,17
(77,124),1,60
(77,128),1,32
(77,139),1,56
(77,140),1,50
(77,143),1,14
(77,157),1,52
(77,174),1,89
(77,199),1,56
(78,2),1,80
(78,6),1,71
(78,8),1,64
(78,15),1,66
(78,25),1,33
(78,27),1,71
(78,29),1,6
(78,52),1,42
(78,61),1,60
(78,90),1,47
(78,92),1,80
(78,93),1,49
(78,95),1,78
(78,123),1,28
(78,138),1,59
(78,147),1,18
(78,151),1,73
(78,179),1,37
(78,182),1,85
(78,184),1,44
(78,187),1,15
(78,190),1,21
(78,193),1,24
(78,198),1,58
(79,2),1,12
(79,9),1,59
(79,11),1,23
(79,14),1,29
(79,16),1,3
(79,29),1,6
(79,43),1,45
(79,54),1,42
(79,64),1,78
(79,72),1,40
(79,75),1,44
(79,82),1,58
(79,86),1,86
(79,95),1,45
(79,104),1,3
(79,120),1,84
(79,133),1,20
(79,136),1,81
(79,154),1,18
(79,184),1,5
(79,196),1,69
(80,3),1,85
(80,8),1,4
(80,21),1,6
(80,23),1,51
(80,25),1,38
(80,34),1,7
(80,50),1,30
(80,54),1,35
(80,82),1,7
(80,95),1,95
(80,97),1,52
(80,100),1,15
(80,109),1,73
(80,111),1,46
(80,112),1,10
(80,116),1,7
(80,117),1,7
(80,127),1,55
(80,129),1,86
(80,130),1,45
(80,133),1,53
(80,142),1,9
(80,143),1,80
(80,147),1,15
(80,157),1,26
(80,159),1,49
(80,195),1,72
(81,5),1,51
(81,7),1,38
(81,8),1,78
(81,20),1,48
(81,35),1,6
(81,48),1,49
(81,51),1,61
(81,57),1,84
(81,79),1,42
(81,89),1,31
(81,106),1,72
(81,117),1,11
(81,126),1,60
(81,130),1,88
(81,140),1,69
(81,163),1,15
(81,173),1,56
(81,179),1,30
(81,182),1,76
(81,196),1,42
(82,6),1,30
(82,8),1,87
(82,28),1,47
(82,33),1,49
(82,39),1,62
(82,52),1,29
(82,58),1,84
(82,63),1,68
(82,64),1,7
(82,77),1,19
(82,89),1,26
(82,100),1,13
(82,141),1,90
(82,148),1,12
(82,161),1,17
(82,162),1,58
(82,186),1,99
(83,9),1,5
(83,15),1,64
(83,20),1,79
(83,21),1,22
(83,28),1,38
(83,46),1,60
(83,47),1,49
(83,50),1,44
(83,61),1,34
(83,76),1,83
(83,79),1,19
(83,81),1,31
(83,87),1,41
(83,89),1,67
(83,96),1,45
(83,99),1,67
(83,103),1,70
(83,104),1,57
(83,111),1,30
(83,120),1,83
(83,122),1,23
(83,127),1,0
(83,132),1,81
(83,141),1,51
(83,148),1,37
(83,151),1,27
(83,154),1,77
(83,159),1,96
(83,160),1,14
(83,178),1,5
(83,179),1,16
(83,181),1,16
(83,185),1,37
(84,0),1,27
(84,16),1,66
(84,17),1,20
(84,23),1,25
(84,24),1,27
(84,37),1,69
(84,50),1,25
(84,70),1,93
(84,79),1,54
(84,85),1,52
(84,88),1,31
(84,104),1,60
(84,109),1,65
(84,111),1,42
(84,121),1,56
(84,124),1,98
(84,135),1,30
(84,146),1,63
(84,150),1,85
(84,159),1,27
(84,171),1,35
(84,178),1,60
(84,186),1,3
(84,197),1,47
(85,12),1,71
(85,27),1,40
(85,58),1,56
(85,70),1,86
(85,75),1,67
(85,78),1,60
(85,83),1,81
(85,128),1,7
(85,130),1,63
(85,138),1,2
(85,142),1,3
(85,143),1,8
(85,145),1,55
(85,155),1,100
(85,166),1,1
(85,181),1,88
(85,184),1,26
(85,186),1,83
(86,17),1,6
(86,21),1,19
(86,30),1,33
(86,31),1,61
(86,33),1,19
(86,53),1,81
(86,59),1,64
(86,60),1,21
(86,66),1,89
(86,69),1,9
(86,82),1,40
(86,87),1,95
(86,91),1,0
(86,120),1,64
(86,125),1,1
(86,134),1,29
(86,135),1,8
(86,165),1,9
(86,172),1,21
(86,190),1,52
(86,192),1,92
(86,198),1,55
(87,4),1,8
(87,11),1,81
(87,16),1,9
(87,25),1,84
(87,27),1,99
(87,36),1,74
(87,38),1,27
(87,49),1,77
(87,51),1,79
(87,69),1,50
(87,70),1,82
(87,74),1,4
(87,100),1,47
(87,104),1,52
(87,114),1,20
(87,117),1,18
(87,125),1,66
(87,129),1,51
(87,137),1,49
(87,140),1,50
(87,164),1,23
(87,177),1,37
(87,190),1,12
(87,194),1,12
(87,197),1,33
(88,2),1,57
(88,21),1,28
(88,25),1,69
(88,31),1,93
(88,35),1,76
(88,48),1,61
(88,49),1,3
(88,68),1,73
(88,72),1,72
(88,95),1,67
(88,120),1,90
(88,138),1,88
(88,141),1,91
(88,147),1,64
(88,151),1,99
(88,152),1,78
(88,156),1,7
(88,164),1,12
(88,173),1,63
(88,181),1,84
(88,182),1,50
(88,191),1,6
(88,192),1,43
(88,198),1,17
(89,1),1,99
(89,11),1,8
(89,16),1,63
(89,40),1,1
(89,50),1,96
(89,52),1,81
(89,64),1,85
(89,71),1,62
(89,93),1,74
(89,102),1,17
(89,114),1,97
(89,121),1,100
(89,129),1,19
(89,134),1,83
(89,142),1,66
(89,158),1,100
(89,170),1,63
(89,186),1,24
(89,188),1,70
(89,195),1,81
(90,27),1,25
(90,34),1,72
(90,50),1,28
(90,60),1,67
(90,65),1,42
(90,94),1,95
(90,100),1,29
(90,109),1,60
(90,162),1,86
(90,166),1,32
(90,168),1,80
(90,188),1,11
(90,196),1,42
(91,3),1,5
(91,28),1,57
(91,49),1,9
(91,50),1,78
(91,56),1,2
(91,75),1,87
(91,94),1,1
(91,103),1,77
(91,106),1,5
(91,114),1,7
(91,155),1,27
(91,156),1,45
(91,160),1,99
(91,163),1,73
(91,165),1,22
(91,169),1,33
(91,174),1,93
(91,175),1,40
(91,180),1,26
(91,188),1,11
(91,195),1,92
(91,199),1,61
(92,0),1,12
(92,5),1,47
(92,7),1,83
(92,15),1,11
(92,17),1,34
(92,22),1,32
(92,23),1,7
(92,32),1,36
(92,43),1,49
(92,74),1,53
(92,80),1,46
(92,85),1,72
(92,100),1,96
(92,104),1,93
(92,107),1,83
(92,116),1,17
(92,122),1,69
(92,128),1,79
(92,131),1,35
(92,142),1,91
(92,149),1,74
(92,152),1,45
(92,170),1,60
(93,3),1,14
(93,7),1,42
(93,20),1,21
(93,37),1,97
(93,53),1,49
(93,72),1,56
(93,76),1,12
(93,79),1,65
(93,82),1,28
(93,92),1,43
(93,95),1,1
(93,104),1,90
(93,105),1,9
(93,116),1,92
(93,117),1,89
(93,123),1,68
(93,129),1,75
(93,142),1,61
(93,151),1,96
(93,172),1,88
(93,174),1,38
(93,185),1,0
(93,187),1,56
(93,198),1,97
(93,199),1,88
(94,14),1,61
(94,20),1,30
(94,25),1,4
(94,38),1,87
(94,44),1,38
(94,50),1,2
(94,60),1,63
(94,73),1,86
(94,92),1,80
(94,96),1,53
(94,100),1,60
(94,110),1,4
(94,114),1,89
(94,121),1,99
(94,127),1,2
(94,144),1,51
(94,182),1,27
(94,190),1,20
(94,198),1,83
(95,4),1,64
(95,21),1,38
(95,28),1,10
(95,35),1,67
(95,54),1,68
(95,59),1,75
(95,66),1,11
(95,75),1,61
(95,86),1,13
(95,91),1,72
(95,98),1,83
(95,105),1,12
(95,113),1,78
(95,114),1,59
(95,115),1,73
(95,127),1,38
(95,134),1,73
(95,141),1,86
(95,147),1,74
(96,12),1,44
(96,13),1,80
(96,16),1,75
(96,22),1,78
(96,43),1,57
(96,48),1,20
(96,49),1,98
(96,54),1,98
(96,108),1,98
(96,122),1,38
(96,124),1,19
(96,132),1,46
(96,141),1,1
(96,147),1,58
(96,153),1,46
(96,157),1,84
(96,161),1,47
(96,163),1,18
(96,169),1,67
(96,173),1,79
(96,184),1,89
(96,190),1,1
(97,13),1,53
(97,20),1,91
(97,27),1,12
(97,36),1,42
(97,49),1,55
(97,50),1,80
(97,51),1,8
(97,53),1,27
(97,56),1,94
(97,63),1,19
(97,76),1,71
(97,79),1,62
(97,106),1,8
(97,126),1,61
(97,148),1,84
(97,157),1,46
(97,167),1,52
(97,181),1,85
(98,12),1,59
(98,28),1,98
(98,34),1,89
(98,35),1,76
(98,37),1,23
(98,45),1,10
(98,52),1,70
(98,70),1,62
(98,73),1,96
(98,74),1,56
(98,92),1,53
(98,100),1,39
(98,102),1,60
(98,118),1,11
(98,119),1,51
(98,124),1,90
(98,144),1,49
(98,148),1,68
(98,151),1,57
(98,167),1,16
(98,175),1,91
(98,176),1,52
(98,188),1,58
(98,192),1,47
(99,3),1,69
(99,14),1,21
(99,19),1,28
(99,25),1,98
(99,33),1,24
(99,48),1,31
(99,71),1,4
(99,84),1,72
(99,112),1,20
(99,113),1,55
(99,114),1,18
(99,120),1,15
(99,135),1,86
(99,178),1,49
(99,186),1,57
(100,1),1,47
(100,4),1,17
(100,19),1,39
(100,20),1,60
(100,50),1,83
(100,53),1,74
(100,70),1,59
(100,79),1,21
(100,80),1,35
(100,88),1,13
(100,89),1,57
(100,96),1,84
(100,105),1,69
(100,106),1,74
(100,107),1,80
(100,112),1,44
(100,126),1,53
(100,138),1,35
(100,141),1,15
(100,142),1,10
(100,156),1,7
(100,170),1,38
(100,189),1,69
(101,3),1,59
(101,6),1,54
(101,7),1,70
(101,9),1,87
(101,19),1,45
(101,22),1,67
(101,40),1,35
(101,42),1,94
(101,49),1,37
(101,65),1,39
(101,75),1,63
(101,100),1,6
(101,109),1,88
(101,112),1,15
(101,114),1,33
(101,115),1,42
(101,130),1,73
(101,136),1,34
(101,140),1,13
(101,142),1,73
(101,160),1,57
(101,164),1,45
(101,173),1,52
(101,190),1,92
(102,12),1,69
(102,15),1,78
(102,25),1,75
(102,26),1,42
(102,32),1,73
(102,35),1,56
(102,49),1,63
(102,51),1,61
(102,54),1,18
(102,55),1,83
(102,58),1,85
(102,62),1,88
(102,71),1,15
(102,76),1,76
(102,78),1,86
(102,94),1,80
(102,115),1,58
(102,119),1,85
(102,124),1,91
(102,128),1,62
(102,134),1,23
(102,140),1,14
(102,148),1,82
(102,154),1,7
(102,157),1,92
(103,12),1,83
(103,26),1,31
(103,53),1,41
(103,56),1,98
(103,63),1,0
(103,79),1,83
(103,94),1,28
(103,99),1,75
(103,106),1,39
(103,127),1,99
(103,142),1,77
(103,157),1,76
(103,161),1,65
(103,169),1,74
(103,174),1,20
(103,193),1,53
(103,196),1,41
(104,36),1,70
(104,52),1,2
(104,103),1,92
(104,109),1,45
(104,163),1,3
(104,184),1,53
(104,188),1,98
(104,189),1,96
(104,194),1,80
(105,3),1,85
(105,4),1,82
(105,8),1,59
(105,18),1,83
(105,33),1,20
(105,48),1,29
(105,49),1,85
(105,63),1,22
(105,68),1,38
(105,70),1,22
(105,75),1,82
(105,87),1,23
(105,99),1,35
(105,106),1,42
(105,116),1,3
(105,123),1,98
(105,131),1,15
(105,149),1,24
(105,161),1,43
(105,168),1,22
(105,179),1,40
(106,2),1,81
(106,5),1,28
(106,6),1,65
(106,17),1,19
(106,22),1,63
(106,27),1,54
(106,47),1,75
(106,60),1,68
(106,84),1,75
(106,91),1,99
(106,93),1,79
(106,100),1,17
(106,102),1,58
(106,107),1,19
(106,113),1,11
(106,142),1,59
(106,149),1,95
(106,153),1,56
(106,169),1,67
(106,185),1,74
(107,8),1,85
(107,22),1,89
(107,41),1,89
(107,59),1,43
(107,61),1,87
(107,78),1,96
(107,91),1,75
(107,94),1,72
(107,95),1,79
(107,101),1,76
(107,112),1,12
(107,117),1,32
(107,129),1,20
(107,130),1,3
(107,152),1,72
(107,165),1,70
(107,168),1,48
(108,2),1,91
(108,13),1,52
(108,30),1,0
(108,35),1,53
(108,44),1,29
(108,61),1,40
(108,67),1,91
(108,81),1,68
(108,82),1,97
(108,103),1,55
(108,104),1,4
(108,112),1,52
(108,131),1,9
(108,133),1,6
(108,137),1,24
(108,178),1,16
(108,179),1,69
(109,3),1,89
(109,9),1,100
(109,16),1,47
(109,25),1,13
(109,28),1,63
(109,34),1,92
(109,37),1,89
(109,42),1,34
(109,50),1,17
(109,54),1,27
(109,65),1,25
(109,79),1,81
(109,89),1,41
(109,91),1,74
(109,95),1,69
(109,117),1,50
(109,119),1,92
(109,144),1,81
(109,171),1,49
(109,172),1,94
(109,180),1,46
(109,185),1,37
(109,187),1,23
(109,194),1,64
(109,196),1,27
(110,13),1,96
(110,20),1,61
(110,22),1,68
(110,27),1,21
(110,38),1,17
(110,39),1,94
(110,41),1,41
(110,54),1,54
(110,57),1,55
(110,58),1,18
(110,65),1,8
(110,72),1,67
(110,82),1,58
(110,84),1,11
(110,91),1,50
(110,96),1,97
(110,97),1,69
(110,98),1,10
(110,101),1,92
(110,159),1,40
(110,162),1,2
(110,173),1,96
(111,21),1,33
(111,25),1,88
(111,30),1,65
(111,57),1,37
(111,59),1,84
(111,61),1,97
(111,67),1,85
(111,68),1,61
(111,75),1,45
(111,115),1,83
(111,143),1,65
(111,145),1,99
(111,153),1,38
(111,164),1,17
(111,187),1,23
(111,193),1,45
(112,5),1,78
(112,22),1,8
(112,31),1,24
(112,40),1,4
(112,47),1,45
(112,55),1,32
(112,61),1,74
(112,62),1,1
(112,65),1,27
(112,67),1,55
(112,77),1,67
(112,118),1,24
(112,122),1,37
(112,133),1,16
(112,146),1,79
(112,159),1,58
(112,174),1,70
(112,177),1,46
(112,182),1,29
(112,187),1,100
(112,192),1,69
(113,2),1,82
(113,4),1,62
(113,8),1,99
(113,21),1,2
(113,36),1,37
(113,37),1,94
(113,42),1,7
(113,53),1,41
(113,59),1,6
(113,69),1,1
(113,70),1,66
(113,76),1,47
(113,78),1,87
(113,89),1,57
(113,120),1,10
(113,132),1,84
(113,137),1,70
(113,147),1,42
(113,151),1,13
(113,166),1,35
(113,169),1,49
(113,179),1,14
(113,181),1,41
(113,182),1,30
(113,186),1,70
(113,190),1,60
(114,1),1,79
(114,2),1,89
(114,11),1,49
(114,12),1,42
(114,13),1,33
(114,43),1,72
(114,46),1,35
(114,48),1,14
(114,53),1,41
(114,57),1,36
(114,63),1,73
(114,77),1,30
(114,92),1,55
(114,95),1,73
(114,102),1,89
(114,111),1,22
(114,127),1,84
(114,131),1,63
(114,136),1,35
(114,156),1,74
(114,165),1,43
(114,168),1,30
(114,169),1,54
(114,184),1,61
(114,187),1,67
(115,6),1,19
(115,17),1,64
(115,40),1,4
(115,77),1,52
(115,78),1,95
(115,81),1,97
(115,85),1,72
(115,98),1,19
(115,106),1,81
(115,109),1,56
(115,129),1,52
(115,130),1,24
(115,135),1,99
(115,150),1,63
(115,175),1,6
(115,182),1,100
(115,191),1,68
(116,5),1,41
(116,6),1,81
(116,17),1,83
(116,34),1,32
(116,52),1,24
(116,54),1,35
(116,56),1,51
(116,65),1,96
(116,69),1,41
(116,73),1,94
(116,76),1,53
(116,84),1,33
(116,95),1,41
(116,96),1,75
(116,97),1,91
(116,117),1,98
(116,126),1,25
(116,138),1,11
(116,143),1,87
(116,146),1,30
(116,147),1,31
(116,162),1,11
(116,178),1,69
(116,194),1,89
(116,195),1,58
(117,2),1,36
(117,6),1,76
(117,9),1,54
(117,24),1,64
(117,36),1,97
(117,40),1,27
(117,48),1,89
(117,52),1,50
(117,60),1,17
(117,70),1,60
(117,72),1,25
(117,89),1,95
(117,90),1,3
(117,92),1,99
(117,99),1,5
(117,129),1,97
(117,132),1,13
(117,139),1,32
(117,145),1,20
(118,9),1,85
(118,10),1,4
(118,18),1,6
(118,51),1,79
(118,68),1,30
(118,91),1,44
(118,94),1,55
(118,100),1,32
(118,105),1,13
(118,111),1,34
(118,164),1,48
(118,168),1,53
(118,184),1,75
(118,185),1,30
(118,188),1,14
(119,9),1,42
(119,11),1,61
(119,13),1,55
(119,14),1,10
(119,15),1,12
(119,19),1,45
(119,38),1,51
(119,84),1,19
(119,86),1,72
(119,87),1,82
(119,89),1,20
(119,93),1,60
(119,100),1,36
(119,104),1,3
(119,107),1,36
(119,111),1,30
(119,118),1,29
(119,130),1,46
(119,132),1,31
(119,151),1,0
(119,161),1,91
(119,178),1,87
(119,181),1,41
(119,183),1,35
(119,188),1,85
(119,191),1,96
(120,5),1,49
(120,6),1,87
(120,9),1,7
(120,10),1,70
(120,11),1,95
(120,17),1,5
(120,18),1,65
(120,32),1,40
(120,37),1,16
(120,50),1,22
(120,51),1,32
(120,65),1,17
(120,81),1,75
(120,88),1,54
(120,90),1,64
(120,102),1,36
(120,111),1,82
(120,132),1,45
(120,150),1,35
(120,157),1,29
(120,168),1,12
(120,180),1,42
(120,181),1,79
(120,182),1,57
(120,197),1,97
(121,62),1,21
(121,74),1,50
(121,79),1,21
(121,93),1,61
(121,123),1,33
(121,125),1,83
(121,128),1,6
(121,129),1,100
(121,130),1,18
(121,137),1,39
(121,152),1,17
(121,156),1,78
(121,180),1,79
(121,181),1,20
(121,185),1,28
(122,5),1,62
(122,12),1,50
(122,18),1,27
(122,29),1,88
(122,31),1,92
(122,48),1,97
(122,55),1,22
(122,57),1,38
(122,62),1,71
(122,88),1,21
(122,92),1,45
(122,125),1,57
(122,129),1,72
(122,135),1,36
(122,136),1,3
(122,147),1,3
(122,149),1,30
(122,187),1,74
(122,198),1,48
(123,3),1,93
(123,7),1,39
(123,9),1,2
(123,10),1,33
(123,18),1,73
(123,32),1,33
(123,49),1,6
(123,54),1,4
(123,64),1,27
(123,67),1,74
(123,73),1,39
(123,88),1,36
(123,100),1,92
(123,101),1,60
(123,102),1,100
(123,104),1,74
(123,114),1,49
(123,125),1,99
(123,127),1,40
(123,136),1,63
(123,139),1,41
(123,146),1,71
(123,154),1,37
(123,162),1,15
(123,181),1,78
(123,192),1,73
(124,8),1,40
(124,37),1,95
(124,43),1,80
(124,48),1,17
(124,62),1,43
(124,77),1,91
(124,79),1,89
(124,96),1,36
(124,111),1,38
(124,139),1,49
(124,145),1,95
(124,193),1,22
(125,0),1,71
(125,22),1,7
(125,42),1,90
(125,47),1,39
(125,73),1,91
(125,88),1,6
(125,99),1,29
(125,110),1,48
(125,113),1,61
(125,117),1,84
(125,122),1,6
(125,130),1,20
(126,9),1,2
(126,12),1,79
(126,14),1,41
(126,18),1,57
(126,31),1,5
(126,35),1,47
(126,38),1,32
(126,39),1,14
(126,49),1,94
(126,59),1,72
(126,91),1,17
(126,103),1,62
(126,112),1,86
(126,123),1,20
(126,131),1,20
(126,132),1,91
(126,143),1,78
(126,144),1,97
(126,160),1,58
(126,166),1,65
(126,174),1,28
(126,178),1,7
(126,197),1,44
(127,0),1,27
(127,5),1,18
(127,6),1,56
(127,41),1,28
(127,45),1,76
(127,55),1,94
(127,59),1,27
(127,84),1,56
(127,89),1,29
(127,92),1,33
(127,98),1,95
(127,101),1,92
(127,106),1,33
(127,108),1,87
(127,122),1,67
(127,145),1,100
(127,150),1,9
(127,153),1,12
(127,154),1,80
(127,180),1,20
(127,191),1,9
(127,199),1,46
(128,4),1,93
(128,5),1,0
(128,8),1,32
(128,10),1,56
(128,15),1,65
(128,45),1,85
(128,50),1,15
(128,53),1,28
(128,56),1,89
(128,62),1,95
(128,70),1,75
(128,75),1,83
(128,92),1,32
(128,113),1,41
(128,116),1,20
(128,119),1,74
(128,168),1,65
(128,183),1,86
(129,2),1,87
(129,9),1,57
(129,29),1,29
(129,49),1,66
(129,64),1,71
(129,66),1,96
(129,92),1,31
(129,97),1,1
(129,106),1,19
(129,111),1,16
(129,115),1,88
(129,125),1,32
(129,127),1,76
(129,130),1,83
(129,134),1,96
(129,140),1,11
(129,141),1,16
(129,159),1,18
(129,176),1,96
(129,194),1,51
(130,20),1,33
(130,33),1,17
(130,38),1,15
(130,56),1,66
(130,60),1,5
(130,69),1,58
(130,85),1,46
(130,89),1,24
(130,91),1,98
(130,102),1,93
(130,108),1,59
(130,116),1,30
(130,137),1,57
(130,153),1,32
(130,164),1,74
(130,177),1,34
(130,178),1,38
(130,183),1,9
(130,188),1,19
(130,192),1,13
(130,194),1,19
(130,198),1,62
(131,10),1,80
(131,18),1,27
(131,25),1,67
(131,35),1,36
(131,36),1,46
(131,42),1,33
(131,60),1,98
(131,61),1,49
(131,76),1,76
(131,89),1,55
(131,123),1,41
(131,125),1,74
(131,126),1,94
(131,127),1,88
(131,141),1,32
(131,148),1,31
(131,157),1,75
(131,168),1,99
(131,178),1,43
(132,8),1,35
(132,20),1,85
(132,28),1,54
(132,39),1,66
(132,43),1,1
(132,46),1,31
(132,47),1,69
(132,63),1,81
(132,82),1,11
(132,90),1,88
(132,92),1,92
(132,95),1,93
(132,103),1,0
(132,108),1,71
(132,130),1,64
(132,156),1,67
(132,174),1,24
(132,177),1,38
(132,196),1,99
(133,5),1,39
(133,15),1,74
(133,23),1,3
(133,65),1,45
(133,114),1,66
(133,134),1,32
(133,137),1,64
(133,143),1,34
(133,160),1,66
(133,194),1,46
(134,4),1,28
(134,13),1,10
(134,36),1,57
(134,41),1,4
(134,50),1,65
(134,88),1,40
(134,94),1,14
(134,97),1,29
(134,112),1,29
(134,136),1,46
(134,138),1,24
(134,157),1,67
(134,162),1,43
(134,178),1,58
(134,190),1,97
(135,5),1,28
(135,17),1,100
(135,21),1,58
(135,24),1,0
(135,28),1,75
(135,36),1,42
(135,44),1,26
(135,45),1,69
(135,49),1,33
(135,90),1,48
(135,108),1,58
(135,139),1,4
(135,140),1,56
(135,141),1,80
(135,154),1,37
(135,162),1,38
(135,170),1,55
(135,177),1,74
(135,193),1,96
(136,7),1,26
(136,9),1,57
(136,31),1,18
(136,36),1,100
(136,44),1,13
(136,52),1,44
(136,89),1,13
(136,107),1,53
(136,114),1,45
(136,119),1,17
(136,120),1,22
(136,141),1,8
(136,157),1,38
(136,158),1,87
(136,161),1,93
(136,171),1,33
(136,180),1,83
(136,187),1,38
(136,188),1,60
(137,3),1,17
(137,7),1,35
(137,34),1,97
(137,42),1,61
(137,62),1,68
(137,76),1,87
(137,79),1,22
(137,84),1,55
(137,88),1,73
(137,97),1,81
(137,127),1,48
(137,130),1,63
(137,132),1,83
(137,148),1,23
(137,151),1,36
(137,156),1,35
(137,166),1,37
(137,184),1,67
(138,4),1,20
(138,16),1,53
(138,26),1,34
(138,48),1,54
(138,49),1,2
(138,67),1,99
(138,82),1,34
(138,86),1,27
(138,94),1,41
(138,101),1,77
(138,117),1,56
(138,130),1,35
(138,136),1,62
(138,169),1,30
(138,192),1,83
(138,195),1,16
(138,196),1,22
(138,199),1,91
(139,8),1,16
(139,15),1,60
(139,24),1,51
(139,33),1,36
(139,47),1,13
(139,48),1,62
(139,54),1,36
(139,66),1,33
(139,74),1,76
(139,111),1,18
(139,124),1,24
(139,126),1,50
(139,137),1,56
(139,141),1,59
(139,163),1,6
(139,198),1,88
(140,8),1,46
(140,9),1,7
(140,13),1,70
(140,15),1,81
(140,16),1,11
(140,33),1,62
(140,43),1,59
(140,48),1,32
(140,52),1,82
(140,60),1,8
(140,62),1,22
(140,63),1,97
(140,64),1,26
(140,74),1,74
(140,77),1,87
(140,81),1,20
(140,91),1,54
(140,94),1,81
(140,99),1,97
(140,103),1,76
(140,125),1,41
(140,126),1,67
(140,135),1,67
(140,155),1,15
(140,167),1,30
(140,168),1,4
(140,195),1,8
(140,198),1,47
(140,199),1,86
(141,0),1,6
(141,26),1,69
(141,31),1,15
(141,33),1,0
(141,40),1,16
(141,71),1,81
(141,92),1,90
(141,96),1,54
(141,97),1,67
(141,103),1,61
(141,109),1,69
(141,113),1,79
(141,125),1,0
(141,127),1,57
(141,132),1,95
(141,140),1,11
(141,142),1,31
(141,171),1,37
(141,185),1,57
(141,186),1,55
(141,199),1,9
(142,5),1,62
(142,7),1,4
(142,16),1,68
(142,47),1,12
(142,49),1,18
(142,61),1,74
(142,63),1,15
(142,69),1,96
(142,93),1,46
(142,95),1,46
(142,102),1,19
(142,105),1,73
(142,125),1,65
(142,130),1,63
(142,137),1,27
(142,143),1,39
(142,155),1,46
(142,161),1,98
(142,168),1,96
(142,181),1,98
(142,196),1,92
(143,15),1,64
(143,44),1,74
(143,59),1,20
(143,67),1,10
(143,71),1,91
(143,80),1,26
(143,89),1,70
(143,116),1,43
(143,118),1,33
(143,133),1,23
(143,170),1,82
(143,173),1,79
(143,188),1,100
(143,194),1,28
(144,0),1,62
(144,13),1,24
(144,18),1,47
(144,40),1,86
(144,44),1,36
(144,47),1,58
(144,65),1,52
(144,77),1,66
(144,78),1,6
(144,80),1,41
(144,96),1,85
(144,105),1,38
(144,109),1,99
(144,116),1,29
(144,132),1,87
(144,148),1,4
(144,175),1,70
(144,184),1,58
(144,189),1,42
(144,198),1,8
(145,9),1,18
(145,18),1,60
(145,24),1,52
(145,25),1,56
(145,38),1,73
(145,40),1,16
(145,76),1,48
(145,80),1,92
(145,90),1,93
(145,91),1,86
(145,92),1,86
(145,119),1,0
(145,128),1,68
(145,135),1,84
(145,137),1,76
(145,174),1,41
(145,195),1,16
(146,3),1,65
(146,5),1,89
(146,8),1,77
(146,14),1,44
(146,63),1,7
(146,74),1,100
(146,114),1,37
(146,141),1,49
(146,155),1,80
(146,169),1,29
(146,173),1,70
(146,177),1,25
(146,180),1,54
(146,196),1,37
(146,199),1,79
(147,0),1,38
(147,35),1,79
(147,44),1,21
(147,49),1,100
(147,56),1,22
(147,80),1,52
(147,82),1,54
(147,84),1,29
(147,96),1,93
(147,105),1,70
(147,114),1,40
(147,125),1,8
(147,129),1,23
(147,153),1,46
(147,157),1,84
(147,169),1,79
(147,179),1,39
(147,195),1,36
(148,28),1,82
(148,42),1,53
(148,53),1,27
(148,56),1,45
(148,69),1,92
(148,81),1,65
(148,97),1,73
(148,103),1,68
(148,104),1,1
(148,115),1,89
(148,118),1,90
(148,165),1,28
(148,172),1,69
(148,182),1,82
(148,190),1,24
(148,198),1,0
(149,0),1,36
(149,7),1,72
(149,8),1,57
(149,12),1,41
(149,35),1,4
(149,55),1,67
(149,56),1,33
(149,70),1,39
(149,96),1,19
(149,107),1,3
(149,111),1,93
(149,112),1,53
(149,124),1,97
(149,125),1,79
(149,138),1,31
(149,139),1,4
(149,157),1,19
(149,163),1,55
(149,164),1,100
(149,165),1,55
(149,192),1,32
(149,194),1,86
(149,199),1,78
(150,5),1,57
(150,15),1,11
(150,16),1,23
(150,18),1,11
(150,25),1,17
(150,32),1,30
(150,33),1,47
(150,34),1,61
(150,47),1,90
(150,85),1,84
(150,89),1,14
(150,100),1,15
(150,111),1,46
(150,113),1,41
(150,129),1,74
(150,136),1,16
(150,141),1,16
(150,147),1,80
(150,152),1,74
(150,153),1,59
(150,165),1,23
(150,168),1,24
(150,171),1,60
(150,179),1,93
(150,186),1,63
(150,189),1,1
(150,191),1,32
(151,6),1,39
(151,12),1,36
(151,15),1,17
(151,24),1,69
(151,59),1,37
(151,64),1,44
(151,67),1,18
(151,72),1,92
(151,91),1,14
(151,96),1,16
(151,100),1,81
(151,109),1,69
(151,119),1,67
(151,127),1,10
(151,128),1,72
(151,131),1,57
(151,136),1,76
(151,145),1,32
(151,166),1,14
(151,169),1,23
(151,172),1,16
(151,175),1,81
(151,179),1,56
(151,188),1,3
(152,13),1,84
(152,14),1,54
(152,22),1,6
(152,26),1,96
(152,34),1,59
(152,47),1,4
(152,51),1,2
(152,56),1,64
(152,69),1,14
(152,71),1,36
(152,72),1,22
(152,76),1,89
(152,80),1,30
(152,81),1,76
(152,92),1,14
(152,96),1,23
(152,102),1,35
(152,103),1,52
(152,107),1,68
(152,128),1,100
(152,139),1,19
(152,154),1,99
(152,156),1,20
(152,161),1,83
(152,164),1,76
(152,172),1,92
(152,179),1,80
(152,185),1,62
(152,190),1,10
(153,12),1,58
(153,38),1,68
(153,63),1,43
(153,64),1,83
(153,65),1,65
(153,89),1,82
(153,118),1,10
(153,120),1,74
(153,136),1,40
(153,141),1,56
(153,152),1,35
(153,158),1,38
(153,195),1,39
(154,37),1,76
(154,42),1,94
(154,45),1,41
(154,52),1,32
(154,112),1,59
(154,114),1,31
(154,128),1,20
(154,142),1,100
(154,157),1,97
(154,174),1,94
(154,177),1,34
(155,15),1,64
(155,22),1,51
(155,62),1,16
(155,72),1,46
(155,73),1,50
(155,80),1,54
(155,99),1,85
(155,100),1,69
(155,104),1,82
(155,110),1,2
(155,137),1,41
(155,152),1,24
(155,160),1,87
(155,176),1,77
(155,192),1,45
(156,6),1,57
(156,10),1,86
(156,21),1,71
(156,28),1,54
(156,33),1,99
(156,36),1,68
(156,45),1,45
(156,47),1,89
(156,72),1,86
(156,77),1,21
(156,84),1,39
(156,91),1,93
(156,104),1,32
(156,106),1,19
(156,118),1,41
(156,123),1,24
(156,125),1,86
(156,132),1,90
(156,134),1,53
(156,145),1,16
(156,148),1,6
(156,153),1,11
(156,155),1,86
(156,163),1,11
(156,178),1,34
(156,183),1,16
(156,188),1,62
(157,3),1,4
(157,22),1,73
(157,30),1,23
(157,32),1,95
(157,45),1,55
(157,49),1,91
(157,52),1,10
(157,95),1,3
(157,121),1,35
(157,151),1,25
(157,153),1,19
(157,161),1,92
(157,180),1,30
(157,182),1,73
(157,188),1,7
(157,191),1,20
(157,195),1,80
(158,4),1,79
(158,17),1,57
(158,35),1,16
(158,36),1,21
(158,40),1,24
(158,57),1,54
(158,60),1,69
(158,63),1,3
(158,65),1,65
(158,66),1,62
(158,80),1,11
(158,83),1,22
(158,85),1,73
(158,99),1,81
(158,109),1,30
(158,116),1,15
(158,135),1,17
(158,140),1,2
(158,146),1,49
(158,148),1,5
(158,152),1,86
(158,154),1,39
(158,174),1,61
(158,179),1,75
(158,180),1,59
(158,186),1,45
(158,189),1,21
(158,198),1,91
(159,10),1,18
(159,21),1,16
(159,29),1,31
(159,37),1,51
(159,48),1,97
(159,57),1,10
(159,63),1,45
(159,70),1,97
(159,74),1,53
(159,93),1,10
(159,103),1,30
(159,105),1,27
(159,119),1,29
(159,120),1,93
(159,129),1,74
(159,148),1,85
(159,156),1,23
(159,170),1,47
(159,177),1,24
(160,7),1,5
(160,16),1,42
(160,36),1,55
(160,39),1,11
(160,55),1,35
(160,64),1,95
(160,75),1,3
(160,76),1,91
(160,81),1,51
(160,90),1,68
(160,94),1,66
(160,102),1,54
(160,110),1,16
(160,114),1,52
(160,120),1,10
(160,122),1,16
(160,128),1,72
(160,140),1,54
(160,172),1,65
(160,182),1,86
(160,195),1,18
(160,197),1,10
(161,1),1,84
(161,8),1,20
(161,18),1,34
(161,21),1,52
(161,41),1,33
(161,45),1,81
(161,63),1,21
(161,73),1,84
(161,87),1,39
(161,123),1,50
(161,145),1,86
(161,174),1,14
(161,176),1,23
(161,178),1,8
(161,183),1,87
(161,195),1,30
(161,197),1,75
(162,20),1,27
(162,25),1,48
(162,41),1,41
(162,47),1,12
(162,57),1,95
(162,61),1,30
(162,70),1,77
(162,78),1,56
(162,79),1,75
(162,82),1,74
(162,115),1,85
(162,123),1,16
(162,135),1,85
(162,153),1,64
(162,156),1,91
(162,157),1,98
(162,158),1,24
(162,160),1,82
(162,184),1,18
(162,189),1,69
(163,24),1,69
(163,40),1,92
(163,44),1,100
(163,49),1,32
(163,51),1,5
(163,68),1,7
(163,77),1,70
(163,84),1,75
(163,92),1,6
(163,119),1,88
(163,125),1,12
(163,130),1,21
(163,131),1,47
(163,134),1,18
(163,141),1,86
(163,151),1,94
(163,154),1,54
(163,157),1,69
(163,166),1,23
(163,175),1,28
(163,180),1,25
(164,7),1,88
(164,11),1,55
(164,20),1,11
(164,23),1,91
(164,36),1,89
(164,61),1,22
(164,63),1,7
(164,74),1,12
(164,80),1,79
(164,83),1,65
(164,86),1,27
(164,88),1,50
(164,100),1,2
(164,107),1,14
(164,116),1,81
(164,139),1,70
(164,157),1,56
(164,166),1,68
(164,171),1,76
(164,174),1,83
(164,177),1,96
(164,180),1,29
(164,187),1,81
(164,197),1,74
(164,199),1,6
(165,3),1,40
(165,8),1,78
(165,19),1,52
(165,22),1,59
(165,31),1,65
(165,44),1,43
(165,57),1,44
(165,59),1,41
(165,75),1,35
(165,104),1,25
(165,114),1,69
(165,128),1,8
(165,129),1,100
(165,154),1,21
(165,179),1,68
(165,187),1,96
(166,14),1,40
(166,23),1,50
(166,26),1,60
(166,31),1,25
(166,38),1,90
(166,48),1,45
(166,52),1,95
(166,53),1,44
(166,57),1,54
(166,79),1,89
(166,82),1,29
(166,83),1,93
(166,86),1,55
(166,90),1,96
(166,95),1,32
(166,98),1,71
(166,102),1,28
(166,108),1,68
(166,109),1,6
(166,126),1,26
(166,127),1,0
(166,167),1,26
(166,174),1,90
(166,175),1,42
(166,178),1,7
(166,191),1,93
(166,194),1,16
(167,21),1,99
(167,22),1,75
(167,39),1,29
(167,48),1,58
(167,65),1,42
(167,67),1,80
(167,69),1,6
(167,84),1,21
(167,85),1,79
(167,96),1,81
(167,97),1,96
(167,100),1,95
(167,101),1,45
(167,111),1,82
(167,120),1,16
(167,126),1,15
(167,132),1,25
(167,141),1,88
(167,164),1,16
(167,178),1,58
(167,181),1,2
(167,182),1,88
(167,190),1,100
(168,3),1,96
(168,15),1,99
(168,18),1,20
(168,19),1,18
(168,24),1,62
(168,25),1,82
(168,29),1,81
(168,45),1,1
(168,55),1,29
(168,56),1,53
(168,73),1,69
(168,75),1,34
(168,79),1,20
(168,80),1,18
(168,82),1,31
(168,91),1,7
(168,106),1,23
(168,117),1,25
(168,118),1,55
(168,127),1,34
(168,132),1,89
(168,137),1,90
(168,143),1,95
(168,148),1,72
(168,151),1,1
(168,152),1,9
(168,170),1,5
(168,176),1,45
(168,189),1,44
(168,196),1,73
(169,3),1,97
(169,10),1,75
(169,43),1,92
(169,47),1,48
(169,51),1,57
(169,74),1,61
(169,88),1,7
(169,111),1,79
(169,117),1,94
(169,122),1,92
(169,132),1,13
(169,137),1,40
(169,139),1,80
(169,163),1,13
(169,168),1,54
(169,176),1,36
(169,179),1,38
(169,189),1,19
(170,1),1,100
(170,3),1,19
(170,12),1,13
(170,19),1,90
(170,20),1,30
(170,26),1,90
(170,29),1,51
(170,31),1,13
(170,49),1,39
(170,75),1,45
(170,109),1,90
(170,114),1,21
(170,122),1,63
(170,123),1,52
(170,130),1,27
(170,144),1,1
(170,150),1,68
(170,154),1,42
(170,162),1,89
(170,174),1,98
(170,184),1,10
(171,13),1,83
(171,22),1,23
(171,40),1,19
(171,55),1,33
(171,64),1,97
(171,114),1,7
(171,128),1,70
(171,143),1,23
(171,149),1,37
(171,150),1,80
(171,164),1,8
(171,167),1,68
(171,198),1,88
(172,4),1,31
(172,15),1,33
(172,24),1,60
(172,29),1,58
(172,38),1,75
(172,39),1,9
(172,61),1,88
(172,90),1,12
(172,106),1,55
(172,116),1,21
(172,133),1,38
(172,138),1,28
(172,145),1,50
(172,191),1,82
(172,196),1,88
(173,25),1,18
(173,27),1,43
(173,32),1,14
(173,33),1,92
(173,36),1,96
(173,38),1,45
(173,46),1,7
(173,72),1,4
(173,76),1,94
(173,89),1,33
(173,95),1,72
(173,96),1,44
(173,107),1,42
(173,127),1,84
(173,136),1,30
(173,155),1,71
(173,156),1,31
(173,164),1,40
(173,180),1,34
(173,184),1,29
(173,185),1,28
(173,193),1,63
(174,2),1,10
(174,28),1,70
(174,29),1,56
(174,31),1,99
(174,32),1,27
(174,45),1,0
(174,47),1,78
(174,52),1,23
(174,53),1,3
(174,81),1,87
(174,83),1,56
(174,103),1,91
(174,104),1,28
(174,117),1,55
(174,127),1,73
(174,128),1,1
(174,137),1,67
(174,138),1,20
(174,156),1,16
(174,158),1,23
(174,180),1,80
(174,186),1,81
(175,2),1,35
(175,10),1,36
(175,11),1,59
(175,17),1,4
(175,20),1,2
(175,24),1,86
(175,32),1,20
(175,46),1,65
(175,63),1,61
(175,65),1,48
(175,79),1,62
(175,86),1,43
(175,91),1,1
(175,96),1,89
(175,97),1,75
(175,100),1,93
(175,102),1,51
(175,104),1,86
(175,111),1,54
(175,112),1,60
(175,117),1,36
(175,119),1,84
(175,121),1,74
(175,124),1,22
(175,147),1,9
(175,151),1,0
(175,163),1,79
(175,173),1,10
(175,177),1,41
(175,192),1,97
(176,1),1,97
(176,5),1,11
(176,14),1,71
(176,28),1,88
(176,37),1,35
(176,46),1,33
(176,53),1,62
(176,61),1,96
(176,83),1,33
(176,93),1,89
(176,99),1,27
(176,103),1,1
(176,114),1,19
(176,140),1,9
(176,151),1,60
(176,164),1,6
(176,168),1,19
(176,187),1,16
(177,4),1,5
(177,11),1,80
(177,35),1,62
(177,49),1,83
(177,66),1,14
(177,70),1,72
(177,82),1,84
(177,87),1,52
(177,97),1,21
(177,106),1,42
(177,116),1,20
(177,139),1,25
(177,142),1,83
(177,147),1,61
(177,151),1,62
(177,160),1,82
(177,162),1,5
(177,166),1,64
(177,175),1,81
(177,180),1,14
(177,190),1,16
(177,192),1,89
(178,2),1,3
(178,11),1,89
(178,32),1,55
(178,37),1,5
(178,41),1,37
(178,46),1,98
(178,55),1,19
(178,88),1,84
(178,92),1,26
(178,95),1,86
(178,98),1,32
(178,103),1,10
(178,108),1,88
(178,112),1,21
(178,114),1,36
(178,129),1,64
(178,143),1,17
(178,146),1,94
(178,180),1,47
(178,181),1,85
(178,184),1,42
(178,198),1,53
(179,3),1,7
(179,17),1,20
(179,24),1,30
(179,26),1,94
(179,41),1,96
(179,58),1,12
(179,67),1,15
(179,94),1,5
(179,96),1,2
(179,118),1,88
(179,128),1,11
(179,133),1,79
(179,185),1,44
(179,187),1,77
(180,0),1,76
(180,4),1,47
(180,25),1,96
(180,35),1,44
(180,38),1,33
(180,40),1,49
(180,42),1,99
(180,45),1,76
(180,50),1,83
(180,56),1,91
(180,63),1,67
(180,67),1,87
(180,68),1,56
(180,71),1,43
(180,92),1,75
(180,93),1,55
(180,95),1,76
(180,103),1,68
(180,105),1,79
(180,107),1,47
(180,109),1,2
(180,119),1,35
(180,121),1,48
(180,135),1,54
(180,138),1,58
(180,149),1,80
(180,151),1,55
(180,161),1,68
(180,165),1,38
(180,166),1,7
(180,172),1,82
(180,188),1,95
(181,6),1,31
(181,15),1,97
(181,20),1,70
(181,22),1,45
(181,35),1,73
(181,40),1,35
(181,49),1,3
(181,63),1,55
(181,70),1,30
(181,76),1,33
(181,94),1,32
(181,95),1,44
(181,100),1,61
(181,110),1,20
(181,118),1,33
(181,128),1,56
(181,144),1,4
(181,154),1,65
(181,163),1,98
(181,186),1,53
(181,190),1,3
(182,6),1,13
(182,25),1,100
(182,27),1,59
(182,37),1,64
(182,45),1,44
(182,51),1,48
(182,56),1,6
(182,57),1,95
(182,62),1,33
(182,70),1,40
(182,105),1,84
(182,132),1,83
(182,141),1,16
(182,146),1,99
(182,158),1,23
(182,161),1,34
(182,179),1,72
(182,192),1,32
(182,196),1,97
(183,0),1,68
(183,33),1,89
(183,34),1,85
(183,35),1,25
(183,56),1,85
(183,83),1,74
(183,90),1,29
(183,93),1,34
(183,104),1,7
(183,122),1,6
(183,124),1,86
(183,142),1,79
(183,157),1,27
(183,166),1,45
(183,190),1,69
(183,199),1,67
(184,16),1,39
(184,29),1,60
(184,32),1,23
(184,44),1,79
(184,54),1,59
(184,55),1,78
(184,61),1,26
(184,77),1,31
(184,78),1,32
(184,83),1,73
(184,89),1,59
(184,92),1,63
(184,100),1,89
(184,105),1,52
(184,119),1,14
(184,121),1,41
(184,126),1,46
(184,134),1,25
(184,148),1,20
(184,149),1,18
(184,170),1,23
(184,178),1,23
(184,192),1,83
(185,5),1,23
(185,11),1,74
(185,23),1,76
(185,32),1,56
(185,35),1,4
(185,40),1,39
(185,43),1,92
(185,55),1,16
(185,70),1,80
(185,76),1,2
(185,80),1,3
(185,84),1,16
(185,86),1,98
(185,96),1,43
(185,97),1,78
(185,103),1,44
(185,128),1,84
(185,131),1,11
(185,135),1,51
(185,149),1,6
(185,152),1,17
(185,189),1,78
(186,6),1,60
(186,25),1,22
(186,36),1,10
(186,48),1,39
(186,51),1,99
(186,56),1,60
(186,61),1,70
(186,71),1,69
(186,76),1,67
(186,78),1,69
(186,89),1,40
(186,91),1,45
(186,100),1,5
(186,111),1,84
(186,112),1,42
(186,118),1,39
(186,121),1,25
(186,127),1,78
(186,128),1,6
(186,134),1,66
(186,148),1,54
(186,157),1,84
(186,164),1,3
(186,189),1,75
(186,196),1,13
(186,198),1,1
(187,20),1,100
(187,23),1,83
(187,25),1,80
(187,34),1,50
(187,37),1,37
(187,46),1,96
(187,58),1,69
(187,68),1,23
(187,93),1,26
(187,125),1,27
(187,176),1,89
(187,177),1,16
(188,2),1,3
(188,9),1,15
(188,13),1,58
(188,17),1,34
(188,23),1,15
(188,43),1,30
(188,45),1,9
(188,48),1,93
(188,56),1,70
(188,60),1,57
(188,70),1,71
(188,91),1,8
(188,100),1,89
(188,103),1,9
(188,109),1,27
(188,113),1,27
(188,140),1,22
(188,152),1,22
(188,155),1,88
(188,158),1,69
(188,162),1,18
(188,173),1,4
(188,175),1,66
(188,179),1,82
(189,3),1,70
(189,37),1,76
(189,38),1,70
(189,40),1,42
(189,70),1,51
(189,77),1,3
(189,93),1,11
(189,109),1,7
(189,122),1,83
(189,130),1,88
(189,131),1,71
(189,135),1,57
(189,148),1,46
(189,150),1,7
(189,157),1,45
(189,160),1,87
(189,168),1,55
(189,179),1,93
(189,186),1,64
(189,191),1,51
(190,0),1,36
(190,3),1,99
(190,8),1,64
(190,13),1,82
(190,17),1,12
(190,31),1,83
(190,40),1,17
(190,47),1,82
(190,63),1,97
(190,64),1,91
(190,71),1,72
(190,80),1,31
(190,95),1,54
(190,96),1,19
(190,101),1,91
(190,104),1,6
(190,115),1,46
(190,116),1,90
(190,117),1,12
(190,147),1,25
(190,156),1,79
(190,170),1,27
(190,199),1,51
(191,9),1,67
(191,14),1,28
(191,22),1,93
(191,28),1,50
(191,30),1,31
(191,55),1,100
(191,62),1,79
(191,67),1,58
(191,71),1,95
(191,91),1,86
(191,97),1,95
(191,98),1,61
(191,110),1,10
(191,113),1,17
(191,121),1,68
(191,122),1,53
(191,126),1,23
(191,131),1,21
(191,133),1,72
(191,147),1,42
(191,161),1,9
(191,181),1,11
(191,184),1,19
(192,8),1,6
(192,33),1,2
(192,45),1,45
(192,50),1,48
(192,51),1,92
(192,53),1,27
(192,54),1,96
(192,57),1,20
(192,66),1,79
(192,83),1,16
(192,89),1,89
(192,129),1,88
(192,152),1,65
(192,159),1,13
(192,164),1,48
(192,183),1,7
(193,21),1,66
(193,34),1,33
(193,38),1,74
(193,52),1,39
(193,66),1,69
(193,72),1,93
(193,86),1,95
(193,90),1,20
(193,113),1,98
(193,120),1,31
(193,132),1,52
(193,150),1,83
(193,161),1,15
(193,168),1,16
(194,20),1,96
(194,27),1,63
(194,34),1,35
(194,42),1,27
(194,52),1,33
(194,58),1,74
(194,69),1,57
(194,71),1,82
(194,72),1,25
(194,73),1,34
(194,75),1,85
(194,79),1,46
(194,89),1,33
(194,100),1,31
(194,104),1,86
(194,116),1,42
(194,131),1,92
(194,136),1,1
(194,137),1,69
(194,138),1,29
(194,143),1,97
(194,164),1,48
(194,166),1,66
(194,174),1,33
(194,188),1,91
(194,190),1,25
(194,192),1,33
(195,5),1,12
(195,6),1,7
(195,13),1,50
(195,19),1,69
(195,24),1,34
(195,28),1,86
(195,29),1,26
(195,44),1,40
(195,54),1,21
(195,62),1,31
(195,63),1,72
(195,72),1,38
(195,73),1,30
(195,89),1,50
(195,90),1,82
(195,92),1,83
(195,93),1,37
(195,96),1,75
(195,114),1,99
(195,131),1,89
(195,141),1,32
(195,175),1,26
(195,181),1,56
(195,186),1,74
(196,1),1,74
(196,5),1,26
(196,15),1,54
(196,21),1,81
(196,94),1,91
(196,121),1,24
(196,131),1,64
(196,132),1,61
(196,134),1,21
(196,145),1,15
(196,159),1,3
(196,164),1,21
(196,181),1,18
(196,182),1,90
(197,6),1,16
(197,8),1,6
(197,19),1,3
(197,30),1,54
(197,37),1,56
(197,53),1,76
(197,58),1,8
(197,59),1,100
(197,69),1,46
(197,94),1,5
(197,96),1,38
(197,109),1,3
(197,121),1,81
(197,126),1,61
(197,137),1,78
(197,142),1,44
(197,143),1,38
(197,155),1,73
(197,167),1,41
(197,179),1,90
(197,182),1,65
(197,192),1,52
(198,6),1,46
(198,27),1,94
(198,61),1,16
(198,63),1,43
(198,73),1,38
(198,75),1,80
(198,79),1,28
(198,83),1,55
(198,88),1,37
(198,96),1,75
(198,113),1,39
(198,121),1,1
(198,134),1,74
(198,136),1,1
(198,139),1,23
(198,140),1,81
(198,146),1,5
(198,165),1,51
(198,169),1,13
(198,175),1,1
(198,182),1,6
(198,183),1,44
(198,185),1,39
(198,192),1,65
(198,195),1,52
(199,0),1,65
(199,3),1,99
(199,15),1,37
(199,25),1,91
(199,36),1,49
(199,42),1,34
(199,51),1,52
(199,60),1,54
(199,64),1,60
(199,73),1,79
(199,83),1,91
(199,104),1,72
(199,108),1,32
(199,123),1,51
(199,131),1,86
(199,137),1,52
(199,140),1,85
(199,158),1,81
(199,160),1,33
(199,171),1,34
(199,178),1,55
