Nr_Pairs = 200
Nr_NDD = 0
Nr_Arcs = 4040
0,0,0,0,0
1,0,0,0,0
2,0,0,0,0
3,0,0,0,0
4,0,0,0,0
5,0,0,0,0
6,0,0,0,0
7,0,0,0,0
8,0,0,0,0
9,0,0,0,0
10,0,0,0,0
11,0,0,0,0
12,0,0,0,0
13,0,0,0,0
14,0,0,0,0
15,0,0,0,0
16,0,0,0,0
17,0,0,0,0
18,0,0,0,0
19,0,0,0,0
20,0,0,0,0
21,0,0,0,0
22,0,0,0,0
23,0,0,0,0
24,0,0,0,0
25,0,0,0,0
26,0,0,0,0
27,0,0,0,0
28,0,0,0,0
29,0,0,0,0
30,0,0,0,0
31,0,0,0,0
32,0,0,0,0
33,0,0,0,0
34,0,0,0,0
35,0,0,0,0
36,0,0,0,0
37,0,0,0,0
38,0,0,0,0
39,0,0,0,0
40,0,0,0,0
41,0,0,0,0
42,0,0,0,0
43,0,0,0,0
44,0,0,0,0
45,0,0,0,0
46,0,0,0,0
47,0,0,0,0
48,0,0,0,0
49,0,0,0,0
50,0,0,0,0
51,0,0,0,0
52,0,0,0,0
53,0,0,0,0
54,0,0,0,0
55,0,0,0,0
56,0,0,0,0
57,0,0,0,0
58,0,0,0,0
59,0,0,0,0
60,0,0,0,0
61,0,0,0,0
62,0,0,0,0
63,0,0,0,0
64,0,0,0,0
65,0,0,0,0
66,0,0,0,0
67,0,0,0,0
68,0,0,0,0
69,0,0,0,0
70,0,0,0,0
71,0,0,0,0
72,0,0,0,0
73,0,0,0,0
74,0,0,0,0
75,0,0,0,0
76,0,0,0,0
77,0,0,0,0
78,0,0,0,0
79,0,0,0,0
80,0,0,0,0
81,0,0,0,0
82,0,0,0,0
83,0,0,0,0
84,0,0,0,0
85,0,0,0,0
86,0,0,0,0
87,0,0,0,0
88,0,0,0,0
89,0,0,0,0
90,0,0,0,0
91,0,0,0,0
92,0,0,0,0
93,0,0,0,0
94,0,0,0,0
95,0,0,0,0
96,0,0,0,0
97,0,0,0,0
98,0,0,0,0
99,0,0,0,0
100,0,0,0,0
101,0,0,0,0
102,0,0,0,0
103,0,0,0,0
104,0,0,0,0
105,0,0,0,0
106,0,0,0,0
107,0,0,0,0
108,0,0,0,0
109,0,0,0,0
110,0,0,0,0
111,0,0,0,0
112,0,0,0,0
113,0,0,0,0
114,0,0,0,0
115,0,0,0,0
116,0,0,0,0
117,0,0,0,0
118,0,0,0,0
119,0,0,0,0
120,0,0,0,0
121,0,0,0,0
122,0,0,0,0
123,0,0,0,0
124,0,0,0,0
125,0,0,0,0
126,0,0,0,0
127,0,0,0,0
128,0,0,0,0
129,0,0,0,0
130,0,0,0,0
131,0,0,0,0
132,0,0,0,0
133,0,0,0,0
134,0,0,0,0
135,0,0,0,0
136,0,0,0,0
137,0,0,0,0
138,0,0,0,0
139,0,0,0,0
140,0,0,0,0
141,0,0,0,0
142,0,0,0,0
143,0,0,0,0
144,0,0,0,0
145,0,0,0,0
146,0,0,0,0
147,0,0,0,0
148,0,0,0,0
149,0,0,0,0
150,0,0,0,0
151,0,0,0,0
152,0,0,0,0
153,0,0,0,0
154,0,0,0,0
155,0,0,0,0
156,0,0,0,0
157,0,0,0,0
158,0,0,0,0
159,0,0,0,0
160,0,0,0,0
161,0,0,0,0
162,0,0,0,0
163,0,0,0,0
164,0,0,0,0
165,0,0,0,0
166,0,0,0,0
167,0,0,0,0
168,0,0,0,0
169,0,0,0,0
170,0,0,0,0
171,0,0,0,0
172,0,0,0,0
173,0,0,0,0
174,0,0,0,0
175,0,0,0,0
176,0,0,0,0
177,0,0,0,0
178,0,0,0,0
179,0,0,0,0
180,0,0,0,0
181,0,0,0,0
182,0,0,0,0
183,0,0,0,0
184,0,0,0,0
185,0,0,0,0
186,0,0,0,0
187,0,0,0,0
188,0,0,0,0
189,0,0,0,0
190,0,0,0,0
191,0,0,0,0
192,0,0,0,0
193,0,0,0,0
194,0,0,0,0
195,0,0,0,0
196,0,0,0,0
197,0,0,0,0
198,0,0,0,0
199,0,0,0,0
(0,6),1,54
(0,11),1,41
(0,12),1,3
(0,13),1,59
(0,20),1,64
(0,42),1,67
(0,64),1,10
(0,77),1,6
(0,89),1,79
(0,92),1,11
(0,108),1,4
(0,114),1,61
(0,146),1,53
(0,147),1,8
(0,152),1,7
(0,154),1,73
(0,160),1,95
(0,162),1,95
(0,167),1,46
(1,14),1,19
(1,21),1,42
(1,30),1,95
(1,35),1,38
(1,37),1,94
(1,49),1,51
(1,55),1,36
(1,57),1,74
(1,58),1,9
(1,64),1,48
(1,65),1,52
(1,77),1,5
(1,87),1,63
(1,117),1,92
(1,148),1,66
(1,163),1,98
(1,169),1,88
(1,183),1,9
(1,194),1,23
(2,17),1,87
(2,20),1,2
(2,29),1,38
(2,79),1,88
(2,118),1,2
(2,119),1,83
(2,127),1,98
(2,138),1,85
(2,140),1,33
(2,175),1,39
(2,179),1,18
(2,192),1,24
(3,14),1,98
(3,16),1,80
(3,31),1,6
(3,33),1,41
(3,36),1,45
(3,39),1,76
(3,55),1,48
(3,86),1,18
(3,114),1,19
(3,118),1,29
(3,120),1,34
(3,124),1,77
(3,133),1,10
(3,139),1,41
(3,141),1,36
(3,147),1,51
(3,151),1,51
(3,153),1,22
(3,178),1,91
(3,184),1,54
(3,189),1,63
(3,191),1,55
(3,194),1,16
(4,3),1,14
(4,21),1,91
(4,53),1,31
(4,55),1,0
(4,73),1,38
(4,81),1,58
(4,84),1,71
(4,86),1,48
(4,101),1,36
(4,102),1,25
(4,106),1,7
(4,107),1,74
(4,132),1,27
(4,140),1,2
(4,161),1,37
(4,163),1,45
(4,166),1,30
(4,190),1,97
(4,193),1,35
(5,18),1,26
(5,50),1,8
(5,62),1,87
(5,67),1,57
(5,73),1,20
(5,81),1,45
(5,89),1,7
(5,110),1,90
(5,114),1,97
(5,118),1,58
(5,136),1,46
(5,147),1,16
(5,154),1,6
(5,156),1,22
(5,161),1,69
(5,171),1,43
(5,180),1,21
(5,197),1,89
(6,4),1,79
(6,7),1,25
(6,11),1,20
(6,19),1,56
(6,40),1,26
(6,50),1,41
(6,51),1,54
(6,53),1,27
(6,58),1,43
(6,59),1,12
(6,76),1,48
(6,86),1,44
(6,109),1,46
(6,123),1,27
(6,131),1,84
(6,132),1,96
(6,138),1,70
(6,148),1,52
(6,151),1,83
(6,156),1,25
(6,165),1,41
(6,188),1,100
(6,198),1,17
(7,30),1,45
(7,39),1,62
(7,55),1,71
(7,64),1,26
(7,86),1,93
(7,104),1,46
(7,109),1,5
(7,112),1,16
(7,114),1,43
(7,136),1,18
(7,145),1,69
(7,173),1,50
(7,193),1,17
(7,194),1,20
(8,17),1,86
(8,24),1,47
(8,27),1,100
(8,29),1,3
(8,30),1,77
(8,41),1,37
(8,45),1,95
(8,70),1,30
(8,93),1,59
(8,99),1,35
(8,100),1,31
(8,112),1,64
(8,124),1,96
(8,128),1,59
(8,131),1,87
(8,132),1,74
(8,137),1,66
(8,140),1,18
(8,154),1,65
(8,159),1,11
(8,161),1,73
(8,196),1,35
(9,0),1,4
(9,8),1,21
(9,19),1,45
(9,26),1,53
(9,40),1,84
(9,47),1,79
(9,52),1,82
(9,55),1,18
(9,59),1,97
(9,67),1,60
(9,68),1,82
(9,98),1,35
(9,104),1,51
(9,112),1,8
(9,115),1,99
(9,121),1,46
(9,124),1,33
(9,126),1,58
(9,133),1,87
(9,134),1,21
(9,156),1,88
(9,163),1,9
(9,174),1,66
(9,175),1,82
(9,178),1,18
(9,187),1,17
(9,197),1,70
(10,1),1,18
(10,11),1,79
(10,12),1,33
(10,20),1,4
(10,23),1,97
(10,47),1,53
(10,90),1,16
(10,95),1,36
(10,110),1,82
(10,111),1,37
(10,130),1,79
(10,150),1,78
(10,162),1,67
(10,177),1,5
(10,183),1,34
(10,185),1,17
(10,186),1,47
(10,189),1,7
(11,2),1,0
(11,15),1,93
(11,22),1,68
(11,39),1,33
(11,41),1,61
(11,42),1,3
(11,49),1,5
(11,56),1,97
(11,67),1,43
(11,75),1,56
(11,83),1,50
(11,104),1,73
(11,116),1,64
(11,120),1,59
(11,127),1,88
(11,150),1,42
(11,173),1,82
(11,174),1,42
(11,185),1,90
(11,194),1,90
(12,1),1,29
(12,6),1,100
(12,7),1,39
(12,11),1,59
(12,21),1,2
(12,29),1,81
(12,34),1,82
(12,42),1,88
(12,45),1,36
(12,61),1,98
(12,66),1,53
(12,96),1,24
(12,102),1,21
(12,108),1,67
(12,113),1,21
(12,120),1,69
(12,124),1,80
(12,143),1,43
(12,171),1,90
(12,172),1,23
(13,4),1,91
(13,54),1,72
(13,57),1,16
(13,70),1,68
(13,80),1,64
(13,81),1,16
(13,83),1,32
(13,93),1,13
(13,99),1,52
(13,102),1,31
(13,103),1,92
(13,113),1,42
(13,136),1,47
(13,142),1,15
(13,148),1,92
(13,149),1,8
(14,3),1,90
(14,11),1,39
(14,15),1,96
(14,18),1,98
(14,37),1,65
(14,41),1,78
(14,56),1,8
(14,72),1,0
(14,73),1,78
(14,74),1,73
(14,90),1,8
(14,98),1,71
(14,108),1,37
(14,118),1,27
(14,131),1,22
(14,132),1,65
(14,149),1,29
(14,152),1,19
(14,154),1,14
(14,166),1,26
(15,19),1,85
(15,21),1,3
(15,28),1,72
(15,40),1,76
(15,47),1,62
(15,50),1,5
(15,58),1,47
(15,60),1,53
(15,72),1,32
(15,83),1,15
(15,85),1,88
(15,89),1,13
(15,94),1,100
(15,100),1,73
(15,107),1,86
(15,112),1,67
(15,113),1,19
(15,115),1,50
(15,125),1,24
(15,128),1,91
(15,133),1,11
(15,135),1,60
(15,155),1,5
(15,166),1,76
(15,192),1,24
(15,195),1,93
(16,15),1,36
(16,17),1,24
(16,22),1,70
(16,48),1,83
(16,49),1,53
(16,52),1,95
(16,54),1,39
(16,69),1,81
(16,72),1,44
(16,78),1,95
(16,79),1,84
(16,107),1,96
(16,110),1,94
(16,118),1,23
(16,120),1,19
(16,123),1,17
(16,131),1,59
(16,134),1,85
(16,138),1,82
(16,161),1,75
(16,171),1,26
(16,176),1,10
(16,187),1,6
(16,195),1,1
(17,13),1,64
(17,30),1,72
(17,42),1,51
(17,68),1,0
(17,72),1,78
(17,94),1,4
(17,96),1,33
(17,99),1,29
(17,104),1,30
(17,113),1,46
(17,131),1,16
(17,141),1,41
(17,147),1,83
(17,156),1,97
(17,170),1,19
(17,191),1,74
(18,1),1,98
(18,14),1,86
(18,26),1,82
(18,38),1,71
(18,66),1,45
(18,73),1,76
(18,84),1,85
(18,97),1,41
(18,125),1,59
(18,127),1,70
(18,140),1,10
(18,142),1,100
(18,144),1,77
(18,154),1,85
(18,171),1,3
(18,175),1,32
(18,180),1,7
(18,191),1,5
(18,193),1,48
(18,195),1,31
(19,28),1,91
(19,33),1,40
(19,37),1,29
(19,51),1,82
(19,60),1,25
(19,75),1,5
(19,83),1,93
(19,91),1,26
(19,92),1,1
(19,95),1,82
(19,97),1,56
(19,101),1,13
(19,117),1,69
(19,121),1,7
(19,123),1,45
(19,139),1,54
(19,165),1,62
(19,178),1,58
(19,181),1,64
(19,183),1,36
(19,188),1,17
(19,196),1,58
(20,0),1,55
(20,13),1,78
(20,24),1,26
(20,34),1,21
(20,48),1,15
(20,51),1,53
(20,54),1,9
(20,72),1,98
(20,77),1,37
(20,81),1,92
(20,85),1,6
(20,159),1,99
(20,163),1,87
(20,167),1,19
(20,171),1,71
(20,180),1,19
(20,190),1,84
(20,193),1,71
(21,6),1,67
(21,9),1,71
(21,28),1,12
(21,33),1,16
(21,42),1,45
(21,56),1,41
(21,58),1,97
(21,60),1,45
(21,67),1,69
(21,68),1,31
(21,72),1,72
(21,87),1,98
(21,90),1,7
(21,93),1,8
(21,102),1,8
(21,106),1,34
(21,118),1,92
(21,158),1,59
(21,180),1,81
(21,193),1,78
(21,199),1,24
(22,0),1,41
(22,5),1,78
(22,10),1,9
(22,26),1,53
(22,50),1,59
(22,52),1,7
(22,54),1,60
(22,55),1,26
(22,67),1,21
(22,73),1,16
(22,80),1,50
(22,81),1,72
(22,93),1,52
(22,98),1,56
(22,116),1,5
(22,119),1,100
(22,140),1,33
(22,152),1,56
(22,157),1,56
(22,160),1,10
(22,164),1,76
(22,177),1,74
(22,179),1,40
(22,183),1,27
(22,186),1,48
(22,189),1,89
(22,196),1,27
(23,9),1,3
(23,15),1,11
(23,25),1,42
(23,34),1,74
(23,53),1,68
(23,69),1,76
(23,76),1,31
(23,81),1,6
(23,106),1,34
(23,107),1,85
(23,127),1,70
(23,140),1,90
(23,145),1,70
(23,152),1,56
(23,154),1,89
(23,159),1,98
(23,160),1,1
(23,164),1,78
(23,167),1,21
(23,169),1,83
(23,180),1,77
(24,4),1,6
(24,27),1,72
(24,32),1,47
(24,39),1,66
(24,49),1,67
(24,61),1,88
(24,68),1,85
(24,76),1,27
(24,85),1,87
(24,92),1,20
(24,136),1,79
(24,138),1,53
(24,150),1,16
(24,152),1,53
(24,160),1,94
(24,164),1,16
(24,167),1,92
(24,170),1,33
(24,176),1,23
(24,188),1,87
(24,195),1,82
(24,198),1,98
(25,0),1,14
(25,60),1,10
(25,65),1,79
(25,74),1,26
(25,91),1,24
(25,95),1,35
(25,97),1,1
(25,103),1,6
(25,105),1,27
(25,119),1,59
(25,122),1,75
(25,140),1,15
(25,155),1,29
(25,164),1,47
(25,193),1,8
(26,2),1,33
(26,6),1,96
(26,16),1,34
(26,42),1,62
(26,53),1,47
(26,68),1,6
(26,70),1,98
(26,80),1,25
(26,85),1,2
(26,86),1,99
(26,94),1,23
(26,103),1,96
(26,126),1,67
(26,161),1,53
(26,168),1,35
(26,183),1,96
(26,186),1,26
(27,6),1,65
(27,14),1,35
(27,17),1,53
(27,29),1,83
(27,52),1,55
(27,53),1,87
(27,59),1,35
(27,61),1,52
(27,62),1,67
(27,63),1,40
(27,71),1,89
(27,74),1,62
(27,76),1,50
(27,80),1,33
(27,101),1,67
(27,103),1,6
(27,105),1,8
(27,113),1,4
(27,116),1,63
(27,119),1,100
(27,125),1,45
(27,126),1,6
(27,148),1,49
(27,149),1,92
(27,176),1,93
(27,177),1,41
(27,195),1,12
(28,1),1,69
(28,5),1,49
(28,11),1,90
(28,25),1,82
(28,26),1,12
(28,39),1,49
(28,45),1,90
(28,52),1,80
(28,60),1,45
(28,74),1,36
(28,76),1,78
(28,101),1,30
(28,128),1,19
(28,136),1,32
(28,140),1,74
(28,142),1,12
(28,145),1,44
(28,151),1,69
(28,158),1,80
(28,176),1,58
(28,185),1,5
(28,196),1,77
(28,197),1,70
(29,1),1,43
(29,5),1,70
(29,11),1,80
(29,22),1,86
(29,25),1,23
(29,44),1,19
(29,50),1,58
(29,72),1,97
(29,73),1,27
(29,81),1,30
(29,85),1,13
(29,90),1,51
(29,108),1,81
(29,118),1,77
(29,123),1,36
(29,128),1,99
(29,134),1,41
(29,135),1,1
(29,149),1,58
(29,153),1,74
(29,175),1,30
(29,176),1,13
(29,193),1,49
(29,199),1,9
(30,7),1,41
(30,9),1,72
(30,12),1,38
(30,14),1,12
(30,20),1,83
(30,52),1,95
(30,63),1,79
(30,70),1,28
(30,74),1,65
(30,88),1,39
(30,123),1,61
(30,124),1,87
(30,141),1,95
(30,150),1,45
(30,157),1,16
(30,175),1,8
(30,190),1,79
(30,197),1,87
(31,4),1,28
(31,36),1,81
(31,48),1,49
(31,50),1,68
(31,52),1,97
(31,56),1,77
(31,62),1,36
(31,67),1,20
(31,69),1,93
(31,89),1,22
(31,95),1,17
(31,96),1,35
(31,99),1,9
(31,104),1,40
(31,107),1,39
(31,112),1,70
(31,126),1,34
(31,128),1,75
(31,144),1,7
(31,146),1,64
(31,171),1,46
(31,172),1,58
(31,182),1,56
(31,192),1,46
(31,194),1,71
(31,198),1,28
(31,199),1,67
(32,3),1,13
(32,23),1,19
(32,29),1,84
(32,47),1,12
(32,50),1,65
(32,51),1,6
(32,52),1,64
(32,55),1,29
(32,60),1,87
(32,82),1,57
(32,89),1,88
(32,91),1,16
(32,123),1,59
(32,140),1,67
(32,141),1,1
(32,147),1,30
(32,179),1,42
(32,182),1,49
(32,185),1,22
(33,1),1,78
(33,8),1,92
(33,17),1,14
(33,19),1,31
(33,31),1,12
(33,63),1,6
(33,70),1,23
(33,76),1,65
(33,87),1,9
(33,89),1,88
(33,92),1,85
(33,98),1,6
(33,106),1,7
(33,120),1,2
(33,134),1,44
(33,150),1,9
(33,154),1,74
(33,157),1,51
(33,164),1,40
(33,167),1,4
(33,170),1,78
(33,181),1,65
(33,184),1,95
(33,186),1,96
(34,11),1,90
(34,62),1,48
(34,64),1,0
(34,75),1,17
(34,76),1,77
(34,94),1,54
(34,96),1,69
(34,99),1,18
(34,132),1,38
(34,142),1,88
(34,143),1,92
(34,145),1,92
(34,165),1,47
(34,169),1,28
(34,179),1,61
(35,10),1,97
(35,21),1,71
(35,27),1,53
(35,30),1,85
(35,43),1,10
(35,51),1,16
(35,60),1,89
(35,62),1,6
(35,69),1,40
(35,81),1,42
(35,85),1,86
(35,89),1,57
(35,90),1,88
(35,92),1,76
(35,97),1,47
(35,114),1,54
(35,119),1,60
(35,144),1,44
(35,153),1,32
(35,166),1,54
(35,169),1,65
(35,187),1,42
(35,193),1,96
(35,194),1,67
(36,8),1,8
(36,17),1,49
(36,23),1,21
(36,26),1,90
(36,35),1,72
(36,53),1,65
(36,55),1,83
(36,91),1,16
(36,96),1,53
(36,103),1,68
(36,111),1,43
(36,119),1,24
(36,122),1,24
(36,140),1,25
(36,146),1,98
(36,159),1,51
(36,179),1,21
(36,183),1,17
(37,10),1,99
(37,26),1,94
(37,39),1,30
(37,62),1,59
(37,89),1,61
(37,108),1,57
(37,112),1,91
(37,121),1,74
(37,129),1,15
(37,132),1,13
(37,143),1,36
(37,149),1,95
(37,157),1,50
(37,165),1,98
(37,167),1,26
(37,172),1,53
(37,180),1,99
(37,181),1,4
(37,184),1,10
(37,192),1,67
(37,194),1,92
(37,197),1,99
(38,4),1,85
(38,9),1,21
(38,16),1,88
(38,54),1,1
(38,67),1,34
(38,117),1,98
(38,128),1,22
(38,141),1,48
(38,165),1,22
(38,168),1,49
(38,169),1,33
(38,174),1,21
(38,176),1,4
(38,183),1,78
(38,192),1,51
(39,0),1,56
(39,2),1,24
(39,10),1,27
(39,13),1,72
(39,38),1,66
(39,66),1,94
(39,69),1,37
(39,89),1,26
(39,92),1,41
(39,97),1,17
(39,98),1,11
(39,105),1,45
(39,110),1,8
(39,117),1,46
(39,125),1,56
(39,139),1,85
(39,163),1,8
(39,180),1,86
(39,190),1,78
(39,192),1,46
(39,193),1,64
(40,16),1,96
(40,38),1,57
(40,76),1,87
(40,112),1,51
(40,113),1,96
(40,121),1,30
(40,125),1,88
(40,135),1,30
(40,144),1,95
(40,152),1,90
(40,167),1,11
(40,171),1,35
(40,173),1,32
(40,175),1,15
(40,180),1,22
(41,3),1,24
(41,6),1,96
(41,23),1,17
(41,39),1,66
(41,45),1,20
(41,54),1,35
(41,59),1,8
(41,62),1,36
(41,76),1,68
(41,84),1,29
(41,90),1,35
(41,98),1,30
(41,101),1,62
(41,120),1,4
(41,123),1,45
(41,167),1,13
(41,173),1,75
(41,180),1,12
(41,191),1,4
(41,199),1,65
(42,19),1,58
(42,22),1,22
(42,23),1,4
(42,24),1,90
(42,37),1,42
(42,46),1,77
(42,54),1,77
(42,56),1,91
(42,61),1,17
(42,67),1,100
(42,74),1,3
(42,89),1,21
(42,103),1,74
(42,104),1,74
(42,107),1,52
(42,108),1,8
(42,112),1,77
(42,117),1,47
(42,128),1,24
(42,144),1,36
(42,176),1,65
(42,180),1,48
(42,181),1,28
(42,189),1,56
(43,7),1,95
(43,45),1,84
(43,58),1,10
(43,68),1,89
(43,69),1,65
(43,70),1,16
(43,92),1,53
(43,111),1,60
(43,136),1,13
(43,138),1,97
(43,142),1,1
(43,161),1,0
(43,169),1,27
(43,175),1,27
(43,189),1,25
(43,192),1,54
(43,199),1,13
(44,4),1,49
(44,10),1,38
(44,14),1,51
(44,19),1,83
(44,21),1,29
(44,39),1,24
(44,42),1,97
(44,66),1,92
(44,75),1,28
(44,98),1,4
(44,103),1,34
(44,104),1,1
(44,110),1,48
(44,115),1,88
(44,127),1,20
(44,159),1,58
(44,172),1,6
(44,177),1,95
(44,184),1,84
(45,5),1,54
(45,16),1,99
(45,31),1,14
(45,44),1,61
(45,54),1,88
(45,72),1,39
(45,77),1,84
(45,79),1,81
(45,87),1,76
(45,93),1,21
(45,111),1,53
(45,112),1,14
(45,137),1,58
(45,139),1,44
(45,154),1,80
(45,162),1,46
(45,182),1,81
(45,190),1,92
(46,17),1,61
(46,38),1,45
(46,41),1,61
(46,53),1,39
(46,63),1,54
(46,64),1,91
(46,96),1,58
(46,97),1,45
(46,100),1,25
(46,107),1,7
(46,126),1,32
(46,141),1,55
(46,142),1,66
(46,153),1,13
(46,154),1,38
(46,161),1,96
(46,169),1,61
(46,183),1,21
(46,184),1,79
(47,19),1,93
(47,32),1,33
(47,54),1,40
(47,55),1,1
(47,58),1,83
(47,78),1,96
(47,90),1,23
(47,93),1,82
(47,96),1,39
(47,117),1,7
(47,122),1,49
(47,130),1,13
(47,140),1,62
(47,153),1,59
(47,180),1,2
(47,197),1,29
(47,198),1,39
(48,10),1,43
(48,21),1,54
(48,42),1,33
(48,46),1,96
(48,54),1,50
(48,76),1,93
(48,87),1,5
(48,97),1,27
(48,116),1,51
(48,118),1,59
(48,119),1,37
(48,139),1,56
(48,146),1,71
(48,148),1,82
(48,168),1,5
(48,193),1,80
(49,1),1,27
(49,4),1,15
(49,22),1,23
(49,26),1,39
(49,33),1,79
(49,56),1,35
(49,58),1,60
(49,63),1,25
(49,84),1,66
(49,92),1,92
(49,97),1,55
(49,123),1,43
(49,132),1,54
(49,134),1,58
(49,137),1,71
(49,144),1,53
(49,165),1,34
(49,174),1,70
(49,177),1,76
(49,178),1,78
(49,182),1,44
(49,188),1,98
(49,190),1,53
(49,192),1,14
(50,13),1,9
(50,15),1,97
(50,17),1,4
(50,27),1,51
(50,37),1,91
(50,42),1,64
(50,47),1,38
(50,71),1,50
(50,82),1,97
(50,87),1,75
(50,89),1,37
(50,124),1,80
(50,131),1,6
(50,133),1,10
(50,150),1,23
(50,185),1,8
(50,195),1,95
(51,9),1,46
(51,49),1,36
(51,59),1,45
(51,60),1,91
(51,70),1,80
(51,73),1,75
(51,78),1,14
(51,110),1,96
(51,116),1,39
(51,121),1,26
(51,124),1,5
(51,128),1,6
(51,137),1,61
(51,141),1,35
(51,150),1,91
(51,154),1,45
(51,156),1,37
(51,167),1,69
(51,191),1,81
(51,196),1,63
(52,1),1,40
(52,17),1,98
(52,20),1,92
(52,31),1,23
(52,36),1,11
(52,41),1,22
(52,42),1,20
(52,50),1,78
(52,63),1,14
(52,76),1,42
(52,78),1,47
(52,95),1,62
(52,115),1,87
(52,118),1,3
(52,123),1,57
(52,137),1,85
(52,154),1,83
(52,158),1,9
(52,167),1,43
(52,178),1,91
(52,188),1,100
(52,193),1,26
(52,196),1,71
(53,0),1,58
(53,8),1,78
(53,11),1,45
(53,32),1,23
(53,34),1,27
(53,38),1,46
(53,39),1,64
(53,46),1,4
(53,82),1,27
(53,86),1,83
(53,94),1,95
(53,99),1,19
(53,102),1,62
(53,117),1,73
(53,119),1,40
(53,122),1,45
(53,134),1,14
(53,150),1,42
(53,153),1,14
(53,159),1,60
(53,161),1,62
(53,166),1,100
(53,172),1,97
(53,174),1,100
(53,187),1,68
(54,22),1,90
(54,25),1,13
(54,38),1,62
(54,53),1,33
(54,63),1,88
(54,69),1,92
(54,71),1,59
(54,78),1,67
(54,97),1,96
(54,115),1,13
(54,119),1,45
(54,120),1,72
(54,128),1,63
(54,131),1,42
(54,140),1,4
(54,151),1,39
(54,154),1,78
(54,167),1,7
(54,176),1,81
(54,185),1,61
(54,190),1,23
(55,0),1,59
(55,17),1,26
(55,27),1,54
(55,60),1,89
(55,61),1,15
(55,74),1,48
(55,78),1,100
(55,87),1,16
(55,92),1,3
(55,110),1,56
(55,111),1,53
(55,113),1,39
(55,117),1,91
(55,135),1,37
(55,136),1,26
(55,143),1,56
(55,155),1,2
(55,159),1,13
(55,167),1,13
(55,178),1,95
(55,195),1,92
(55,199),1,10
(56,6),1,7
(56,10),1,23
(56,11),1,11
(56,13),1,48
(56,19),1,92
(56,20),1,1
(56,28),1,58
(56,41),1,74
(56,44),1,20
(56,55),1,80
(56,61),1,53
(56,65),1,45
(56,66),1,64
(56,87),1,98
(56,88),1,40
(56,89),1,14
(56,98),1,10
(56,105),1,13
(56,108),1,45
(56,115),1,9
(56,116),1,76
(56,124),1,66
(56,134),1,61
(56,148),1,58
(56,153),1,22
(56,160),1,87
(56,170),1,67
(56,178),1,15
(56,181),1,12
(56,187),1,39
(56,191),1,54
(57,2),1,21
(57,17),1,50
(57,36),1,75
(57,38),1,76
(57,60),1,11
(57,78),1,45
(57,80),1,74
(57,98),1,10
(57,104),1,64
(57,112),1,53
(57,115),1,84
(57,118),1,78
(57,128),1,67
(57,129),1,29
(57,143),1,91
(57,146),1,82
(57,166),1,41
(57,168),1,22
(57,174),1,56
(57,178),1,58
(57,179),1,16
(57,189),1,33
(57,194),1,49
(58,7),1,73
(58,8),1,68
(58,19),1,38
(58,20),1,59
(58,30),1,16
(58,32),1,53
(58,48),1,95
(58,53),1,34
(58,88),1,31
(58,89),1,54
(58,101),1,10
(58,115),1,25
(58,119),1,37
(58,136),1,38
(58,142),1,65
(58,152),1,65
(58,160),1,42
(58,163),1,80
(58,179),1,59
(59,28),1,49
(59,41),1,73
(59,53),1,21
(59,61),1,65
(59,80),1,36
(59,82),1,60
(59,98),1,98
(59,100),1,68
(59,122),1,80
(59,125),1,35
(59,126),1,47
(59,127),1,20
(59,128),1,92
(59,155),1,39
(59,162),1,48
(59,167),1,38
(59,172),1,20
(59,174),1,72
(59,178),1,78
(59,179),1,2
(60,5),1,86
(60,9),1,26
(60,12),1,97
(60,21),1,41
(60,26),1,29
(60,31),1,64
(60,34),1,94
(60,37),1,43
(60,43),1,95
(60,52),1,71
(60,92),1,72
(60,96),1,13
(60,97),1,25
(60,124),1,72
(60,136),1,11
(60,137),1,91
(60,169),1,59
(60,185),1,75
(60,190),1,59
(61,0),1,9
(61,7),1,47
(61,21),1,43
(61,40),1,99
(61,43),1,57
(61,51),1,73
(61,66),1,5
(61,69),1,48
(61,70),1,58
(61,88),1,95
(61,121),1,33
(61,124),1,51
(61,127),1,20
(61,130),1,59
(61,140),1,80
(61,144),1,12
(61,148),1,96
(61,156),1,25
(61,168),1,62
(61,192),1,11
(62,3),1,44
(62,15),1,49
(62,24),1,20
(62,26),1,51
(62,35),1,76
(62,37),1,51
(62,43),1,4
(62,78),1,65
(62,90),1,53
(62,93),1,34
(62,105),1,38
(62,112),1,80
(62,119),1,12
(62,181),1,92
(62,186),1,30
(62,188),1,49
(63,1),1,22
(63,8),1,91
(63,15),1,5
(63,19),1,99
(63,24),1,41
(63,33),1,24
(63,35),1,57
(63,46),1,20
(63,65),1,90
(63,70),1,44
(63,71),1,44
(63,72),1,10
(63,73),1,65
(63,83),1,99
(63,85),1,66
(63,104),1,74
(63,112),1,7
(63,117),1,60
(63,124),1,81
(63,151),1,15
(63,153),1,16
(63,154),1,82
(63,158),1,40
(63,190),1,20
(64,7),1,54
(64,14),1,14
(64,17),1,17
(64,29),1,93
(64,42),1,62
(64,49),1,29
(64,76),1,22
(64,89),1,97
(64,98),1,73
(64,129),1,63
(64,131),1,35
(64,149),1,26
(64,182),1,97
(64,190),1,37
(64,192),1,19
(64,194),1,24
(65,1),1,12
(65,15),1,6
(65,21),1,25
(65,30),1,89
(65,31),1,5
(65,49),1,79
(65,54),1,57
(65,56),1,73
(65,57),1,2
(65,64),1,77
(65,67),1,15
(65,74),1,45
(65,80),1,10
(65,92),1,53
(65,96),1,78
(65,111),1,70
(65,120),1,51
(65,128),1,69
(65,156),1,81
(65,165),1,42
(65,181),1,70
(65,185),1,31
(65,188),1,79
(65,191),1,1
(65,196),1,63
(66,13),1,8
(66,16),1,81
(66,26),1,86
(66,33),1,74
(66,34),1,0
(66,35),1,24
(66,46),1,94
(66,78),1,48
(66,113),1,94
(66,115),1,29
(66,124),1,97
(66,125),1,6
(66,129),1,16
(66,146),1,85
(66,147),1,10
(66,156),1,16
(66,163),1,0
(66,176),1,45
(66,185),1,12
(66,189),1,32
(67,4),1,93
(67,32),1,12
(67,36),1,88
(67,51),1,9
(67,64),1,23
(67,66),1,20
(67,80),1,31
(67,86),1,43
(67,90),1,76
(67,94),1,67
(67,96),1,93
(67,128),1,81
(67,135),1,37
(67,148),1,99
(67,159),1,0
(67,167),1,82
(67,173),1,14
(67,183),1,12
(67,187),1,31
(67,191),1,61
(67,193),1,28
(68,22),1,71
(68,30),1,12
(68,49),1,27
(68,51),1,55
(68,55),1,27
(68,64),1,86
(68,72),1,94
(68,74),1,20
(68,102),1,95
(68,106),1,60
(68,165),1,83
(68,166),1,5
(68,172),1,43
(68,174),1,10
(68,175),1,65
(68,181),1,62
(68,183),1,47
(69,5),1,52
(69,14),1,22
(69,19),1,29
(69,33),1,74
(69,42),1,54
(69,58),1,98
(69,64),1,70
(69,94),1,60
(69,118),1,29
(69,119),1,87
(69,121),1,96
(69,139),1,78
(69,144),1,6
(69,152),1,0
(69,162),1,100
(69,196),1,64
(70,2),1,32
(70,4),1,63
(70,16),1,73
(70,18),1,64
(70,21),1,97
(70,32),1,71
(70,35),1,22
(70,39),1,11
(70,49),1,75
(70,53),1,48
(70,58),1,5
(70,66),1,28
(70,67),1,12
(70,75),1,46
(70,79),1,78
(70,107),1,20
(70,122),1,67
(70,156),1,35
(70,162),1,1
(70,170),1,87
(70,172),1,99
(70,183),1,96
(70,185),1,43
(70,192),1,54
(71,6),1,53
(71,8),1,63
(71,39),1,38
(71,56),1,12
(71,62),1,60
(71,63),1,29
(71,92),1,55
(71,117),1,27
(71,130),1,81
(71,134),1,37
(71,154),1,70
(71,163),1,67
(71,166),1,92
(71,196),1,58
(71,198),1,56
(72,0),1,0
(72,1),1,4
(72,6),1,58
(72,17),1,91
(72,40),1,21
(72,60),1,65
(72,69),1,58
(72,77),1,13
(72,84),1,59
(72,85),1,90
(72,90),1,22
(72,95),1,3
(72,111),1,83
(72,115),1,90
(72,119),1,55
(72,132),1,13
(72,142),1,24
(72,146),1,90
(72,149),1,42
(72,163),1,16
(72,165),1,26
(72,185),1,92
(72,188),1,11
(72,192),1,83
(73,0),1,45
(73,3),1,69
(73,9),1,19
(73,23),1,64
(73,25),1,41
(73,45),1,97
(73,53),1,77
(73,54),1,26
(73,60),1,81
(73,69),1,34
(73,90),1,54
(73,92),1,11
(73,107),1,74
(73,110),1,92
(73,112),1,26
(73,115),1,4
(73,120),1,58
(73,125),1,89
(73,132),1,17
(73,140),1,97
(73,148),1,71
(73,161),1,90
(73,172),1,78
(73,178),1,64
(73,194),1,78
(73,197),1,10
(74,0),1,10
(74,6),1,7
(74,7),1,2
(74,8),1,7
(74,36),1,87
(74,40),1,73
(74,41),1,83
(74,46),1,7
(74,52),1,67
(74,63),1,78
(74,76),1,29
(74,79),1,7
(74,108),1,20
(74,128),1,45
(74,148),1,70
(74,153),1,85
(74,163),1,3
(74,178),1,66
(74,199),1,98
(75,0),1,50
(75,14),1,86
(75,31),1,2
(75,44),1,12
(75,90),1,23
(75,91),1,77
(75,95),1,32
(75,100),1,97
(75,107),1,80
(75,108),1,47
(75,127),1,47
(75,135),1,25
(75,152),1,65
(75,170),1,94
(75,177),1,24
(75,191),1,79
(76,0),1,91
(76,3),1,90
(76,24),1,40
(76,37),1,90
(76,38),1,33
(76,61),1,50
(76,78),1,70
(76,87),1,98
(76,100),1,23
(76,101),1,52
(76,103),1,5
(76,109),1,49
(76,112),1,42
(76,114),1,79
(76,150),1,93
(76,159),1,76
(76,160),1,57
(76,169),1,91
(76,179),1,16
(76,186),1,23
(77,27),1,69
(77,62),1,98
(77,67),1,79
(77,74),1,21
(77,79),1,22
(77,80),1,48
(77,85),1,46
(77,98),1,95
(77,102),1,8
(77,104),1,9
(77,109),1,23
(77,112),1,83
(77,116),1,52
(77,150),1,45
(77,151),1,42
(77,152),1,94
(77,162),1,12
(77,165),1,5
(78,5),1,48
(78,22),1,51
(78,28),1,82
(78,35),1,80
(78,36),1,34
(78,38),1,100
(78,41),1,61
(78,49),1,36
(78,52),1,87
(78,53),1,47
(78,54),1,27
(78,56),1,65
(78,58),1,62
(78,88),1,32
(78,90),1,13
(78,110),1,38
(78,117),1,96
(78,121),1,59
(78,127),1,22
(78,129),1,14
(78,143),1,21
(78,147),1,74
(78,151),1,20
(78,154),1,74
(78,155),1,73
(78,164),1,76
(78,169),1,13
(78,188),1,20
(78,192),1,31
(79,2),1,36
(79,24),1,80
(79,53),1,19
(79,61),1,76
(79,69),1,80
(79,71),1,63
(79,83),1,51
(79,96),1,69
(79,97),1,74
(79,99),1,78
(79,102),1,17
(79,106),1,93
(79,108),1,90
(79,129),1,7
(79,132),1,69
(79,134),1,86
(79,154),1,48
(79,193),1,65
(80,4),1,75
(80,13),1,49
(80,15),1,66
(80,25),1,17
(80,36),1,34
(80,39),1,70
(80,49),1,85
(80,55),1,28
(80,56),1,8
(80,67),1,71
(80,74),1,80
(80,88),1,70
(80,98),1,92
(80,108),1,55
(80,112),1,1
(80,113),1,83
(80,142),1,91
(80,160),1,32
(80,170),1,36
(80,179),1,63
(80,181),1,21
(80,194),1,88
(81,11),1,61
(81,17),1,63
(81,24),1,20
(81,30),1,35
(81,40),1,5
(81,49),1,56
(81,59),1,47
(81,60),1,17
(81,61),1,44
(81,65),1,22
(81,92),1,76
(81,93),1,27
(81,98),1,66
(81,101),1,1
(81,103),1,100
(81,105),1,98
(81,108),1,86
(81,112),1,57
(81,113),1,7
(81,116),1,100
(81,127),1,71
(81,130),1,0
(81,131),1,79
(81,149),1,71
(81,162),1,2
(81,172),1,77
(81,180),1,88
(81,183),1,51
(82,7),1,92
(82,19),1,4
(82,24),1,64
(82,33),1,75
(82,34),1,49
(82,42),1,46
(82,46),1,29
(82,58),1,54
(82,65),1,65
(82,77),1,97
(82,121),1,42
(82,143),1,80
(82,151),1,91
(82,154),1,91
(82,156),1,40
(82,159),1,42
(82,164),1,80
(83,6),1,49
(83,18),1,69
(83,45),1,76
(83,50),1,54
(83,74),1,61
(83,80),1,95
(83,104),1,57
(83,128),1,29
(83,138),1,44
(83,169),1,34
(83,181),1,98
(83,189),1,4
(83,195),1,47
(84,2),1,56
(84,10),1,82
(84,13),1,13
(84,25),1,2
(84,40),1,89
(84,59),1,47
(84,64),1,17
(84,73),1,15
(84,110),1,16
(84,112),1,20
(84,124),1,38
(84,139),1,2
(84,147),1,18
(84,162),1,82
(84,166),1,12
(84,172),1,63
(84,182),1,85
(84,187),1,72
(85,2),1,99
(85,10),1,76
(85,27),1,35
(85,52),1,51
(85,55),1,90
(85,61),1,48
(85,64),1,79
(85,89),1,37
(85,114),1,60
(85,115),1,91
(85,117),1,15
(85,129),1,93
(85,139),1,20
(85,143),1,25
(85,156),1,6
(85,169),1,31
(85,188),1,8
(85,190),1,91
(85,192),1,3
(86,7),1,18
(86,43),1,38
(86,51),1,75
(86,58),1,79
(86,83),1,32
(86,84),1,87
(86,127),1,86
(86,131),1,88
(86,135),1,63
(86,142),1,43
(86,146),1,87
(86,158),1,69
(86,165),1,73
(87,11),1,0
(87,13),1,67
(87,33),1,88
(87,39),1,12
(87,40),1,51
(87,42),1,39
(87,45),1,87
(87,51),1,21
(87,57),1,52
(87,58),1,64
(87,59),1,87
(87,64),1,90
(87,81),1,92
(87,82),1,7
(87,88),1,57
(87,91),1,100
(87,105),1,40
(87,109),1,33
(87,118),1,48
(87,124),1,75
(87,160),1,4
(87,176),1,99
(88,0),1,95
(88,51),1,45
(88,53),1,22
(88,68),1,75
(88,73),1,75
(88,76),1,41
(88,82),1,34
(88,93),1,36
(88,129),1,40
(88,134),1,36
(88,141),1,39
(88,150),1,78
(88,155),1,49
(88,156),1,45
(88,168),1,34
(88,170),1,30
(88,182),1,82
(88,186),1,87
(88,189),1,90
(88,192),1,63
(89,10),1,12
(89,14),1,95
(89,15),1,25
(89,25),1,38
(89,31),1,78
(89,48),1,74
(89,51),1,76
(89,65),1,93
(89,69),1,19
(89,76),1,72
(89,79),1,8
(89,81),1,35
(89,96),1,7
(89,106),1,77
(89,112),1,70
(89,115),1,35
(89,116),1,1
(89,120),1,37
(89,122),1,86
(89,130),1,74
(89,134),1,30
(89,146),1,82
(89,149),1,21
(89,154),1,53
(89,160),1,52
(89,169),1,18
(89,174),1,87
(89,188),1,62
(89,193),1,30
(89,197),1,68
(90,8),1,54
(90,10),1,20
(90,11),1,42
(90,14),1,15
(90,16),1,93
(90,20),1,32
(90,24),1,39
(90,29),1,21
(90,33),1,61
(90,40),1,33
(90,48),1,23
(90,72),1,52
(90,81),1,59
(90,88),1,42
(90,89),1,29
(90,92),1,87
(90,106),1,20
(90,108),1,41
(90,110),1,84
(90,114),1,12
(90,115),1,95
(90,117),1,87
(90,132),1,12
(90,152),1,73
(90,171),1,100
(90,181),1,16
(90,189),1,71
(91,43),1,46
(91,44),1,33
(91,52),1,55
(91,60),1,7
(91,68),1,71
(91,96),1,76
(91,100),1,79
(91,101),1,13
(91,102),1,34
(91,115),1,58
(91,122),1,81
(91,137),1,26
(91,141),1,22
(91,150),1,83
(91,157),1,72
(91,186),1,85
(91,191),1,92
(92,17),1,75
(92,19),1,66
(92,29),1,52
(92,31),1,84
(92,38),1,80
(92,40),1,28
(92,43),1,43
(92,47),1,9
(92,49),1,78
(92,52),1,33
(92,53),1,50
(92,67),1,6
(92,71),1,54
(92,79),1,85
(92,94),1,98
(92,98),1,65
(92,99),1,7
(92,122),1,88
(92,130),1,34
(92,132),1,14
(92,137),1,99
(92,140),1,78
(92,146),1,19
(92,148),1,48
(92,155),1,35
(92,162),1,82
(92,177),1,24
(92,180),1,13
(92,184),1,19
(93,0),1,6
(93,20),1,4
(93,21),1,40
(93,25),1,41
(93,33),1,59
(93,46),1,78
(93,53),1,99
(93,63),1,7
(93,72),1,64
(93,73),1,99
(93,77),1,59
(93,86),1,93
(93,111),1,74
(93,135),1,57
(93,136),1,5
(93,137),1,6
(93,145),1,14
(93,153),1,95
(93,158),1,17
(93,162),1,47
(93,175),1,54
(93,177),1,66
(93,189),1,27
(93,197),1,32
(94,9),1,32
(94,13),1,49
(94,15),1,39
(94,17),1,13
(94,29),1,75
(94,30),1,91
(94,31),1,48
(94,39),1,10
(94,41),1,48
(94,48),1,57
(94,82),1,22
(94,86),1,71
(94,89),1,17
(94,92),1,40
(94,96),1,69
(94,101),1,58
(94,106),1,52
(94,110),1,53
(94,112),1,41
(94,114),1,47
(94,115),1,90
(94,123),1,36
(94,129),1,53
(94,156),1,92
(94,157),1,83
(94,159),1,89
(94,166),1,60
(94,179),1,64
(94,184),1,99
(94,189),1,38
(95,1),1,59
(95,14),1,21
(95,27),1,85
(95,37),1,0
(95,50),1,1
(95,68),1,35
(95,72),1,49
(95,89),1,31
(95,100),1,13
(95,128),1,95
(95,141),1,46
(95,150),1,52
(95,154),1,8
(95,162),1,97
(95,165),1,83
(95,189),1,24
(95,192),1,70
(96,6),1,70
(96,9),1,88
(96,10),1,29
(96,11),1,51
(96,12),1,71
(96,19),1,83
(96,20),1,51
(96,28),1,19
(96,57),1,17
(96,69),1,8
(96,76),1,2
(96,88),1,70
(96,115),1,60
(96,120),1,2
(96,164),1,16
(96,175),1,98
(96,178),1,37
(96,184),1,28
(96,190),1,1
(97,4),1,40
(97,15),1,74
(97,19),1,52
(97,24),1,7
(97,36),1,24
(97,54),1,16
(97,56),1,73
(97,62),1,10
(97,69),1,26
(97,73),1,15
(97,78),1,78
(97,82),1,70
(97,83),1,9
(97,89),1,4
(97,90),1,37
(97,122),1,41
(97,149),1,14
(97,152),1,51
(97,162),1,57
(97,180),1,6
(97,194),1,89
(98,8),1,58
(98,23),1,92
(98,26),1,96
(98,27),1,83
(98,29),1,51
(98,36),1,94
(98,37),1,10
(98,52),1,84
(98,61),1,30
(98,67),1,58
(98,93),1,74
(98,116),1,36
(98,118),1,64
(98,120),1,99
(98,129),1,3
(98,130),1,1
(98,135),1,59
(98,140),1,71
(98,147),1,77
(98,148),1,34
(98,155),1,21
(98,156),1,15
(98,170),1,55
(98,175),1,96
(98,196),1,53
(99,3),1,5
(99,9),1,19
(99,11),1,32
(99,22),1,81
(99,27),1,80
(99,42),1,12
(99,43),1,37
(99,46),1,18
(99,64),1,11
(99,67),1,56
(99,71),1,77
(99,92),1,65
(99,103),1,63
(99,104),1,35
(99,107),1,21
(99,111),1,100
(99,129),1,42
(99,164),1,2
(99,171),1,77
(99,172),1,94
(99,176),1,22
(100,1),1,12
(100,5),1,32
(100,6),1,27
(100,18),1,22
(100,28),1,68
(100,39),1,26
(100,40),1,51
(100,44),1,70
(100,86),1,6
(100,87),1,72
(100,91),1,1
(100,101),1,39
(100,106),1,91
(100,118),1,68
(100,127),1,85
(100,139),1,42
(100,140),1,53
(100,158),1,17
(100,166),1,95
(100,172),1,30
(100,178),1,67
(100,179),1,69
(100,180),1,64
(100,194),1,38
(101,9),1,73
(101,12),1,42
(101,17),1,59
(101,21),1,67
(101,37),1,4
(101,39),1,47
(101,53),1,37
(101,61),1,84
(101,79),1,33
(101,85),1,80
(101,107),1,98
(101,125),1,37
(101,131),1,83
(101,163),1,45
(101,169),1,40
(101,187),1,73
(101,197),1,43
(102,9),1,2
(102,12),1,87
(102,16),1,43
(102,22),1,91
(102,31),1,29
(102,48),1,42
(102,55),1,62
(102,66),1,61
(102,77),1,0
(102,88),1,96
(102,100),1,52
(102,112),1,15
(102,151),1,26
(102,165),1,17
(102,171),1,79
(102,192),1,54
(103,18),1,24
(103,22),1,59
(103,24),1,24
(103,34),1,99
(103,37),1,33
(103,58),1,11
(103,62),1,79
(103,91),1,66
(103,99),1,8
(103,108),1,20
(103,123),1,56
(103,128),1,57
(103,132),1,36
(103,134),1,78
(103,151),1,49
(103,153),1,47
(103,165),1,22
(103,166),1,55
(104,0),1,69
(104,2),1,14
(104,10),1,16
(104,19),1,24
(104,74),1,77
(104,79),1,81
(104,80),1,18
(104,86),1,54
(104,91),1,11
(104,124),1,23
(104,134),1,32
(104,135),1,33
(104,141),1,84
(104,142),1,58
(104,145),1,25
(104,147),1,83
(104,161),1,81
(104,165),1,48
(104,169),1,84
(104,193),1,24
(105,1),1,41
(105,11),1,20
(105,30),1,7
(105,32),1,13
(105,48),1,77
(105,61),1,19
(105,76),1,63
(105,77),1,28
(105,102),1,68
(105,103),1,21
(105,104),1,80
(105,139),1,51
(105,143),1,11
(105,155),1,82
(105,159),1,28
(105,167),1,16
(105,175),1,83
(105,184),1,19
(105,191),1,82
(105,197),1,49
(105,199),1,55
(106,1),1,17
(106,3),1,28
(106,7),1,69
(106,10),1,85
(106,31),1,1
(106,40),1,19
(106,41),1,85
(106,42),1,1
(106,54),1,45
(106,65),1,29
(106,69),1,61
(106,76),1,49
(106,77),1,82
(106,78),1,54
(106,96),1,76
(106,101),1,16
(106,107),1,77
(106,133),1,21
(106,144),1,33
(106,147),1,16
(106,151),1,47
(106,158),1,37
(106,160),1,91
(106,166),1,49
(106,187),1,33
(107,43),1,21
(107,56),1,35
(107,58),1,79
(107,70),1,23
(107,71),1,32
(107,73),1,24
(107,87),1,79
(107,94),1,62
(107,99),1,85
(107,140),1,32
(107,144),1,1
(107,148),1,84
(107,164),1,95
(107,187),1,71
(108,16),1,45
(108,28),1,78
(108,38),1,94
(108,81),1,65
(108,96),1,52
(108,105),1,50
(108,107),1,29
(108,110),1,45
(108,120),1,22
(108,155),1,53
(108,158),1,17
(108,163),1,14
(108,164),1,28
(108,179),1,68
(108,180),1,64
(108,194),1,88
(109,22),1,46
(109,36),1,48
(109,43),1,17
(109,51),1,3
(109,64),1,84
(109,65),1,45
(109,68),1,69
(109,69),1,46
(109,72),1,76
(109,89),1,49
(109,96),1,91
(109,108),1,66
(109,115),1,4
(109,125),1,86
(109,141),1,32
(109,153),1,15
(109,166),1,80
(109,168),1,74
(109,177),1,42
(109,181),1,20
(109,187),1,75
(109,188),1,2
(109,193),1,65
(109,196),1,53
(110,1),1,63
(110,10),1,69
(110,14),1,45
(110,17),1,33
(110,27),1,22
(110,35),1,89
(110,51),1,14
(110,72),1,89
(110,76),1,3
(110,99),1,94
(110,101),1,26
(110,141),1,86
(110,142),1,97
(110,158),1,99
(110,168),1,89
(110,170),1,40
(110,189),1,85
(110,193),1,46
(111,1),1,43
(111,9),1,21
(111,30),1,71
(111,38),1,84
(111,42),1,71
(111,48),1,84
(111,58),1,71
(111,64),1,50
(111,68),1,27
(111,70),1,33
(111,72),1,33
(111,74),1,9
(111,84),1,22
(111,96),1,6
(111,98),1,48
(111,101),1,8
(111,113),1,25
(111,123),1,63
(111,124),1,28
(111,136),1,64
(111,146),1,67
(111,148),1,70
(111,155),1,54
(111,166),1,48
(111,172),1,8
(111,185),1,5
(111,188),1,22
(111,190),1,61
(111,198),1,77
(112,1),1,75
(112,2),1,1
(112,15),1,47
(112,16),1,49
(112,23),1,52
(112,29),1,1
(112,34),1,80
(112,39),1,6
(112,43),1,67
(112,52),1,35
(112,60),1,79
(112,75),1,18
(112,79),1,99
(112,81),1,76
(112,84),1,43
(112,85),1,45
(112,122),1,44
(112,124),1,38
(112,133),1,45
(112,141),1,78
(112,144),1,3
(112,146),1,87
(112,152),1,7
(112,173),1,57
(112,178),1,54
(113,6),1,22
(113,18),1,79
(113,23),1,25
(113,35),1,4
(113,41),1,98
(113,59),1,63
(113,93),1,91
(113,109),1,65
(113,115),1,51
(113,130),1,74
(113,140),1,26
(113,144),1,85
(113,164),1,74
(113,185),1,90
(113,199),1,70
(114,2),1,43
(114,3),1,87
(114,14),1,47
(114,21),1,79
(114,26),1,80
(114,47),1,84
(114,54),1,97
(114,65),1,10
(114,73),1,86
(114,84),1,83
(114,92),1,0
(114,104),1,58
(114,105),1,32
(114,130),1,37
(114,131),1,93
(114,142),1,87
(114,145),1,56
(114,160),1,93
(114,168),1,95
(114,183),1,42
(114,187),1,34
(115,21),1,9
(115,23),1,18
(115,29),1,79
(115,47),1,89
(115,52),1,72
(115,53),1,20
(115,61),1,33
(115,71),1,0
(115,83),1,71
(115,84),1,41
(115,89),1,18
(115,93),1,30
(115,107),1,35
(115,112),1,93
(115,130),1,48
(115,139),1,49
(115,149),1,13
(115,154),1,79
(115,155),1,55
(115,161),1,99
(115,178),1,4
(115,184),1,72
(115,185),1,89
(115,189),1,55
(116,5),1,87
(116,26),1,2
(116,37),1,35
(116,45),1,52
(116,46),1,2
(116,50),1,72
(116,59),1,17
(116,61),1,47
(116,69),1,45
(116,84),1,96
(116,85),1,21
(116,97),1,92
(116,125),1,64
(116,128),1,89
(116,150),1,35
(116,154),1,66
(116,155),1,5
(116,159),1,13
(116,166),1,89
(116,167),1,84
(116,174),1,44
(116,180),1,51
(116,185),1,90
(116,187),1,63
(116,199),1,17
(117,37),1,100
(117,43),1,59
(117,56),1,30
(117,59),1,5
(117,96),1,37
(117,98),1,77
(117,99),1,14
(117,101),1,36
(117,112),1,61
(117,116),1,54
(117,147),1,84
(117,154),1,32
(117,164),1,94
(117,186),1,47
(117,194),1,57
(118,18),1,23
(118,22),1,51
(118,23),1,59
(118,33),1,21
(118,38),1,33
(118,42),1,36
(118,43),1,47
(118,50),1,7
(118,72),1,87
(118,74),1,64
(118,81),1,0
(118,90),1,82
(118,95),1,72
(118,107),1,41
(118,130),1,17
(118,152),1,40
(118,162),1,37
(118,166),1,38
(118,171),1,20
(118,184),1,53
(119,1),1,94
(119,3),1,12
(119,4),1,95
(119,9),1,100
(119,10),1,1
(119,28),1,37
(119,29),1,75
(119,57),1,5
(119,59),1,32
(119,83),1,66
(119,84),1,35
(119,87),1,93
(119,102),1,93
(119,114),1,84
(119,115),1,59
(119,117),1,73
(119,127),1,44
(119,135),1,32
(119,139),1,55
(119,141),1,10
(119,180),1,17
(119,183),1,56
(120,9),1,89
(120,13),1,1
(120,20),1,90
(120,28),1,63
(120,40),1,55
(120,47),1,0
(120,55),1,54
(120,71),1,72
(120,74),1,50
(120,105),1,79
(120,111),1,75
(120,114),1,49
(120,119),1,19
(120,121),1,86
(120,134),1,66
(120,138),1,25
(120,177),1,79
(120,180),1,85
(121,4),1,61
(121,22),1,78
(121,40),1,73
(121,41),1,99
(121,42),1,63
(121,46),1,65
(121,67),1,99
(121,69),1,8
(121,70),1,86
(121,71),1,43
(121,74),1,46
(121,80),1,38
(121,82),1,39
(121,83),1,51
(121,93),1,66
(121,110),1,79
(121,117),1,33
(121,136),1,62
(121,157),1,87
(121,167),1,76
(121,172),1,44
(121,177),1,37
(121,180),1,13
(121,186),1,96
(121,198),1,98
(122,0),1,1
(122,4),1,42
(122,11),1,57
(122,20),1,57
(122,25),1,61
(122,47),1,77
(122,71),1,51
(122,78),1,11
(122,81),1,54
(122,89),1,23
(122,94),1,83
(122,107),1,60
(122,115),1,35
(122,117),1,7
(122,130),1,27
(122,134),1,70
(122,149),1,38
(122,165),1,45
(123,11),1,90
(123,27),1,30
(123,29),1,11
(123,52),1,89
(123,54),1,50
(123,61),1,65
(123,87),1,69
(123,89),1,66
(123,92),1,44
(123,96),1,4
(123,101),1,68
(123,122),1,13
(123,128),1,41
(123,130),1,72
(123,147),1,58
(123,148),1,12
(123,156),1,39
(123,158),1,2
(123,185),1,1
(123,198),1,94
(124,26),1,19
(124,33),1,100
(124,50),1,4
(124,73),1,71
(124,82),1,22
(124,96),1,38
(124,115),1,45
(124,116),1,68
(124,125),1,37
(124,126),1,68
(124,148),1,61
(124,154),1,19
(124,158),1,97
(124,167),1,86
(124,196),1,30
(124,199),1,83
(125,0),1,31
(125,18),1,33
(125,28),1,38
(125,32),1,33
(125,34),1,10
(125,40),1,7
(125,52),1,29
(125,54),1,29
(125,57),1,66
(125,64),1,39
(125,73),1,67
(125,77),1,22
(125,95),1,24
(125,96),1,61
(125,113),1,48
(125,126),1,29
(125,127),1,37
(125,143),1,70
(125,155),1,87
(125,158),1,2
(125,159),1,58
(125,165),1,40
(125,169),1,76
(125,170),1,53
(125,181),1,13
(125,184),1,79
(125,188),1,56
(126,2),1,14
(126,25),1,40
(126,45),1,57
(126,77),1,23
(126,98),1,2
(126,104),1,21
(126,118),1,28
(126,121),1,28
(126,124),1,58
(126,130),1,84
(126,135),1,71
(126,138),1,67
(126,139),1,5
(126,143),1,41
(126,148),1,23
(126,149),1,50
(126,153),1,90
(126,176),1,85
(126,191),1,36
(127,13),1,61
(127,18),1,12
(127,22),1,86
(127,33),1,86
(127,35),1,34
(127,56),1,92
(127,62),1,18
(127,77),1,60
(127,80),1,29
(127,86),1,61
(127,91),1,87
(127,93),1,41
(127,105),1,50
(127,107),1,69
(127,117),1,39
(127,119),1,12
(127,129),1,40
(127,138),1,24
(127,144),1,29
(127,145),1,9
(127,147),1,53
(127,148),1,86
(127,150),1,32
(127,167),1,24
(127,183),1,57
(128,2),1,23
(128,12),1,59
(128,16),1,85
(128,26),1,74
(128,27),1,56
(128,28),1,87
(128,41),1,79
(128,63),1,66
(128,74),1,92
(128,76),1,23
(128,83),1,64
(128,91),1,52
(128,106),1,62
(128,109),1,21
(128,112),1,83
(128,136),1,24
(128,137),1,7
(128,147),1,14
(128,152),1,8
(128,161),1,55
(128,170),1,77
(128,175),1,88
(128,193),1,6
(129,36),1,93
(129,45),1,69
(129,62),1,82
(129,107),1,24
(129,108),1,30
(129,125),1,48
(129,127),1,99
(129,154),1,98
(129,173),1,71
(129,181),1,29
(129,183),1,98
(130,4),1,88
(130,8),1,23
(130,14),1,28
(130,19),1,63
(130,33),1,50
(130,77),1,95
(130,80),1,2
(130,90),1,20
(130,127),1,79
(130,138),1,5
(130,161),1,94
(130,172),1,56
(130,174),1,38
(130,179),1,73
(130,181),1,30
(130,184),1,56
(130,188),1,95
(130,191),1,58
(130,192),1,66
(130,198),1,13
(131,13),1,54
(131,23),1,62
(131,44),1,67
(131,48),1,21
(131,50),1,42
(131,54),1,25
(131,77),1,51
(131,105),1,53
(131,128),1,6
(131,134),1,89
(131,136),1,20
(131,141),1,84
(131,144),1,35
(131,168),1,96
(131,174),1,79
(131,187),1,25
(132,0),1,67
(132,26),1,29
(132,27),1,15
(132,28),1,65
(132,34),1,7
(132,57),1,85
(132,67),1,51
(132,83),1,24
(132,105),1,87
(132,133),1,95
(132,161),1,66
(132,164),1,33
(132,176),1,7
(132,178),1,56
(132,180),1,6
(132,183),1,14
(132,187),1,89
(132,189),1,70
(132,190),1,57
(133,2),1,56
(133,12),1,16
(133,17),1,27
(133,21),1,60
(133,25),1,100
(133,27),1,13
(133,56),1,74
(133,57),1,95
(133,64),1,71
(133,69),1,85
(133,70),1,22
(133,73),1,71
(133,85),1,26
(133,117),1,88
(133,127),1,71
(133,130),1,84
(133,144),1,51
(133,146),1,95
(133,162),1,4
(133,164),1,77
(133,165),1,22
(133,175),1,100
(133,177),1,25
(133,191),1,35
(134,8),1,2
(134,13),1,59
(134,34),1,29
(134,36),1,64
(134,77),1,12
(134,94),1,30
(134,120),1,96
(134,138),1,42
(134,144),1,44
(134,152),1,63
(134,155),1,46
(134,159),1,74
(134,164),1,59
(134,168),1,99
(134,170),1,8
(134,185),1,92
(134,197),1,45
(135,18),1,90
(135,20),1,36
(135,35),1,52
(135,41),1,73
(135,45),1,95
(135,46),1,86
(135,49),1,56
(135,63),1,19
(135,64),1,23
(135,81),1,19
(135,82),1,65
(135,84),1,84
(135,90),1,23
(135,97),1,4
(135,105),1,91
(135,110),1,55
(135,133),1,89
(135,154),1,3
(135,157),1,24
(135,172),1,92
(135,192),1,49
(136,1),1,16
(136,3),1,100
(136,5),1,14
(136,23),1,79
(136,43),1,79
(136,48),1,7
(136,75),1,63
(136,77),1,18
(136,78),1,30
(136,90),1,4
(136,96),1,95
(136,116),1,90
(136,117),1,30
(136,128),1,92
(136,140),1,2
(136,141),1,14
(136,145),1,3
(136,154),1,64
(136,156),1,18
(136,174),1,67
(136,190),1,1
(136,195),1,57
(136,196),1,75
(137,22),1,38
(137,24),1,72
(137,28),1,74
(137,39),1,94
(137,41),1,73
(137,42),1,40
(137,44),1,66
(137,51),1,37
(137,54),1,16
(137,66),1,12
(137,70),1,85
(137,74),1,3
(137,87),1,59
(137,97),1,3
(137,112),1,8
(137,118),1,1
(137,126),1,65
(137,167),1,66
(137,170),1,26
(137,172),1,84
(138,6),1,6
(138,11),1,28
(138,29),1,27
(138,30),1,13
(138,33),1,22
(138,35),1,99
(138,49),1,74
(138,52),1,20
(138,54),1,44
(138,57),1,28
(138,64),1,81
(138,69),1,89
(138,79),1,3
(138,97),1,22
(138,131),1,18
(138,132),1,51
(138,140),1,23
(138,153),1,8
(138,162),1,29
(138,166),1,98
(138,174),1,86
(138,189),1,70
(138,191),1,37
(138,195),1,79
(139,16),1,41
(139,52),1,57
(139,60),1,45
(139,66),1,76
(139,74),1,41
(139,83),1,95
(139,85),1,2
(139,92),1,27
(139,109),1,81
(139,112),1,7
(139,124),1,26
(139,138),1,76
(139,141),1,52
(139,161),1,47
(139,174),1,19
(139,178),1,91
(140,2),1,69
(140,4),1,92
(140,10),1,25
(140,18),1,57
(140,23),1,91
(140,28),1,77
(140,29),1,47
(140,37),1,42
(140,58),1,69
(140,81),1,13
(140,82),1,88
(140,84),1,44
(140,97),1,65
(140,120),1,24
(140,127),1,48
(140,135),1,77
(140,137),1,44
(140,155),1,67
(140,168),1,1
(140,180),1,97
(140,181),1,20
(140,188),1,38
(140,192),1,60
(141,1),1,78
(141,2),1,11
(141,3),1,30
(141,15),1,69
(141,19),1,88
(141,29),1,93
(141,53),1,83
(141,54),1,4
(141,60),1,20
(141,62),1,93
(141,65),1,24
(141,81),1,57
(141,94),1,70
(141,98),1,46
(141,101),1,20
(141,128),1,29
(141,154),1,79
(141,165),1,23
(141,167),1,12
(141,172),1,91
(141,182),1,37
(141,189),1,1
(141,190),1,83
(142,11),1,8
(142,14),1,6
(142,25),1,24
(142,26),1,23
(142,29),1,46
(142,31),1,55
(142,33),1,89
(142,39),1,70
(142,45),1,67
(142,80),1,57
(142,83),1,68
(142,86),1,80
(142,92),1,54
(142,110),1,60
(142,116),1,28
(142,119),1,24
(142,126),1,55
(142,132),1,7
(142,139),1,77
(142,150),1,8
(142,157),1,38
(142,174),1,32
(142,199),1,37
(143,36),1,10
(143,48),1,73
(143,49),1,4
(143,64),1,92
(143,76),1,18
(143,79),1,38
(143,92),1,63
(143,94),1,4
(143,103),1,72
(143,104),1,61
(143,105),1,31
(143,128),1,56
(143,132),1,10
(143,142),1,94
(143,144),1,32
(143,156),1,19
(143,166),1,56
(143,172),1,37
(143,177),1,95
(143,178),1,79
(144,9),1,29
(144,53),1,52
(144,56),1,75
(144,57),1,58
(144,85),1,55
(144,95),1,85
(144,105),1,99
(144,107),1,91
(144,115),1,55
(144,125),1,49
(144,137),1,54
(144,146),1,43
(144,150),1,5
(144,156),1,67
(144,168),1,82
(144,169),1,84
(144,176),1,70
(144,199),1,89
(145,8),1,43
(145,43),1,34
(145,81),1,45
(145,90),1,13
(145,92),1,3
(145,107),1,85
(145,152),1,12
(145,161),1,31
(145,169),1,36
(145,195),1,66
(146,4),1,62
(146,6),1,21
(146,18),1,54
(146,39),1,47
(146,44),1,87
(146,49),1,77
(146,50),1,42
(146,67),1,72
(146,69),1,43
(146,74),1,21
(146,83),1,54
(146,109),1,94
(146,113),1,77
(146,123),1,65
(146,126),1,4
(146,128),1,90
(146,131),1,83
(146,154),1,89
(146,160),1,93
(146,163),1,44
(147,10),1,45
(147,16),1,46
(147,21),1,57
(147,33),1,22
(147,46),1,69
(147,77),1,22
(147,79),1,93
(147,90),1,57
(147,93),1,83
(147,136),1,24
(147,139),1,71
(147,143),1,48
(147,144),1,76
(147,151),1,100
(147,165),1,91
(147,170),1,67
(147,173),1,96
(147,177),1,32
(148,2),1,6
(148,5),1,56
(148,11),1,20
(148,19),1,62
(148,34),1,42
(148,38),1,60
(148,39),1,18
(148,55),1,78
(148,89),1,33
(148,93),1,93
(148,96),1,94
(148,107),1,14
(148,110),1,14
(148,113),1,79
(148,116),1,83
(148,138),1,19
(148,152),1,51
(148,159),1,75
(148,161),1,0
(148,174),1,14
(148,177),1,71
(148,190),1,4
(149,6),1,29
(149,10),1,11
(149,24),1,73
(149,27),1,30
(149,30),1,17
(149,32),1,79
(149,52),1,73
(149,55),1,5
(149,74),1,55
(149,82),1,56
(149,85),1,39
(149,95),1,7
(149,102),1,74
(149,121),1,62
(149,126),1,29
(149,134),1,25
(149,142),1,48
(149,148),1,82
(149,152),1,71
(149,155),1,30
(149,174),1,98
(149,176),1,61
(149,183),1,59
(150,41),1,70
(150,42),1,66
(150,44),1,1
(150,70),1,97
(150,71),1,11
(150,96),1,85
(150,98),1,22
(150,113),1,63
(150,136),1,66
(150,156),1,87
(150,189),1,70
(150,192),1,40
(150,199),1,98
(151,8),1,38
(151,14),1,12
(151,24),1,16
(151,25),1,45
(151,32),1,38
(151,38),1,32
(151,48),1,92
(151,50),1,89
(151,54),1,26
(151,60),1,56
(151,106),1,24
(151,108),1,71
(151,113),1,52
(151,156),1,34
(151,157),1,44
(151,173),1,72
(151,176),1,47
(151,179),1,23
(151,181),1,9
(151,195),1,70
(152,0),1,86
(152,4),1,49
(152,9),1,32
(152,26),1,51
(152,30),1,96
(152,40),1,82
(152,47),1,0
(152,51),1,17
(152,56),1,43
(152,62),1,24
(152,66),1,91
(152,74),1,61
(152,81),1,5
(152,83),1,68
(152,98),1,12
(152,101),1,38
(152,104),1,85
(152,114),1,8
(152,128),1,40
(152,136),1,66
(152,149),1,65
(152,165),1,62
(153,7),1,58
(153,21),1,80
(153,30),1,87
(153,35),1,20
(153,39),1,32
(153,73),1,90
(153,85),1,78
(153,115),1,99
(153,129),1,50
(153,135),1,35
(153,170),1,35
(153,182),1,12
(154,28),1,82
(154,35),1,84
(154,38),1,84
(154,41),1,57
(154,58),1,62
(154,61),1,34
(154,62),1,92
(154,65),1,64
(154,66),1,59
(154,69),1,37
(154,83),1,20
(154,85),1,10
(154,91),1,9
(154,117),1,37
(154,133),1,26
(154,193),1,41
(155,21),1,41
(155,36),1,10
(155,39),1,83
(155,45),1,5
(155,71),1,4
(155,80),1,97
(155,89),1,97
(155,93),1,54
(155,126),1,15
(155,143),1,14
(155,145),1,77
(155,159),1,21
(155,169),1,8
(155,177),1,21
(155,196),1,26
(156,19),1,65
(156,26),1,40
(156,32),1,65
(156,55),1,95
(156,59),1,14
(156,67),1,49
(156,94),1,57
(156,98),1,77
(156,101),1,82
(156,102),1,37
(156,116),1,92
(156,123),1,17
(156,127),1,53
(156,143),1,19
(156,152),1,6
(156,160),1,18
(156,162),1,94
(157,1),1,8
(157,6),1,51
(157,20),1,44
(157,21),1,15
(157,25),1,36
(157,32),1,4
(157,35),1,29
(157,38),1,23
(157,57),1,29
(157,61),1,72
(157,63),1,33
(157,67),1,16
(157,73),1,71
(157,77),1,37
(157,113),1,33
(157,123),1,34
(157,133),1,27
(157,137),1,40
(157,145),1,55
(157,154),1,59
(157,167),1,64
(158,5),1,52
(158,32),1,73
(158,62),1,62
(158,63),1,48
(158,64),1,23
(158,66),1,36
(158,70),1,27
(158,78),1,58
(158,79),1,73
(158,94),1,95
(158,100),1,17
(158,103),1,15
(158,118),1,17
(158,127),1,61
(158,143),1,84
(158,148),1,80
(158,152),1,94
(158,153),1,68
(158,154),1,99
(158,162),1,67
(158,171),1,41
(158,174),1,89
(158,185),1,30
(158,188),1,27
(158,191),1,35
(159,7),1,99
(159,10),1,70
(159,15),1,54
(159,24),1,50
(159,26),1,97
(159,39),1,9
(159,49),1,50
(159,63),1,71
(159,65),1,45
(159,66),1,44
(159,101),1,97
(159,112),1,70
(159,121),1,39
(159,145),1,49
(159,146),1,27
(159,163),1,0
(159,165),1,54
(159,177),1,61
(159,179),1,72
(159,193),1,96
(160,17),1,1
(160,21),1,41
(160,27),1,51
(160,34),1,23
(160,39),1,64
(160,47),1,18
(160,61),1,99
(160,70),1,87
(160,88),1,84
(160,99),1,92
(160,101),1,24
(160,107),1,23
(160,113),1,8
(160,145),1,60
(160,155),1,35
(160,165),1,69
(160,170),1,58
(160,173),1,63
(160,191),1,67
(161,14),1,87
(161,27),1,99
(161,28),1,57
(161,37),1,38
(161,45),1,94
(161,60),1,16
(161,63),1,5
(161,66),1,7
(161,83),1,95
(161,93),1,58
(161,94),1,32
(161,103),1,56
(161,163),1,88
(161,180),1,15
(162,17),1,48
(162,23),1,88
(162,24),1,59
(162,25),1,44
(162,48),1,4
(162,54),1,96
(162,61),1,65
(162,63),1,89
(162,68),1,46
(162,69),1,12
(162,82),1,99
(162,122),1,26
(162,124),1,16
(162,128),1,51
(162,130),1,34
(162,131),1,48
(162,137),1,5
(162,144),1,4
(162,145),1,34
(162,151),1,35
(162,158),1,70
(162,164),1,21
(162,175),1,87
(162,191),1,92
(162,196),1,30
(163,10),1,39
(163,25),1,87
(163,29),1,27
(163,30),1,66
(163,32),1,55
(163,48),1,39
(163,50),1,24
(163,57),1,64
(163,71),1,61
(163,76),1,45
(163,78),1,17
(163,80),1,75
(163,90),1,87
(163,98),1,86
(163,103),1,32
(163,109),1,58
(163,114),1,51
(163,130),1,83
(163,134),1,8
(163,158),1,28
(163,168),1,69
(163,171),1,6
(163,172),1,16
(163,175),1,66
(163,190),1,48
(163,198),1,14
(164,30),1,50
(164,40),1,39
(164,72),1,35
(164,75),1,65
(164,143),1,77
(164,150),1,83
(164,160),1,88
(164,165),1,51
(164,182),1,41
(164,184),1,28
(164,195),1,48
(165,6),1,13
(165,8),1,100
(165,11),1,17
(165,12),1,2
(165,36),1,29
(165,45),1,55
(165,53),1,96
(165,74),1,31
(165,79),1,1
(165,91),1,53
(165,92),1,8
(165,118),1,54
(165,128),1,53
(165,142),1,27
(165,145),1,43
(165,153),1,66
(166,3),1,24
(166,4),1,16
(166,16),1,25
(166,33),1,85
(166,50),1,78
(166,53),1,30
(166,67),1,90
(166,88),1,24
(166,90),1,30
(166,91),1,72
(166,96),1,99
(166,101),1,3
(166,144),1,6
(166,149),1,70
(166,153),1,35
(166,158),1,20
(166,159),1,51
(166,172),1,50
(166,177),1,56
(166,183),1,85
(166,199),1,74
(167,10),1,20
(167,18),1,81
(167,51),1,22
(167,70),1,73
(167,79),1,32
(167,80),1,75
(167,83),1,62
(167,84),1,38
(167,86),1,100
(167,124),1,40
(167,128),1,32
(167,129),1,100
(167,143),1,20
(167,159),1,60
(167,172),1,98
(167,174),1,37
(167,192),1,98
(167,198),1,89
(168,0),1,94
(168,6),1,4
(168,20),1,6
(168,45),1,48
(168,52),1,52
(168,99),1,15
(168,100),1,16
(168,124),1,19
(168,149),1,24
(168,172),1,92
(168,195),1,21
(168,198),1,68
(169,8),1,97
(169,14),1,20
(169,31),1,3
(169,32),1,17
(169,38),1,98
(169,54),1,44
(169,66),1,63
(169,91),1,49
(169,98),1,78
(169,101),1,62
(169,103),1,91
(169,124),1,27
(169,129),1,59
(169,133),1,6
(169,138),1,6
(169,140),1,0
(169,146),1,23
(169,157),1,10
(169,159),1,50
(169,171),1,53
(169,175),1,17
(169,179),1,79
(169,187),1,16
(169,188),1,8
(169,190),1,31
(170,10),1,2
(170,33),1,57
(170,40),1,63
(170,46),1,94
(170,51),1,52
(170,71),1,22
(170,78),1,0
(170,103),1,19
(170,108),1,87
(170,123),1,44
(170,133),1,66
(170,142),1,35
(170,151),1,13
(170,156),1,35
(170,169),1,73
(170,173),1,66
(170,177),1,14
(170,186),1,10
(170,196),1,78
(171,32),1,72
(171,45),1,34
(171,57),1,46
(171,67),1,31
(171,72),1,17
(171,96),1,8
(171,100),1,3
(171,108),1,60
(171,116),1,59
(171,127),1,92
(171,146),1,62
(171,152),1,9
(171,154),1,22
(171,173),1,84
(171,178),1,41
(171,182),1,62
(171,188),1,57
(171,193),1,89
(171,195),1,55
(172,4),1,70
(172,5),1,12
(172,23),1,5
(172,29),1,80
(172,37),1,53
(172,53),1,88
(172,66),1,51
(172,72),1,44
(172,87),1,27
(172,95),1,57
(172,105),1,25
(172,120),1,29
(172,138),1,46
(172,143),1,16
(172,162),1,7
(172,165),1,28
(172,174),1,54
(172,176),1,49
(172,190),1,61
(172,198),1,61
(173,21),1,2
(173,43),1,54
(173,58),1,20
(173,66),1,73
(173,67),1,29
(173,88),1,60
(173,105),1,76
(173,111),1,93
(173,112),1,58
(173,113),1,78
(173,132),1,24
(173,134),1,22
(173,135),1,89
(173,136),1,98
(173,141),1,42
(173,145),1,65
(173,171),1,68
(173,190),1,79
(174,28),1,64
(174,41),1,16
(174,47),1,20
(174,51),1,95
(174,59),1,80
(174,61),1,20
(174,67),1,21
(174,79),1,60
(174,82),1,6
(174,83),1,94
(174,106),1,39
(174,112),1,45
(174,114),1,90
(174,116),1,48
(174,144),1,68
(174,158),1,70
(174,161),1,61
(174,166),1,16
(174,179),1,1
(174,186),1,37
(175,1),1,8
(175,12),1,68
(175,19),1,22
(175,20),1,53
(175,60),1,8
(175,61),1,63
(175,69),1,96
(175,77),1,89
(175,87),1,27
(175,88),1,13
(175,89),1,85
(175,94),1,17
(175,109),1,85
(175,110),1,93
(175,112),1,42
(175,115),1,7
(175,124),1,41
(175,129),1,1
(175,131),1,87
(175,141),1,27
(175,163),1,54
(175,183),1,92
(175,190),1,62
(175,192),1,48
(175,198),1,44
(176,1),1,25
(176,4),1,30
(176,17),1,65
(176,21),1,35
(176,22),1,63
(176,26),1,19
(176,31),1,59
(176,36),1,75
(176,56),1,62
(176,103),1,7
(176,106),1,85
(176,121),1,28
(176,148),1,90
(176,162),1,25
(176,174),1,35
(176,180),1,83
(176,181),1,58
(176,187),1,25
(176,190),1,31
(177,7),1,25
(177,37),1,35
(177,38),1,37
(177,42),1,43
(177,54),1,18
(177,59),1,97
(177,76),1,15
(177,84),1,9
(177,95),1,8
(177,99),1,10
(177,103),1,5
(177,111),1,0
(177,120),1,87
(177,130),1,14
(177,145),1,20
(177,146),1,89
(177,171),1,41
(177,179),1,61
(178,1),1,48
(178,3),1,35
(178,4),1,89
(178,10),1,47
(178,22),1,33
(178,36),1,76
(178,37),1,4
(178,48),1,71
(178,80),1,83
(178,87),1,73
(178,100),1,26
(178,105),1,74
(178,111),1,40
(178,131),1,14
(178,154),1,82
(178,168),1,49
(178,174),1,75
(178,182),1,19
(179,31),1,99
(179,48),1,56
(179,55),1,54
(179,64),1,11
(179,68),1,96
(179,72),1,21
(179,76),1,97
(179,82),1,11
(179,90),1,100
(179,92),1,24
(179,102),1,29
(179,124),1,9
(179,136),1,88
(179,143),1,13
(179,153),1,86
(179,162),1,68
(179,173),1,59
(179,191),1,3
(179,193),1,96
(179,197),1,87
(179,199),1,35
(180,4),1,30
(180,5),1,9
(180,18),1,39
(180,42),1,93
(180,45),1,98
(180,49),1,6
(180,65),1,61
(180,77),1,75
(180,87),1,89
(180,88),1,52
(180,103),1,2
(180,111),1,64
(180,115),1,43
(180,116),1,53
(180,128),1,85
(180,139),1,100
(180,141),1,26
(180,159),1,20
(180,197),1,91
(181,2),1,65
(181,15),1,87
(181,17),1,89
(181,32),1,27
(181,49),1,9
(181,55),1,99
(181,57),1,59
(181,63),1,24
(181,73),1,61
(181,109),1,66
(181,111),1,48
(181,151),1,43
(181,155),1,15
(181,159),1,15
(181,163),1,96
(181,177),1,0
(181,184),1,36
(181,188),1,3
(181,189),1,46
(182,5),1,15
(182,11),1,53
(182,12),1,84
(182,23),1,28
(182,85),1,54
(182,95),1,2
(182,118),1,37
(182,134),1,100
(182,140),1,5
(182,141),1,85
(182,147),1,0
(182,154),1,11
(182,165),1,12
(182,174),1,77
(182,175),1,71
(182,176),1,74
(182,180),1,61
(182,186),1,13
(182,190),1,8
(182,191),1,93
(182,193),1,15
(182,199),1,90
(183,37),1,65
(183,39),1,48
(183,44),1,78
(183,56),1,81
(183,72),1,63
(183,78),1,98
(183,90),1,41
(183,107),1,13
(183,113),1,93
(183,135),1,36
(183,140),1,2
(183,148),1,87
(183,160),1,41
(183,164),1,1
(183,189),1,10
(183,198),1,2
(184,0),1,69
(184,2),1,23
(184,15),1,50
(184,21),1,87
(184,28),1,68
(184,35),1,90
(184,38),1,68
(184,41),1,74
(184,68),1,44
(184,96),1,18
(184,102),1,83
(184,103),1,93
(184,109),1,67
(184,118),1,33
(184,119),1,76
(184,140),1,96
(184,145),1,43
(184,164),1,40
(184,170),1,28
(184,192),1,47
(184,199),1,37
(185,3),1,17
(185,6),1,7
(185,21),1,21
(185,31),1,66
(185,32),1,53
(185,39),1,34
(185,42),1,21
(185,48),1,66
(185,61),1,59
(185,65),1,61
(185,70),1,46
(185,89),1,95
(185,93),1,63
(185,157),1,60
(185,160),1,99
(185,181),1,73
(185,182),1,63
(185,193),1,34
(185,195),1,82
(186,0),1,98
(186,15),1,16
(186,20),1,7
(186,21),1,39
(186,22),1,81
(186,30),1,66
(186,36),1,87
(186,38),1,91
(186,43),1,13
(186,45),1,93
(186,103),1,42
(186,105),1,32
(186,121),1,2
(186,137),1,90
(186,150),1,15
(186,153),1,9
(186,159),1,15
(186,164),1,15
(186,166),1,92
(186,187),1,88
(187,10),1,23
(187,23),1,69
(187,32),1,96
(187,51),1,52
(187,55),1,68
(187,69),1,14
(187,80),1,37
(187,94),1,40
(187,104),1,29
(187,112),1,59
(187,115),1,32
(187,123),1,65
(187,134),1,9
(187,142),1,70
(187,154),1,53
(187,159),1,50
(187,161),1,56
(187,172),1,96
(187,174),1,16
(187,181),1,34
(188,6),1,91
(188,10),1,73
(188,20),1,83
(188,24),1,62
(188,25),1,70
(188,40),1,59
(188,43),1,98
(188,51),1,48
(188,95),1,66
(188,105),1,85
(188,108),1,33
(188,118),1,12
(188,125),1,35
(188,155),1,64
(188,166),1,21
(188,195),1,2
(188,198),1,65
(189,0),1,18
(189,1),1,4
(189,9),1,23
(189,17),1,48
(189,19),1,64
(189,43),1,48
(189,80),1,0
(189,88),1,5
(189,89),1,25
(189,97),1,2
(189,111),1,86
(189,115),1,17
(189,125),1,47
(189,137),1,39
(189,150),1,90
(189,175),1,50
(189,180),1,53
(189,193),1,63
(189,196),1,28
(190,0),1,89
(190,16),1,65
(190,28),1,29
(190,29),1,100
(190,30),1,53
(190,36),1,9
(190,38),1,19
(190,45),1,25
(190,57),1,97
(190,96),1,15
(190,101),1,93
(190,104),1,40
(190,134),1,81
(190,145),1,85
(190,152),1,64
(190,156),1,42
(190,165),1,40
(190,166),1,90
(190,177),1,6
(190,182),1,36
(190,188),1,85
(190,199),1,39
(191,2),1,80
(191,20),1,19
(191,24),1,83
(191,30),1,19
(191,34),1,93
(191,41),1,77
(191,56),1,31
(191,67),1,91
(191,74),1,82
(191,75),1,83
(191,110),1,21
(191,114),1,72
(191,118),1,15
(191,131),1,94
(191,132),1,29
(191,138),1,60
(191,146),1,25
(191,159),1,36
(191,178),1,48
(191,179),1,60
(191,188),1,44
(191,192),1,29
(191,194),1,51
(192,13),1,90
(192,24),1,1
(192,32),1,55
(192,60),1,92
(192,74),1,2
(192,80),1,48
(192,83),1,25
(192,85),1,78
(192,97),1,21
(192,104),1,36
(192,109),1,86
(192,127),1,87
(192,129),1,5
(192,130),1,32
(192,134),1,14
(192,153),1,44
(192,154),1,57
(192,157),1,37
(192,162),1,2
(192,164),1,57
(192,167),1,74
(192,189),1,62
(192,194),1,56
(192,196),1,41
(193,7),1,30
(193,25),1,3
(193,27),1,38
(193,45),1,60
(193,46),1,60
(193,56),1,62
(193,64),1,30
(193,80),1,9
(193,84),1,17
(193,104),1,0
(193,109),1,48
(193,127),1,31
(193,135),1,91
(193,151),1,42
(193,156),1,81
(193,160),1,0
(193,179),1,96
(193,192),1,76
(193,195),1,16
(193,198),1,62
(194,49),1,96
(194,50),1,3
(194,56),1,61
(194,60),1,37
(194,64),1,93
(194,67),1,66
(194,68),1,97
(194,92),1,70
(194,109),1,14
(194,110),1,47
(194,112),1,8
(194,123),1,96
(194,131),1,97
(194,134),1,27
(194,147),1,72
(194,148),1,100
(194,162),1,10
(194,164),1,98
(194,184),1,33
(194,191),1,99
(195,6),1,95
(195,13),1,40
(195,28),1,49
(195,29),1,11
(195,54),1,56
(195,58),1,91
(195,59),1,80
(195,60),1,76
(195,86),1,87
(195,88),1,51
(195,98),1,22
(195,108),1,25
(195,109),1,17
(195,117),1,26
(195,125),1,34
(195,130),1,44
(195,132),1,97
(195,161),1,85
(195,167),1,86
(195,175),1,46
(195,184),1,3
(195,192),1,86
(195,193),1,70
(196,0),1,91
(196,13),1,8
(196,15),1,51
(196,16),1,15
(196,29),1,79
(196,38),1,89
(196,45),1,88
(196,46),1,95
(196,64),1,0
(196,67),1,63
(196,74),1,10
(196,94),1,33
(196,98),1,84
(196,104),1,47
(196,126),1,7
(196,144),1,39
(196,157),1,81
(196,161),1,7
(196,180),1,92
(196,188),1,31
(197,15),1,9
(197,21),1,45
(197,27),1,73
(197,29),1,44
(197,36),1,94
(197,45),1,18
(197,49),1,93
(197,56),1,46
(197,78),1,17
(197,84),1,89
(197,95),1,4
(197,98),1,39
(197,108),1,21
(197,133),1,63
(197,138),1,82
(197,149),1,81
(197,157),1,46
(197,166),1,5
(197,178),1,74
(197,191),1,2
(197,198),1,84
(198,2),1,28
(198,3),1,57
(198,13),1,97
(198,23),1,23
(198,26),1,13
(198,40),1,79
(198,55),1,48
(198,61),1,39
(198,62),1,41
(198,65),1,48
(198,68),1,12
(198,75),1,20
(198,100),1,16
(198,101),1,18
(198,129),1,74
(198,146),1,94
(198,149),1,35
(198,152),1,80
(198,159),1,100
(198,164),1,58
(198,191),1,25
(199,2),1,35
(199,27),1,92
(199,31),1,66
(199,35),1,47
(199,58),1,83
(199,61),1,56
(199,71),1,99
(199,91),1,42
(199,92),1,1
(199,100),1,89
(199,105),1,79
(199,125),1,5
(199,131),1,23
(199,133),1,31
(199,134),1,64
(199,159),1,0
(199,174),1,60
