Nr_Pairs = 200
Nr_NDD = 0
Nr_Arcs = 3939
0,0,0,0,0
1,0,0,0,0
2,0,0,0,0
3,0,0,0,0
4,0,0,0,0
5,0,0,0,0
6,0,0,0,0
7,0,0,0,0
8,0,0,0,0
9,0,0,0,0
10,0,0,0,0
11,0,0,0,0
12,0,0,0,0
13,0,0,0,0
14,0,0,0,0
15,0,0,0,0
16,0,0,0,0
17,0,0,0,0
18,0,0,0,0
19,0,0,0,0
20,0,0,0,0
21,0,0,0,0
22,0,0,0,0
23,0,0,0,0
24,0,0,0,0
25,0,0,0,0
26,0,0,0,0
27,0,0,0,0
28,0,0,0,0
29,0,0,0,0
30,0,0,0,0
31,0,0,0,0
32,0,0,0,0
33,0,0,0,0
34,0,0,0,0
35,0,0,0,0
36,0,0,0,0
37,0,0,0,0
38,0,0,0,0
39,0,0,0,0
40,0,0,0,0
41,0,0,0,0
42,0,0,0,0
43,0,0,0,0
44,0,0,0,0
45,0,0,0,0
46,0,0,0,0
47,0,0,0,0
48,0,0,0,0
49,0,0,0,0
50,0,0,0,0
51,0,0,0,0
52,0,0,0,0
53,0,0,0,0
54,0,0,0,0
55,0,0,0,0
56,0,0,0,0
57,0,0,0,0
58,0,0,0,0
59,0,0,0,0
60,0,0,0,0
61,0,0,0,0
62,0,0,0,0
63,0,0,0,0
64,0,0,0,0
65,0,0,0,0
66,0,0,0,0
67,0,0,0,0
68,0,0,0,0
69,0,0,0,0
70,0,0,0,0
71,0,0,0,0
72,0,0,0,0
73,0,0,0,0
74,0,0,0,0
75,0,0,0,0
76,0,0,0,0
77,0,0,0,0
78,0,0,0,0
79,0,0,0,0
80,0,0,0,0
81,0,0,0,0
82,0,0,0,0
83,0,0,0,0
84,0,0,0,0
85,0,0,0,0
86,0,0,0,0
87,0,0,0,0
88,0,0,0,0
89,0,0,0,0
90,0,0,0,0
91,0,0,0,0
92,0,0,0,0
93,0,0,0,0
94,0,0,0,0
95,0,0,0,0
96,0,0,0,0
97,0,0,0,0
98,0,0,0,0
99,0,0,0,0
100,0,0,0,0
101,0,0,0,0
102,0,0,0,0
103,0,0,0,0
104,0,0,0,0
105,0,0,0,0
106,0,0,0,0
107,0,0,0,0
108,0,0,0,0
109,0,0,0,0
110,0,0,0,0
111,0,0,0,0
112,0,0,0,0
113,0,0,0,0
114,0,0,0,0
115,0,0,0,0
116,0,0,0,0
117,0,0,0,0
118,0,0,0,0
119,0,0,0,0
120,0,0,0,0
121,0,0,0,0
122,0,0,0,0
123,0,0,0,0
124,0,0,0,0
125,0,0,0,0
126,0,0,0,0
127,0,0,0,0
128,0,0,0,0
129,0,0,0,0
130,0,0,0,0
131,0,0,0,0
132,0,0,0,0
133,0,0,0,0
134,0,0,0,0
135,0,0,0,0
136,0,0,0,0
137,0,0,0,0
138,0,0,0,0
139,0,0,0,0
140,0,0,0,0
141,0,0,0,0
142,0,0,0,0
143,0,0,0,0
144,0,0,0,0
145,0,0,0,0
146,0,0,0,0
147,0,0,0,0
148,0,0,0,0
149,0,0,0,0
150,0,0,0,0
151,0,0,0,0
152,0,0,0,0
153,0,0,0,0
154,0,0,0,0
155,0,0,0,0
156,0,0,0,0
157,0,0,0,0
158,0,0,0,0
159,0,0,0,0
160,0,0,0,0
161,0,0,0,0
162,0,0,0,0
163,0,0,0,0
164,0,0,0,0
165,0,0,0,0
166,0,0,0,0
167,0,0,0,0
168,0,0,0,0
169,0,0,0,0
170,0,0,0,0
171,0,0,0,0
172,0,0,0,0
173,0,0,0,0
174,0,0,0,0
175,0,0,0,0
176,0,0,0,0
177,0,0,0,0
178,0,0,0,0
179,0,0,0,0
180,0,0,0,0
181,0,0,0,0
182,0,0,0,0
183,0,0,0,0
184,0,0,0,0
185,0,0,0,0
186,0,0,0,0
187,0,0,0,0
188,0,0,0,0
189,0,0,0,0
190,0,0,0,0
191,0,0,0,0
192,0,0,0,0
193,0,0,0,0
194,0,0,0,0
195,0,0,0,0
196,0,0,0,0
197,0,0,0,0
198,0,0,0,0
199,0,0,0,0
(0,26),1,1
(0,33),1,1
(0,41),1,1
(0,45),1,1
(0,52),1,1
(0,67),1,1
(0,87),1,1
(0,90),1,1
(0,96),1,1
(0,104),1,1
(0,112),1,1
(0,130),1,1
(0,131),1,1
(0,134),1,1
(0,157),1,1
(0,168),1,1
(0,183),1,1
(1,16),1,1
(1,21),1,1
(1,36),1,1
(1,38),1,1
(1,41),1,1
(1,43),1,1
(1,53),1,1
(1,62),1,1
(1,68),1,1
(1,73),1,1
(1,120),1,1
(1,121),1,1
(1,137),1,1
(1,154),1,1
(1,160),1,1
(1,175),1,1
(1,179),1,1
(2,0),1,1
(2,18),1,1
(2,25),1,1
(2,32),1,1
(2,36),1,1
(2,38),1,1
(2,43),1,1
(2,51),1,1
(2,72),1,1
(2,82),1,1
(2,96),1,1
(2,98),1,1
(2,104),1,1
(2,110),1,1
(2,114),1,1
(2,124),1,1
(2,148),1,1
(2,158),1,1
(2,170),1,1
(2,173),1,1
(2,176),1,1
(2,178),1,1
(2,187),1,1
(2,196),1,1
(3,10),1,1
(3,29),1,1
(3,39),1,1
(3,67),1,1
(3,71),1,1
(3,73),1,1
(3,97),1,1
(3,106),1,1
(3,125),1,1
(3,131),1,1
(3,153),1,1
(3,160),1,1
(3,168),1,1
(3,176),1,1
(4,30),1,1
(4,36),1,1
(4,42),1,1
(4,47),1,1
(4,60),1,1
(4,67),1,1
(4,71),1,1
(4,74),1,1
(4,84),1,1
(4,101),1,1
(4,109),1,1
(4,113),1,1
(4,114),1,1
(4,121),1,1
(4,127),1,1
(4,128),1,1
(4,141),1,1
(4,142),1,1
(4,144),1,1
(4,175),1,1
(5,1),1,1
(5,10),1,1
(5,19),1,1
(5,37),1,1
(5,41),1,1
(5,67),1,1
(5,69),1,1
(5,77),1,1
(5,84),1,1
(5,106),1,1
(5,126),1,1
(5,127),1,1
(5,132),1,1
(5,143),1,1
(5,151),1,1
(5,167),1,1
(5,168),1,1
(5,170),1,1
(5,189),1,1
(5,196),1,1
(6,30),1,1
(6,43),1,1
(6,45),1,1
(6,59),1,1
(6,61),1,1
(6,63),1,1
(6,64),1,1
(6,68),1,1
(6,106),1,1
(6,107),1,1
(6,130),1,1
(6,139),1,1
(6,143),1,1
(6,146),1,1
(6,147),1,1
(6,148),1,1
(6,153),1,1
(6,159),1,1
(6,164),1,1
(6,170),1,1
(6,182),1,1
(6,184),1,1
(6,192),1,1
(7,10),1,1
(7,45),1,1
(7,64),1,1
(7,68),1,1
(7,69),1,1
(7,84),1,1
(7,92),1,1
(7,93),1,1
(7,96),1,1
(7,108),1,1
(7,111),1,1
(7,112),1,1
(7,113),1,1
(7,121),1,1
(7,125),1,1
(7,141),1,1
(7,179),1,1
(7,183),1,1
(7,186),1,1
(7,190),1,1
(7,192),1,1
(8,3),1,1
(8,4),1,1
(8,7),1,1
(8,10),1,1
(8,12),1,1
(8,21),1,1
(8,33),1,1
(8,42),1,1
(8,59),1,1
(8,62),1,1
(8,106),1,1
(8,108),1,1
(8,127),1,1
(8,130),1,1
(8,140),1,1
(8,150),1,1
(8,162),1,1
(8,166),1,1
(8,170),1,1
(8,181),1,1
(8,186),1,1
(8,190),1,1
(8,197),1,1
(9,3),1,1
(9,6),1,1
(9,8),1,1
(9,26),1,1
(9,29),1,1
(9,33),1,1
(9,38),1,1
(9,42),1,1
(9,49),1,1
(9,51),1,1
(9,53),1,1
(9,60),1,1
(9,64),1,1
(9,66),1,1
(9,77),1,1
(9,82),1,1
(9,101),1,1
(9,105),1,1
(9,109),1,1
(9,110),1,1
(9,116),1,1
(9,126),1,1
(9,131),1,1
(9,136),1,1
(9,149),1,1
(9,150),1,1
(9,158),1,1
(9,173),1,1
(9,179),1,1
(9,197),1,1
(9,199),1,1
(10,8),1,1
(10,17),1,1
(10,26),1,1
(10,35),1,1
(10,42),1,1
(10,48),1,1
(10,63),1,1
(10,69),1,1
(10,70),1,1
(10,78),1,1
(10,107),1,1
(10,126),1,1
(10,133),1,1
(10,137),1,1
(10,141),1,1
(10,156),1,1
(11,6),1,1
(11,8),1,1
(11,19),1,1
(11,28),1,1
(11,31),1,1
(11,32),1,1
(11,36),1,1
(11,52),1,1
(11,54),1,1
(11,55),1,1
(11,57),1,1
(11,66),1,1
(11,74),1,1
(11,107),1,1
(11,131),1,1
(11,135),1,1
(11,144),1,1
(11,158),1,1
(11,175),1,1
(11,179),1,1
(11,180),1,1
(11,197),1,1
(12,4),1,1
(12,6),1,1
(12,19),1,1
(12,23),1,1
(12,26),1,1
(12,30),1,1
(12,33),1,1
(12,42),1,1
(12,48),1,1
(12,64),1,1
(12,68),1,1
(12,95),1,1
(12,105),1,1
(12,148),1,1
(12,165),1,1
(12,166),1,1
(12,172),1,1
(12,192),1,1
(12,194),1,1
(12,195),1,1
(13,0),1,1
(13,5),1,1
(13,7),1,1
(13,8),1,1
(13,37),1,1
(13,42),1,1
(13,47),1,1
(13,56),1,1
(13,74),1,1
(13,75),1,1
(13,88),1,1
(13,97),1,1
(13,105),1,1
(13,117),1,1
(13,140),1,1
(13,141),1,1
(13,142),1,1
(13,156),1,1
(13,160),1,1
(13,178),1,1
(13,179),1,1
(13,185),1,1
(14,5),1,1
(14,6),1,1
(14,34),1,1
(14,50),1,1
(14,54),1,1
(14,64),1,1
(14,65),1,1
(14,70),1,1
(14,78),1,1
(14,84),1,1
(14,93),1,1
(14,100),1,1
(14,112),1,1
(14,120),1,1
(14,130),1,1
(14,135),1,1
(14,176),1,1
(14,188),1,1
(14,196),1,1
(15,11),1,1
(15,16),1,1
(15,23),1,1
(15,26),1,1
(15,30),1,1
(15,40),1,1
(15,52),1,1
(15,59),1,1
(15,66),1,1
(15,102),1,1
(15,120),1,1
(15,125),1,1
(15,150),1,1
(15,158),1,1
(15,160),1,1
(15,165),1,1
(15,171),1,1
(15,174),1,1
(15,191),1,1
(15,198),1,1
(15,199),1,1
(16,6),1,1
(16,9),1,1
(16,23),1,1
(16,48),1,1
(16,69),1,1
(16,76),1,1
(16,81),1,1
(16,84),1,1
(16,96),1,1
(16,98),1,1
(16,100),1,1
(16,130),1,1
(16,148),1,1
(16,165),1,1
(16,169),1,1
(16,175),1,1
(16,177),1,1
(16,186),1,1
(16,189),1,1
(17,10),1,1
(17,12),1,1
(17,19),1,1
(17,25),1,1
(17,37),1,1
(17,52),1,1
(17,76),1,1
(17,87),1,1
(17,97),1,1
(17,99),1,1
(17,107),1,1
(17,123),1,1
(17,147),1,1
(17,154),1,1
(17,160),1,1
(17,171),1,1
(17,186),1,1
(17,197),1,1
(18,7),1,1
(18,14),1,1
(18,16),1,1
(18,26),1,1
(18,39),1,1
(18,42),1,1
(18,50),1,1
(18,52),1,1
(18,87),1,1
(18,91),1,1
(18,93),1,1
(18,99),1,1
(18,110),1,1
(18,113),1,1
(18,125),1,1
(18,143),1,1
(18,144),1,1
(18,161),1,1
(18,165),1,1
(18,166),1,1
(18,194),1,1
(19,15),1,1
(19,21),1,1
(19,31),1,1
(19,38),1,1
(19,42),1,1
(19,46),1,1
(19,69),1,1
(19,81),1,1
(19,92),1,1
(19,95),1,1
(19,101),1,1
(19,105),1,1
(19,122),1,1
(19,167),1,1
(19,189),1,1
(19,192),1,1
(19,194),1,1
(20,6),1,1
(20,15),1,1
(20,24),1,1
(20,41),1,1
(20,45),1,1
(20,63),1,1
(20,65),1,1
(20,78),1,1
(20,86),1,1
(20,102),1,1
(20,112),1,1
(20,122),1,1
(20,130),1,1
(20,140),1,1
(20,141),1,1
(20,165),1,1
(20,186),1,1
(21,1),1,1
(21,69),1,1
(21,89),1,1
(21,91),1,1
(21,107),1,1
(21,113),1,1
(21,124),1,1
(21,128),1,1
(21,141),1,1
(21,148),1,1
(21,159),1,1
(21,164),1,1
(21,173),1,1
(21,179),1,1
(21,180),1,1
(21,184),1,1
(21,197),1,1
(22,5),1,1
(22,44),1,1
(22,53),1,1
(22,58),1,1
(22,93),1,1
(22,105),1,1
(22,113),1,1
(22,140),1,1
(22,150),1,1
(22,168),1,1
(22,171),1,1
(22,172),1,1
(22,175),1,1
(22,177),1,1
(23,0),1,1
(23,2),1,1
(23,4),1,1
(23,13),1,1
(23,49),1,1
(23,59),1,1
(23,60),1,1
(23,62),1,1
(23,67),1,1
(23,69),1,1
(23,70),1,1
(23,79),1,1
(23,80),1,1
(23,88),1,1
(23,116),1,1
(23,119),1,1
(23,142),1,1
(23,157),1,1
(23,166),1,1
(23,169),1,1
(23,179),1,1
(24,8),1,1
(24,10),1,1
(24,22),1,1
(24,41),1,1
(24,42),1,1
(24,45),1,1
(24,54),1,1
(24,72),1,1
(24,89),1,1
(24,108),1,1
(24,121),1,1
(24,126),1,1
(24,127),1,1
(24,129),1,1
(24,131),1,1
(24,138),1,1
(24,148),1,1
(24,152),1,1
(24,173),1,1
(24,174),1,1
(24,190),1,1
(24,194),1,1
(24,195),1,1
(25,5),1,1
(25,20),1,1
(25,53),1,1
(25,54),1,1
(25,61),1,1
(25,65),1,1
(25,96),1,1
(25,97),1,1
(25,104),1,1
(25,118),1,1
(25,139),1,1
(25,154),1,1
(25,162),1,1
(25,164),1,1
(25,171),1,1
(25,190),1,1
(26,23),1,1
(26,35),1,1
(26,74),1,1
(26,84),1,1
(26,91),1,1
(26,104),1,1
(26,106),1,1
(26,115),1,1
(26,141),1,1
(26,147),1,1
(26,152),1,1
(26,168),1,1
(26,185),1,1
(26,187),1,1
(27,1),1,1
(27,10),1,1
(27,13),1,1
(27,17),1,1
(27,60),1,1
(27,70),1,1
(27,99),1,1
(27,122),1,1
(27,125),1,1
(27,128),1,1
(27,146),1,1
(27,153),1,1
(27,161),1,1
(27,163),1,1
(27,164),1,1
(27,171),1,1
(27,173),1,1
(27,183),1,1
(27,185),1,1
(28,9),1,1
(28,12),1,1
(28,21),1,1
(28,32),1,1
(28,36),1,1
(28,37),1,1
(28,44),1,1
(28,59),1,1
(28,68),1,1
(28,94),1,1
(28,110),1,1
(28,117),1,1
(28,128),1,1
(28,140),1,1
(28,148),1,1
(28,162),1,1
(28,164),1,1
(28,166),1,1
(28,175),1,1
(28,184),1,1
(28,192),1,1
(28,196),1,1
(29,7),1,1
(29,8),1,1
(29,16),1,1
(29,22),1,1
(29,24),1,1
(29,28),1,1
(29,33),1,1
(29,51),1,1
(29,63),1,1
(29,72),1,1
(29,78),1,1
(29,81),1,1
(29,98),1,1
(29,102),1,1
(29,103),1,1
(29,104),1,1
(29,113),1,1
(29,128),1,1
(29,132),1,1
(29,160),1,1
(29,163),1,1
(29,168),1,1
(29,175),1,1
(30,13),1,1
(30,29),1,1
(30,51),1,1
(30,56),1,1
(30,75),1,1
(30,82),1,1
(30,87),1,1
(30,90),1,1
(30,93),1,1
(30,123),1,1
(30,136),1,1
(30,138),1,1
(30,155),1,1
(30,171),1,1
(30,180),1,1
(30,181),1,1
(30,193),1,1
(30,194),1,1
(31,2),1,1
(31,10),1,1
(31,32),1,1
(31,42),1,1
(31,43),1,1
(31,52),1,1
(31,76),1,1
(31,96),1,1
(31,105),1,1
(31,107),1,1
(31,140),1,1
(31,156),1,1
(31,164),1,1
(31,165),1,1
(31,186),1,1
(32,1),1,1
(32,5),1,1
(32,13),1,1
(32,16),1,1
(32,47),1,1
(32,49),1,1
(32,59),1,1
(32,68),1,1
(32,75),1,1
(32,76),1,1
(32,79),1,1
(32,82),1,1
(32,97),1,1
(32,107),1,1
(32,112),1,1
(32,118),1,1
(32,130),1,1
(32,138),1,1
(32,143),1,1
(32,155),1,1
(32,179),1,1
(32,191),1,1
(33,26),1,1
(33,56),1,1
(33,58),1,1
(33,64),1,1
(33,91),1,1
(33,94),1,1
(33,95),1,1
(33,114),1,1
(33,122),1,1
(33,130),1,1
(33,134),1,1
(33,142),1,1
(33,145),1,1
(33,148),1,1
(33,149),1,1
(33,176),1,1
(34,8),1,1
(34,9),1,1
(34,24),1,1
(34,47),1,1
(34,49),1,1
(34,52),1,1
(34,62),1,1
(34,72),1,1
(34,75),1,1
(34,83),1,1
(34,87),1,1
(34,124),1,1
(34,127),1,1
(34,133),1,1
(34,150),1,1
(34,163),1,1
(34,190),1,1
(34,191),1,1
(35,16),1,1
(35,21),1,1
(35,34),1,1
(35,37),1,1
(35,55),1,1
(35,60),1,1
(35,61),1,1
(35,64),1,1
(35,72),1,1
(35,75),1,1
(35,81),1,1
(35,89),1,1
(35,112),1,1
(35,122),1,1
(35,134),1,1
(35,150),1,1
(35,154),1,1
(35,162),1,1
(35,167),1,1
(35,170),1,1
(35,180),1,1
(35,190),1,1
(35,193),1,1
(36,2),1,1
(36,6),1,1
(36,34),1,1
(36,37),1,1
(36,52),1,1
(36,77),1,1
(36,79),1,1
(36,95),1,1
(36,123),1,1
(36,128),1,1
(36,149),1,1
(36,173),1,1
(36,183),1,1
(36,190),1,1
(37,16),1,1
(37,41),1,1
(37,44),1,1
(37,58),1,1
(37,61),1,1
(37,65),1,1
(37,66),1,1
(37,70),1,1
(37,74),1,1
(37,75),1,1
(37,78),1,1
(37,85),1,1
(37,98),1,1
(37,101),1,1
(37,119),1,1
(37,137),1,1
(37,154),1,1
(37,155),1,1
(37,168),1,1
(37,180),1,1
(37,186),1,1
(37,188),1,1
(37,192),1,1
(38,7),1,1
(38,15),1,1
(38,18),1,1
(38,31),1,1
(38,36),1,1
(38,43),1,1
(38,57),1,1
(38,71),1,1
(38,98),1,1
(38,103),1,1
(38,105),1,1
(38,115),1,1
(38,121),1,1
(38,130),1,1
(38,131),1,1
(38,157),1,1
(38,169),1,1
(38,173),1,1
(38,185),1,1
(38,189),1,1
(39,2),1,1
(39,4),1,1
(39,18),1,1
(39,34),1,1
(39,42),1,1
(39,63),1,1
(39,76),1,1
(39,97),1,1
(39,99),1,1
(39,108),1,1
(39,114),1,1
(39,119),1,1
(39,138),1,1
(39,140),1,1
(39,142),1,1
(39,150),1,1
(39,162),1,1
(39,164),1,1
(39,171),1,1
(39,176),1,1
(39,177),1,1
(39,185),1,1
(39,186),1,1
(39,189),1,1
(39,195),1,1
(39,199),1,1
(40,2),1,1
(40,3),1,1
(40,13),1,1
(40,22),1,1
(40,39),1,1
(40,41),1,1
(40,47),1,1
(40,65),1,1
(40,92),1,1
(40,100),1,1
(40,169),1,1
(40,170),1,1
(40,176),1,1
(40,177),1,1
(40,181),1,1
(40,183),1,1
(40,189),1,1
(40,194),1,1
(41,2),1,1
(41,3),1,1
(41,6),1,1
(41,28),1,1
(41,30),1,1
(41,32),1,1
(41,62),1,1
(41,67),1,1
(41,72),1,1
(41,74),1,1
(41,97),1,1
(41,107),1,1
(41,128),1,1
(41,134),1,1
(41,135),1,1
(41,138),1,1
(41,141),1,1
(41,146),1,1
(41,147),1,1
(41,149),1,1
(41,154),1,1
(41,156),1,1
(41,160),1,1
(41,163),1,1
(41,171),1,1
(41,181),1,1
(41,184),1,1
(41,190),1,1
(41,195),1,1
(42,14),1,1
(42,23),1,1
(42,25),1,1
(42,41),1,1
(42,43),1,1
(42,84),1,1
(42,92),1,1
(42,110),1,1
(42,118),1,1
(42,126),1,1
(42,129),1,1
(42,131),1,1
(42,132),1,1
(42,139),1,1
(42,146),1,1
(42,147),1,1
(42,158),1,1
(42,161),1,1
(42,173),1,1
(42,186),1,1
(42,190),1,1
(42,191),1,1
(43,2),1,1
(43,4),1,1
(43,15),1,1
(43,26),1,1
(43,36),1,1
(43,37),1,1
(43,54),1,1
(43,63),1,1
(43,79),1,1
(43,83),1,1
(43,84),1,1
(43,112),1,1
(43,145),1,1
(43,146),1,1
(43,153),1,1
(43,157),1,1
(43,158),1,1
(43,161),1,1
(43,168),1,1
(43,198),1,1
(44,14),1,1
(44,19),1,1
(44,27),1,1
(44,31),1,1
(44,32),1,1
(44,48),1,1
(44,50),1,1
(44,51),1,1
(44,67),1,1
(44,69),1,1
(44,70),1,1
(44,87),1,1
(44,88),1,1
(44,95),1,1
(44,96),1,1
(44,97),1,1
(44,106),1,1
(44,138),1,1
(44,149),1,1
(44,154),1,1
(44,161),1,1
(44,174),1,1
(44,189),1,1
(44,194),1,1
(44,197),1,1
(45,0),1,1
(45,1),1,1
(45,5),1,1
(45,10),1,1
(45,47),1,1
(45,75),1,1
(45,97),1,1
(45,100),1,1
(45,102),1,1
(45,109),1,1
(45,132),1,1
(45,141),1,1
(45,143),1,1
(45,154),1,1
(45,177),1,1
(45,180),1,1
(45,188),1,1
(46,4),1,1
(46,13),1,1
(46,34),1,1
(46,44),1,1
(46,57),1,1
(46,69),1,1
(46,72),1,1
(46,95),1,1
(46,104),1,1
(46,107),1,1
(46,111),1,1
(46,113),1,1
(46,129),1,1
(46,136),1,1
(46,145),1,1
(46,150),1,1
(46,162),1,1
(46,173),1,1
(46,190),1,1
(46,196),1,1
(47,44),1,1
(47,51),1,1
(47,58),1,1
(47,80),1,1
(47,93),1,1
(47,132),1,1
(47,137),1,1
(47,146),1,1
(47,147),1,1
(47,151),1,1
(47,157),1,1
(47,184),1,1
(48,6),1,1
(48,10),1,1
(48,13),1,1
(48,19),1,1
(48,26),1,1
(48,27),1,1
(48,28),1,1
(48,36),1,1
(48,56),1,1
(48,73),1,1
(48,118),1,1
(48,124),1,1
(48,126),1,1
(48,127),1,1
(48,132),1,1
(48,144),1,1
(48,145),1,1
(48,165),1,1
(48,172),1,1
(48,176),1,1
(48,179),1,1
(48,182),1,1
(48,197),1,1
(49,6),1,1
(49,11),1,1
(49,13),1,1
(49,18),1,1
(49,40),1,1
(49,46),1,1
(49,47),1,1
(49,66),1,1
(49,67),1,1
(49,80),1,1
(49,84),1,1
(49,89),1,1
(49,90),1,1
(49,93),1,1
(49,94),1,1
(49,102),1,1
(49,108),1,1
(49,119),1,1
(49,131),1,1
(49,158),1,1
(49,160),1,1
(49,174),1,1
(49,180),1,1
(49,192),1,1
(50,6),1,1
(50,10),1,1
(50,17),1,1
(50,19),1,1
(50,28),1,1
(50,33),1,1
(50,54),1,1
(50,69),1,1
(50,73),1,1
(50,87),1,1
(50,107),1,1
(50,111),1,1
(50,113),1,1
(50,120),1,1
(50,135),1,1
(50,140),1,1
(50,142),1,1
(50,158),1,1
(50,191),1,1
(50,198),1,1
(50,199),1,1
(51,4),1,1
(51,16),1,1
(51,23),1,1
(51,30),1,1
(51,61),1,1
(51,81),1,1
(51,94),1,1
(51,96),1,1
(51,138),1,1
(51,159),1,1
(51,163),1,1
(51,179),1,1
(51,183),1,1
(51,192),1,1
(52,31),1,1
(52,37),1,1
(52,46),1,1
(52,49),1,1
(52,54),1,1
(52,60),1,1
(52,83),1,1
(52,86),1,1
(52,93),1,1
(52,94),1,1
(52,97),1,1
(52,98),1,1
(52,106),1,1
(52,112),1,1
(52,131),1,1
(52,137),1,1
(52,148),1,1
(52,170),1,1
(52,198),1,1
(53,1),1,1
(53,15),1,1
(53,47),1,1
(53,65),1,1
(53,81),1,1
(53,82),1,1
(53,91),1,1
(53,92),1,1
(53,97),1,1
(53,105),1,1
(53,113),1,1
(53,119),1,1
(53,143),1,1
(53,148),1,1
(53,159),1,1
(53,172),1,1
(53,174),1,1
(53,181),1,1
(53,193),1,1
(54,2),1,1
(54,4),1,1
(54,14),1,1
(54,28),1,1
(54,49),1,1
(54,65),1,1
(54,89),1,1
(54,100),1,1
(54,112),1,1
(54,113),1,1
(54,127),1,1
(54,130),1,1
(54,136),1,1
(54,177),1,1
(54,182),1,1
(54,189),1,1
(55,1),1,1
(55,9),1,1
(55,10),1,1
(55,17),1,1
(55,23),1,1
(55,65),1,1
(55,66),1,1
(55,71),1,1
(55,72),1,1
(55,77),1,1
(55,83),1,1
(55,113),1,1
(55,115),1,1
(55,121),1,1
(55,150),1,1
(55,155),1,1
(55,165),1,1
(55,178),1,1
(55,188),1,1
(56,0),1,1
(56,7),1,1
(56,10),1,1
(56,12),1,1
(56,28),1,1
(56,37),1,1
(56,45),1,1
(56,74),1,1
(56,76),1,1
(56,82),1,1
(56,87),1,1
(56,95),1,1
(56,100),1,1
(56,123),1,1
(56,124),1,1
(56,125),1,1
(56,130),1,1
(56,150),1,1
(56,157),1,1
(56,158),1,1
(56,172),1,1
(56,177),1,1
(56,179),1,1
(57,13),1,1
(57,27),1,1
(57,29),1,1
(57,60),1,1
(57,63),1,1
(57,72),1,1
(57,99),1,1
(57,103),1,1
(57,129),1,1
(57,130),1,1
(57,137),1,1
(57,138),1,1
(57,149),1,1
(57,172),1,1
(57,182),1,1
(57,199),1,1
(58,9),1,1
(58,15),1,1
(58,23),1,1
(58,37),1,1
(58,50),1,1
(58,57),1,1
(58,62),1,1
(58,72),1,1
(58,77),1,1
(58,81),1,1
(58,87),1,1
(58,94),1,1
(58,97),1,1
(58,99),1,1
(58,104),1,1
(58,118),1,1
(58,125),1,1
(58,136),1,1
(58,145),1,1
(58,154),1,1
(58,162),1,1
(58,175),1,1
(58,187),1,1
(58,193),1,1
(58,199),1,1
(59,11),1,1
(59,20),1,1
(59,30),1,1
(59,40),1,1
(59,43),1,1
(59,55),1,1
(59,65),1,1
(59,71),1,1
(59,73),1,1
(59,77),1,1
(59,88),1,1
(59,91),1,1
(59,96),1,1
(59,115),1,1
(59,132),1,1
(59,133),1,1
(59,136),1,1
(59,155),1,1
(59,173),1,1
(59,180),1,1
(59,187),1,1
(59,198),1,1
(60,7),1,1
(60,14),1,1
(60,44),1,1
(60,83),1,1
(60,90),1,1
(60,95),1,1
(60,98),1,1
(60,104),1,1
(60,130),1,1
(60,170),1,1
(60,174),1,1
(60,183),1,1
(60,196),1,1
(61,4),1,1
(61,10),1,1
(61,12),1,1
(61,23),1,1
(61,29),1,1
(61,38),1,1
(61,43),1,1
(61,44),1,1
(61,46),1,1
(61,49),1,1
(61,74),1,1
(61,79),1,1
(61,84),1,1
(61,89),1,1
(61,104),1,1
(61,123),1,1
(61,128),1,1
(61,131),1,1
(61,147),1,1
(61,148),1,1
(61,150),1,1
(61,152),1,1
(61,163),1,1
(61,186),1,1
(62,35),1,1
(62,43),1,1
(62,50),1,1
(62,97),1,1
(62,117),1,1
(62,119),1,1
(62,123),1,1
(62,130),1,1
(62,135),1,1
(62,153),1,1
(62,154),1,1
(63,5),1,1
(63,14),1,1
(63,22),1,1
(63,35),1,1
(63,36),1,1
(63,40),1,1
(63,53),1,1
(63,64),1,1
(63,65),1,1
(63,66),1,1
(63,77),1,1
(63,90),1,1
(63,99),1,1
(63,102),1,1
(63,111),1,1
(63,128),1,1
(63,144),1,1
(63,145),1,1
(63,179),1,1
(63,181),1,1
(63,183),1,1
(63,190),1,1
(64,7),1,1
(64,8),1,1
(64,9),1,1
(64,11),1,1
(64,19),1,1
(64,27),1,1
(64,29),1,1
(64,30),1,1
(64,36),1,1
(64,51),1,1
(64,52),1,1
(64,80),1,1
(64,93),1,1
(64,109),1,1
(64,114),1,1
(64,143),1,1
(64,179),1,1
(64,189),1,1
(64,193),1,1
(64,194),1,1
(65,21),1,1
(65,49),1,1
(65,57),1,1
(65,72),1,1
(65,81),1,1
(65,100),1,1
(65,102),1,1
(65,116),1,1
(65,121),1,1
(65,133),1,1
(65,154),1,1
(65,159),1,1
(65,160),1,1
(65,189),1,1
(66,16),1,1
(66,21),1,1
(66,22),1,1
(66,41),1,1
(66,51),1,1
(66,52),1,1
(66,55),1,1
(66,57),1,1
(66,79),1,1
(66,80),1,1
(66,83),1,1
(66,87),1,1
(66,88),1,1
(66,107),1,1
(66,116),1,1
(66,124),1,1
(66,128),1,1
(66,130),1,1
(66,131),1,1
(66,147),1,1
(66,161),1,1
(66,165),1,1
(66,180),1,1
(67,2),1,1
(67,19),1,1
(67,21),1,1
(67,34),1,1
(67,35),1,1
(67,39),1,1
(67,82),1,1
(67,84),1,1
(67,109),1,1
(67,112),1,1
(67,118),1,1
(67,126),1,1
(67,134),1,1
(67,151),1,1
(67,152),1,1
(67,184),1,1
(67,191),1,1
(68,0),1,1
(68,16),1,1
(68,48),1,1
(68,53),1,1
(68,66),1,1
(68,71),1,1
(68,86),1,1
(68,94),1,1
(68,108),1,1
(68,119),1,1
(68,147),1,1
(68,160),1,1
(68,197),1,1
(69,5),1,1
(69,11),1,1
(69,14),1,1
(69,22),1,1
(69,23),1,1
(69,25),1,1
(69,29),1,1
(69,51),1,1
(69,65),1,1
(69,80),1,1
(69,87),1,1
(69,92),1,1
(69,94),1,1
(69,100),1,1
(69,107),1,1
(69,117),1,1
(69,119),1,1
(69,122),1,1
(69,126),1,1
(69,144),1,1
(69,152),1,1
(69,153),1,1
(69,155),1,1
(69,197),1,1
(70,4),1,1
(70,30),1,1
(70,43),1,1
(70,51),1,1
(70,62),1,1
(70,80),1,1
(70,93),1,1
(70,97),1,1
(70,101),1,1
(70,103),1,1
(70,112),1,1
(70,115),1,1
(70,141),1,1
(70,147),1,1
(70,163),1,1
(70,177),1,1
(71,4),1,1
(71,24),1,1
(71,30),1,1
(71,39),1,1
(71,48),1,1
(71,69),1,1
(71,97),1,1
(71,109),1,1
(71,113),1,1
(71,138),1,1
(71,142),1,1
(71,143),1,1
(71,144),1,1
(71,156),1,1
(71,161),1,1
(71,162),1,1
(71,167),1,1
(71,176),1,1
(71,177),1,1
(71,179),1,1
(71,180),1,1
(71,187),1,1
(71,191),1,1
(72,0),1,1
(72,6),1,1
(72,12),1,1
(72,35),1,1
(72,38),1,1
(72,44),1,1
(72,56),1,1
(72,70),1,1
(72,77),1,1
(72,87),1,1
(72,89),1,1
(72,92),1,1
(72,115),1,1
(72,128),1,1
(72,129),1,1
(72,135),1,1
(72,151),1,1
(72,156),1,1
(72,174),1,1
(72,183),1,1
(72,187),1,1
(73,13),1,1
(73,16),1,1
(73,21),1,1
(73,25),1,1
(73,49),1,1
(73,58),1,1
(73,80),1,1
(73,84),1,1
(73,94),1,1
(73,114),1,1
(73,139),1,1
(73,142),1,1
(73,144),1,1
(73,149),1,1
(73,157),1,1
(73,161),1,1
(73,175),1,1
(73,190),1,1
(73,191),1,1
(74,4),1,1
(74,24),1,1
(74,30),1,1
(74,39),1,1
(74,42),1,1
(74,69),1,1
(74,88),1,1
(74,92),1,1
(74,97),1,1
(74,113),1,1
(74,116),1,1
(74,132),1,1
(74,156),1,1
(74,163),1,1
(74,192),1,1
(74,198),1,1
(75,7),1,1
(75,9),1,1
(75,12),1,1
(75,25),1,1
(75,29),1,1
(75,39),1,1
(75,41),1,1
(75,76),1,1
(75,105),1,1
(75,107),1,1
(75,113),1,1
(75,114),1,1
(75,116),1,1
(75,119),1,1
(75,121),1,1
(75,126),1,1
(75,129),1,1
(75,138),1,1
(75,143),1,1
(75,155),1,1
(75,162),1,1
(75,163),1,1
(75,177),1,1
(75,178),1,1
(75,192),1,1
(75,196),1,1
(76,0),1,1
(76,5),1,1
(76,8),1,1
(76,16),1,1
(76,20),1,1
(76,42),1,1
(76,65),1,1
(76,67),1,1
(76,72),1,1
(76,85),1,1
(76,88),1,1
(76,95),1,1
(76,116),1,1
(76,123),1,1
(76,140),1,1
(76,141),1,1
(76,179),1,1
(76,180),1,1
(76,185),1,1
(77,11),1,1
(77,18),1,1
(77,19),1,1
(77,51),1,1
(77,52),1,1
(77,70),1,1
(77,83),1,1
(77,102),1,1
(77,120),1,1
(77,127),1,1
(77,157),1,1
(77,170),1,1
(77,177),1,1
(77,182),1,1
(77,184),1,1
(77,191),1,1
(77,194),1,1
(78,2),1,1
(78,8),1,1
(78,15),1,1
(78,26),1,1
(78,43),1,1
(78,47),1,1
(78,48),1,1
(78,50),1,1
(78,96),1,1
(78,98),1,1
(78,107),1,1
(78,111),1,1
(78,122),1,1
(78,139),1,1
(78,142),1,1
(78,143),1,1
(78,150),1,1
(78,153),1,1
(78,155),1,1
(78,158),1,1
(78,180),1,1
(78,184),1,1
(78,188),1,1
(78,189),1,1
(79,15),1,1
(79,36),1,1
(79,48),1,1
(79,49),1,1
(79,64),1,1
(79,80),1,1
(79,93),1,1
(79,96),1,1
(79,106),1,1
(79,108),1,1
(79,113),1,1
(79,114),1,1
(79,120),1,1
(79,123),1,1
(79,139),1,1
(79,140),1,1
(79,143),1,1
(79,171),1,1
(79,186),1,1
(80,6),1,1
(80,8),1,1
(80,9),1,1
(80,21),1,1
(80,33),1,1
(80,40),1,1
(80,58),1,1
(80,60),1,1
(80,63),1,1
(80,72),1,1
(80,73),1,1
(80,109),1,1
(80,128),1,1
(80,154),1,1
(80,166),1,1
(80,184),1,1
(80,193),1,1
(81,4),1,1
(81,16),1,1
(81,35),1,1
(81,36),1,1
(81,48),1,1
(81,68),1,1
(81,72),1,1
(81,80),1,1
(81,90),1,1
(81,99),1,1
(81,106),1,1
(81,114),1,1
(81,132),1,1
(81,134),1,1
(81,138),1,1
(81,141),1,1
(81,180),1,1
(82,0),1,1
(82,2),1,1
(82,5),1,1
(82,10),1,1
(82,16),1,1
(82,27),1,1
(82,55),1,1
(82,75),1,1
(82,106),1,1
(82,154),1,1
(82,167),1,1
(82,178),1,1
(82,180),1,1
(82,184),1,1
(83,1),1,1
(83,9),1,1
(83,25),1,1
(83,47),1,1
(83,56),1,1
(83,79),1,1
(83,85),1,1
(83,88),1,1
(83,92),1,1
(83,93),1,1
(83,110),1,1
(83,111),1,1
(83,118),1,1
(83,123),1,1
(83,126),1,1
(83,130),1,1
(83,135),1,1
(83,143),1,1
(83,151),1,1
(83,160),1,1
(83,167),1,1
(83,169),1,1
(83,170),1,1
(83,172),1,1
(83,192),1,1
(83,198),1,1
(84,12),1,1
(84,16),1,1
(84,18),1,1
(84,27),1,1
(84,30),1,1
(84,32),1,1
(84,45),1,1
(84,47),1,1
(84,53),1,1
(84,55),1,1
(84,57),1,1
(84,70),1,1
(84,74),1,1
(84,78),1,1
(84,97),1,1
(84,103),1,1
(84,111),1,1
(84,163),1,1
(84,164),1,1
(84,182),1,1
(84,186),1,1
(84,195),1,1
(85,22),1,1
(85,28),1,1
(85,31),1,1
(85,32),1,1
(85,33),1,1
(85,36),1,1
(85,41),1,1
(85,52),1,1
(85,74),1,1
(85,93),1,1
(85,143),1,1
(85,144),1,1
(85,147),1,1
(85,160),1,1
(85,167),1,1
(85,172),1,1
(85,181),1,1
(85,198),1,1
(86,4),1,1
(86,8),1,1
(86,19),1,1
(86,20),1,1
(86,37),1,1
(86,68),1,1
(86,70),1,1
(86,78),1,1
(86,80),1,1
(86,92),1,1
(86,104),1,1
(86,125),1,1
(86,135),1,1
(86,142),1,1
(86,145),1,1
(86,154),1,1
(86,171),1,1
(86,174),1,1
(86,182),1,1
(86,189),1,1
(86,194),1,1
(86,199),1,1
(87,8),1,1
(87,53),1,1
(87,54),1,1
(87,59),1,1
(87,61),1,1
(87,64),1,1
(87,70),1,1
(87,79),1,1
(87,83),1,1
(87,93),1,1
(87,98),1,1
(87,99),1,1
(87,100),1,1
(87,104),1,1
(87,112),1,1
(87,128),1,1
(87,132),1,1
(87,139),1,1
(87,172),1,1
(87,183),1,1
(87,185),1,1
(87,190),1,1
(88,10),1,1
(88,16),1,1
(88,21),1,1
(88,33),1,1
(88,48),1,1
(88,84),1,1
(88,86),1,1
(88,95),1,1
(88,134),1,1
(88,151),1,1
(88,192),1,1
(88,195),1,1
(89,7),1,1
(89,20),1,1
(89,35),1,1
(89,50),1,1
(89,58),1,1
(89,66),1,1
(89,68),1,1
(89,80),1,1
(89,112),1,1
(89,113),1,1
(89,141),1,1
(89,142),1,1
(89,145),1,1
(89,146),1,1
(89,147),1,1
(89,149),1,1
(89,156),1,1
(89,158),1,1
(89,165),1,1
(89,167),1,1
(90,3),1,1
(90,4),1,1
(90,63),1,1
(90,71),1,1
(90,96),1,1
(90,101),1,1
(90,108),1,1
(90,111),1,1
(90,117),1,1
(90,118),1,1
(90,120),1,1
(90,131),1,1
(90,135),1,1
(90,138),1,1
(90,165),1,1
(90,166),1,1
(90,172),1,1
(90,186),1,1
(91,8),1,1
(91,9),1,1
(91,13),1,1
(91,14),1,1
(91,17),1,1
(91,25),1,1
(91,27),1,1
(91,44),1,1
(91,51),1,1
(91,59),1,1
(91,74),1,1
(91,77),1,1
(91,96),1,1
(91,106),1,1
(91,111),1,1
(91,119),1,1
(91,126),1,1
(91,127),1,1
(91,134),1,1
(91,169),1,1
(91,183),1,1
(91,186),1,1
(91,191),1,1
(92,15),1,1
(92,33),1,1
(92,51),1,1
(92,52),1,1
(92,64),1,1
(92,72),1,1
(92,75),1,1
(92,84),1,1
(92,97),1,1
(92,99),1,1
(92,106),1,1
(92,108),1,1
(92,110),1,1
(92,115),1,1
(92,116),1,1
(92,118),1,1
(92,120),1,1
(92,132),1,1
(92,136),1,1
(92,151),1,1
(92,157),1,1
(92,161),1,1
(92,163),1,1
(92,169),1,1
(92,171),1,1
(92,177),1,1
(92,181),1,1
(92,184),1,1
(92,194),1,1
(92,199),1,1
(93,18),1,1
(93,49),1,1
(93,52),1,1
(93,61),1,1
(93,64),1,1
(93,66),1,1
(93,67),1,1
(93,68),1,1
(93,76),1,1
(93,81),1,1
(93,90),1,1
(93,91),1,1
(93,117),1,1
(93,129),1,1
(93,138),1,1
(93,140),1,1
(93,154),1,1
(93,174),1,1
(93,179),1,1
(93,186),1,1
(94,8),1,1
(94,11),1,1
(94,32),1,1
(94,33),1,1
(94,53),1,1
(94,59),1,1
(94,74),1,1
(94,87),1,1
(94,95),1,1
(94,103),1,1
(94,129),1,1
(94,131),1,1
(94,141),1,1
(94,150),1,1
(94,153),1,1
(94,156),1,1
(94,159),1,1
(94,186),1,1
(94,187),1,1
(95,16),1,1
(95,18),1,1
(95,19),1,1
(95,22),1,1
(95,33),1,1
(95,41),1,1
(95,46),1,1
(95,55),1,1
(95,62),1,1
(95,63),1,1
(95,74),1,1
(95,105),1,1
(95,111),1,1
(95,115),1,1
(95,120),1,1
(95,154),1,1
(95,166),1,1
(95,171),1,1
(95,174),1,1
(95,179),1,1
(95,193),1,1
(96,7),1,1
(96,14),1,1
(96,41),1,1
(96,59),1,1
(96,78),1,1
(96,125),1,1
(96,130),1,1
(96,133),1,1
(96,144),1,1
(96,152),1,1
(96,164),1,1
(96,176),1,1
(96,179),1,1
(96,194),1,1
(97,6),1,1
(97,13),1,1
(97,25),1,1
(97,31),1,1
(97,38),1,1
(97,48),1,1
(97,49),1,1
(97,56),1,1
(97,60),1,1
(97,61),1,1
(97,64),1,1
(97,76),1,1
(97,85),1,1
(97,86),1,1
(97,93),1,1
(97,99),1,1
(97,110),1,1
(97,111),1,1
(97,121),1,1
(97,124),1,1
(97,148),1,1
(97,159),1,1
(97,168),1,1
(97,192),1,1
(98,12),1,1
(98,13),1,1
(98,19),1,1
(98,29),1,1
(98,49),1,1
(98,59),1,1
(98,65),1,1
(98,74),1,1
(98,81),1,1
(98,89),1,1
(98,123),1,1
(98,125),1,1
(98,132),1,1
(98,133),1,1
(98,141),1,1
(98,142),1,1
(98,143),1,1
(98,144),1,1
(98,167),1,1
(98,182),1,1
(98,194),1,1
(99,35),1,1
(99,36),1,1
(99,79),1,1
(99,82),1,1
(99,87),1,1
(99,92),1,1
(99,109),1,1
(99,118),1,1
(99,124),1,1
(99,126),1,1
(99,131),1,1
(99,135),1,1
(99,149),1,1
(99,151),1,1
(99,155),1,1
(99,157),1,1
(99,162),1,1
(99,189),1,1
(100,19),1,1
(100,21),1,1
(100,26),1,1
(100,31),1,1
(100,32),1,1
(100,33),1,1
(100,34),1,1
(100,46),1,1
(100,50),1,1
(100,62),1,1
(100,64),1,1
(100,101),1,1
(100,106),1,1
(100,114),1,1
(100,144),1,1
(100,145),1,1
(100,151),1,1
(100,159),1,1
(100,168),1,1
(100,173),1,1
(100,184),1,1
(101,2),1,1
(101,4),1,1
(101,20),1,1
(101,30),1,1
(101,39),1,1
(101,48),1,1
(101,49),1,1
(101,67),1,1
(101,74),1,1
(101,92),1,1
(101,96),1,1
(101,106),1,1
(101,112),1,1
(101,125),1,1
(101,169),1,1
(101,175),1,1
(101,180),1,1
(101,198),1,1
(102,33),1,1
(102,39),1,1
(102,46),1,1
(102,58),1,1
(102,61),1,1
(102,67),1,1
(102,68),1,1
(102,74),1,1
(102,76),1,1
(102,83),1,1
(102,87),1,1
(102,101),1,1
(102,112),1,1
(102,163),1,1
(102,166),1,1
(102,182),1,1
(103,0),1,1
(103,2),1,1
(103,6),1,1
(103,8),1,1
(103,14),1,1
(103,30),1,1
(103,37),1,1
(103,45),1,1
(103,69),1,1
(103,87),1,1
(103,93),1,1
(103,104),1,1
(103,134),1,1
(103,145),1,1
(103,157),1,1
(103,164),1,1
(103,188),1,1
(103,193),1,1
(104,0),1,1
(104,9),1,1
(104,21),1,1
(104,28),1,1
(104,48),1,1
(104,52),1,1
(104,63),1,1
(104,71),1,1
(104,87),1,1
(104,97),1,1
(104,102),1,1
(104,111),1,1
(104,183),1,1
(104,186),1,1
(105,18),1,1
(105,28),1,1
(105,37),1,1
(105,39),1,1
(105,41),1,1
(105,52),1,1
(105,75),1,1
(105,83),1,1
(105,86),1,1
(105,95),1,1
(105,109),1,1
(105,112),1,1
(105,125),1,1
(105,129),1,1
(105,134),1,1
(105,135),1,1
(105,139),1,1
(105,175),1,1
(106,44),1,1
(106,46),1,1
(106,50),1,1
(106,54),1,1
(106,57),1,1
(106,67),1,1
(106,72),1,1
(106,75),1,1
(106,90),1,1
(106,98),1,1
(106,107),1,1
(106,135),1,1
(106,138),1,1
(106,141),1,1
(106,144),1,1
(106,151),1,1
(106,154),1,1
(106,160),1,1
(106,172),1,1
(106,182),1,1
(106,192),1,1
(106,198),1,1
(107,4),1,1
(107,5),1,1
(107,8),1,1
(107,30),1,1
(107,38),1,1
(107,61),1,1
(107,62),1,1
(107,65),1,1
(107,76),1,1
(107,77),1,1
(107,99),1,1
(107,109),1,1
(107,112),1,1
(107,137),1,1
(107,141),1,1
(107,155),1,1
(107,156),1,1
(107,170),1,1
(107,183),1,1
(107,193),1,1
(108,11),1,1
(108,20),1,1
(108,24),1,1
(108,29),1,1
(108,40),1,1
(108,65),1,1
(108,101),1,1
(108,109),1,1
(108,117),1,1
(108,134),1,1
(108,151),1,1
(108,153),1,1
(108,166),1,1
(108,180),1,1
(109,6),1,1
(109,19),1,1
(109,21),1,1
(109,26),1,1
(109,47),1,1
(109,50),1,1
(109,51),1,1
(109,65),1,1
(109,76),1,1
(109,80),1,1
(109,93),1,1
(109,103),1,1
(109,107),1,1
(109,112),1,1
(109,114),1,1
(109,127),1,1
(109,129),1,1
(109,130),1,1
(109,141),1,1
(109,163),1,1
(109,174),1,1
(109,189),1,1
(109,190),1,1
(110,9),1,1
(110,14),1,1
(110,24),1,1
(110,41),1,1
(110,43),1,1
(110,45),1,1
(110,46),1,1
(110,59),1,1
(110,71),1,1
(110,73),1,1
(110,77),1,1
(110,79),1,1
(110,99),1,1
(110,100),1,1
(110,114),1,1
(110,127),1,1
(110,136),1,1
(110,152),1,1
(110,158),1,1
(110,178),1,1
(110,179),1,1
(110,180),1,1
(110,189),1,1
(111,1),1,1
(111,2),1,1
(111,9),1,1
(111,32),1,1
(111,33),1,1
(111,45),1,1
(111,58),1,1
(111,65),1,1
(111,90),1,1
(111,91),1,1
(111,93),1,1
(111,96),1,1
(111,106),1,1
(111,109),1,1
(111,125),1,1
(111,145),1,1
(111,169),1,1
(111,193),1,1
(111,197),1,1
(111,198),1,1
(112,8),1,1
(112,14),1,1
(112,19),1,1
(112,23),1,1
(112,35),1,1
(112,69),1,1
(112,84),1,1
(112,102),1,1
(112,105),1,1
(112,109),1,1
(112,115),1,1
(112,129),1,1
(112,143),1,1
(112,147),1,1
(112,148),1,1
(112,150),1,1
(112,153),1,1
(112,154),1,1
(112,161),1,1
(112,180),1,1
(112,189),1,1
(112,190),1,1
(112,194),1,1
(113,6),1,1
(113,9),1,1
(113,10),1,1
(113,37),1,1
(113,52),1,1
(113,99),1,1
(113,108),1,1
(113,116),1,1
(113,120),1,1
(113,125),1,1
(113,126),1,1
(113,134),1,1
(113,135),1,1
(113,140),1,1
(113,146),1,1
(113,147),1,1
(113,164),1,1
(113,171),1,1
(113,183),1,1
(113,188),1,1
(113,192),1,1
(113,194),1,1
(114,4),1,1
(114,10),1,1
(114,13),1,1
(114,25),1,1
(114,33),1,1
(114,37),1,1
(114,58),1,1
(114,65),1,1
(114,82),1,1
(114,83),1,1
(114,94),1,1
(114,106),1,1
(114,115),1,1
(114,123),1,1
(114,127),1,1
(114,149),1,1
(114,160),1,1
(114,162),1,1
(114,175),1,1
(114,183),1,1
(114,186),1,1
(114,194),1,1
(114,197),1,1
(115,46),1,1
(115,56),1,1
(115,76),1,1
(115,90),1,1
(115,94),1,1
(115,96),1,1
(115,113),1,1
(115,126),1,1
(115,128),1,1
(115,136),1,1
(115,142),1,1
(115,157),1,1
(115,178),1,1
(115,181),1,1
(115,191),1,1
(115,192),1,1
(115,198),1,1
(116,7),1,1
(116,13),1,1
(116,15),1,1
(116,16),1,1
(116,31),1,1
(116,34),1,1
(116,36),1,1
(116,42),1,1
(116,44),1,1
(116,57),1,1
(116,58),1,1
(116,71),1,1
(116,83),1,1
(116,107),1,1
(116,119),1,1
(116,123),1,1
(116,131),1,1
(116,132),1,1
(116,142),1,1
(116,149),1,1
(116,154),1,1
(116,158),1,1
(116,171),1,1
(116,188),1,1
(116,194),1,1
(117,8),1,1
(117,19),1,1
(117,27),1,1
(117,31),1,1
(117,34),1,1
(117,46),1,1
(117,62),1,1
(117,65),1,1
(117,74),1,1
(117,75),1,1
(117,83),1,1
(117,89),1,1
(117,95),1,1
(117,102),1,1
(117,114),1,1
(117,120),1,1
(117,121),1,1
(117,135),1,1
(117,140),1,1
(117,146),1,1
(117,160),1,1
(117,164),1,1
(117,167),1,1
(117,174),1,1
(117,181),1,1
(117,189),1,1
(117,191),1,1
(117,192),1,1
(117,197),1,1
(118,5),1,1
(118,19),1,1
(118,23),1,1
(118,30),1,1
(118,46),1,1
(118,95),1,1
(118,105),1,1
(118,108),1,1
(118,110),1,1
(118,129),1,1
(118,139),1,1
(118,146),1,1
(118,149),1,1
(118,155),1,1
(118,161),1,1
(118,165),1,1
(118,174),1,1
(118,178),1,1
(118,180),1,1
(118,181),1,1
(119,9),1,1
(119,15),1,1
(119,34),1,1
(119,35),1,1
(119,40),1,1
(119,43),1,1
(119,60),1,1
(119,61),1,1
(119,63),1,1
(119,70),1,1
(119,94),1,1
(119,99),1,1
(119,100),1,1
(119,101),1,1
(119,116),1,1
(119,124),1,1
(119,130),1,1
(119,136),1,1
(119,139),1,1
(119,149),1,1
(119,151),1,1
(119,157),1,1
(119,160),1,1
(119,163),1,1
(119,164),1,1
(119,166),1,1
(119,167),1,1
(120,4),1,1
(120,17),1,1
(120,19),1,1
(120,43),1,1
(120,60),1,1
(120,67),1,1
(120,70),1,1
(120,87),1,1
(120,94),1,1
(120,109),1,1
(120,137),1,1
(120,139),1,1
(120,141),1,1
(120,146),1,1
(120,147),1,1
(120,149),1,1
(120,153),1,1
(120,162),1,1
(120,197),1,1
(121,6),1,1
(121,14),1,1
(121,15),1,1
(121,25),1,1
(121,27),1,1
(121,33),1,1
(121,57),1,1
(121,63),1,1
(121,101),1,1
(121,130),1,1
(121,141),1,1
(121,153),1,1
(121,183),1,1
(121,191),1,1
(122,4),1,1
(122,17),1,1
(122,31),1,1
(122,61),1,1
(122,67),1,1
(122,72),1,1
(122,74),1,1
(122,79),1,1
(122,85),1,1
(122,90),1,1
(122,97),1,1
(122,105),1,1
(122,129),1,1
(122,137),1,1
(122,138),1,1
(122,154),1,1
(122,161),1,1
(123,5),1,1
(123,31),1,1
(123,36),1,1
(123,42),1,1
(123,56),1,1
(123,57),1,1
(123,81),1,1
(123,85),1,1
(123,88),1,1
(123,103),1,1
(123,109),1,1
(123,126),1,1
(123,134),1,1
(123,144),1,1
(123,149),1,1
(123,150),1,1
(123,152),1,1
(123,154),1,1
(123,168),1,1
(123,173),1,1
(124,0),1,1
(124,3),1,1
(124,18),1,1
(124,36),1,1
(124,40),1,1
(124,43),1,1
(124,58),1,1
(124,82),1,1
(124,89),1,1
(124,91),1,1
(124,98),1,1
(124,100),1,1
(124,108),1,1
(124,132),1,1
(124,145),1,1
(124,151),1,1
(124,156),1,1
(124,169),1,1
(124,185),1,1
(124,188),1,1
(124,189),1,1
(124,196),1,1
(124,198),1,1
(125,7),1,1
(125,16),1,1
(125,17),1,1
(125,18),1,1
(125,33),1,1
(125,58),1,1
(125,60),1,1
(125,67),1,1
(125,73),1,1
(125,75),1,1
(125,76),1,1
(125,88),1,1
(125,97),1,1
(125,104),1,1
(125,128),1,1
(125,129),1,1
(125,130),1,1
(125,134),1,1
(125,139),1,1
(125,141),1,1
(125,153),1,1
(125,154),1,1
(125,178),1,1
(125,192),1,1
(126,9),1,1
(126,13),1,1
(126,16),1,1
(126,20),1,1
(126,29),1,1
(126,35),1,1
(126,47),1,1
(126,48),1,1
(126,49),1,1
(126,56),1,1
(126,69),1,1
(126,75),1,1
(126,83),1,1
(126,88),1,1
(126,108),1,1
(126,110),1,1
(126,136),1,1
(126,141),1,1
(126,142),1,1
(126,148),1,1
(126,152),1,1
(126,155),1,1
(126,166),1,1
(126,172),1,1
(126,185),1,1
(126,194),1,1
(126,198),1,1
(127,3),1,1
(127,7),1,1
(127,15),1,1
(127,20),1,1
(127,21),1,1
(127,26),1,1
(127,33),1,1
(127,54),1,1
(127,71),1,1
(127,72),1,1
(127,79),1,1
(127,130),1,1
(127,139),1,1
(127,148),1,1
(127,149),1,1
(127,159),1,1
(127,172),1,1
(127,173),1,1
(127,177),1,1
(127,187),1,1
(127,191),1,1
(128,0),1,1
(128,2),1,1
(128,5),1,1
(128,9),1,1
(128,23),1,1
(128,44),1,1
(128,45),1,1
(128,47),1,1
(128,56),1,1
(128,83),1,1
(128,112),1,1
(128,114),1,1
(128,118),1,1
(128,119),1,1
(128,121),1,1
(128,136),1,1
(128,145),1,1
(128,146),1,1
(128,147),1,1
(128,157),1,1
(128,162),1,1
(128,175),1,1
(128,177),1,1
(128,178),1,1
(128,181),1,1
(129,6),1,1
(129,13),1,1
(129,16),1,1
(129,25),1,1
(129,27),1,1
(129,34),1,1
(129,40),1,1
(129,47),1,1
(129,53),1,1
(129,54),1,1
(129,79),1,1
(129,96),1,1
(129,99),1,1
(129,135),1,1
(129,145),1,1
(129,151),1,1
(129,164),1,1
(129,165),1,1
(129,185),1,1
(129,189),1,1
(129,196),1,1
(130,18),1,1
(130,47),1,1
(130,58),1,1
(130,66),1,1
(130,85),1,1
(130,92),1,1
(130,111),1,1
(130,131),1,1
(130,136),1,1
(130,149),1,1
(130,178),1,1
(130,199),1,1
(131,32),1,1
(131,34),1,1
(131,35),1,1
(131,40),1,1
(131,44),1,1
(131,53),1,1
(131,67),1,1
(131,68),1,1
(131,69),1,1
(131,77),1,1
(131,80),1,1
(131,92),1,1
(131,102),1,1
(131,105),1,1
(131,109),1,1
(131,114),1,1
(131,115),1,1
(131,116),1,1
(131,127),1,1
(131,146),1,1
(131,150),1,1
(131,151),1,1
(131,183),1,1
(131,186),1,1
(131,193),1,1
(132,6),1,1
(132,9),1,1
(132,21),1,1
(132,50),1,1
(132,56),1,1
(132,60),1,1
(132,87),1,1
(132,92),1,1
(132,104),1,1
(132,124),1,1
(132,136),1,1
(132,159),1,1
(132,165),1,1
(132,172),1,1
(132,194),1,1
(133,18),1,1
(133,19),1,1
(133,37),1,1
(133,53),1,1
(133,71),1,1
(133,76),1,1
(133,82),1,1
(133,87),1,1
(133,95),1,1
(133,105),1,1
(133,116),1,1
(133,120),1,1
(133,122),1,1
(133,123),1,1
(133,125),1,1
(133,140),1,1
(133,164),1,1
(133,166),1,1
(133,185),1,1
(134,17),1,1
(134,34),1,1
(134,38),1,1
(134,39),1,1
(134,44),1,1
(134,54),1,1
(134,55),1,1
(134,60),1,1
(134,61),1,1
(134,64),1,1
(134,70),1,1
(134,73),1,1
(134,74),1,1
(134,79),1,1
(134,83),1,1
(134,96),1,1
(134,100),1,1
(134,111),1,1
(134,116),1,1
(134,128),1,1
(134,148),1,1
(134,163),1,1
(134,172),1,1
(134,175),1,1
(134,185),1,1
(134,194),1,1
(135,15),1,1
(135,17),1,1
(135,24),1,1
(135,39),1,1
(135,44),1,1
(135,57),1,1
(135,88),1,1
(135,137),1,1
(135,151),1,1
(135,152),1,1
(135,153),1,1
(135,156),1,1
(135,165),1,1
(135,167),1,1
(135,172),1,1
(135,193),1,1
(136,4),1,1
(136,6),1,1
(136,22),1,1
(136,27),1,1
(136,55),1,1
(136,57),1,1
(136,66),1,1
(136,78),1,1
(136,81),1,1
(136,92),1,1
(136,116),1,1
(136,125),1,1
(136,127),1,1
(136,134),1,1
(136,147),1,1
(136,155),1,1
(136,163),1,1
(136,171),1,1
(136,180),1,1
(137,30),1,1
(137,32),1,1
(137,47),1,1
(137,58),1,1
(137,59),1,1
(137,65),1,1
(137,74),1,1
(137,90),1,1
(137,131),1,1
(137,132),1,1
(137,150),1,1
(137,158),1,1
(137,165),1,1
(137,166),1,1
(137,168),1,1
(138,9),1,1
(138,33),1,1
(138,41),1,1
(138,51),1,1
(138,77),1,1
(138,82),1,1
(138,118),1,1
(138,135),1,1
(138,136),1,1
(138,141),1,1
(138,152),1,1
(138,156),1,1
(138,160),1,1
(138,197),1,1
(139,1),1,1
(139,12),1,1
(139,13),1,1
(139,14),1,1
(139,24),1,1
(139,27),1,1
(139,51),1,1
(139,69),1,1
(139,70),1,1
(139,85),1,1
(139,109),1,1
(139,120),1,1
(139,124),1,1
(139,125),1,1
(139,141),1,1
(139,156),1,1
(139,169),1,1
(139,175),1,1
(139,178),1,1
(139,187),1,1
(139,197),1,1
(140,11),1,1
(140,25),1,1
(140,40),1,1
(140,43),1,1
(140,44),1,1
(140,47),1,1
(140,49),1,1
(140,50),1,1
(140,58),1,1
(140,75),1,1
(140,90),1,1
(140,96),1,1
(140,114),1,1
(140,117),1,1
(140,127),1,1
(140,132),1,1
(140,148),1,1
(140,149),1,1
(140,153),1,1
(140,163),1,1
(140,184),1,1
(140,190),1,1
(140,198),1,1
(141,0),1,1
(141,17),1,1
(141,18),1,1
(141,22),1,1
(141,37),1,1
(141,64),1,1
(141,72),1,1
(141,87),1,1
(141,98),1,1
(141,113),1,1
(141,131),1,1
(141,134),1,1
(141,136),1,1
(141,152),1,1
(141,160),1,1
(141,166),1,1
(141,170),1,1
(141,174),1,1
(141,185),1,1
(141,189),1,1
(141,193),1,1
(142,12),1,1
(142,17),1,1
(142,20),1,1
(142,26),1,1
(142,34),1,1
(142,39),1,1
(142,60),1,1
(142,61),1,1
(142,67),1,1
(142,89),1,1
(142,94),1,1
(142,102),1,1
(142,168),1,1
(142,196),1,1
(143,12),1,1
(143,17),1,1
(143,21),1,1
(143,39),1,1
(143,48),1,1
(143,68),1,1
(143,74),1,1
(143,75),1,1
(143,86),1,1
(143,89),1,1
(143,94),1,1
(143,96),1,1
(143,98),1,1
(143,104),1,1
(143,155),1,1
(143,176),1,1
(143,179),1,1
(143,185),1,1
(143,186),1,1
(143,188),1,1
(143,190),1,1
(144,34),1,1
(144,41),1,1
(144,50),1,1
(144,72),1,1
(144,79),1,1
(144,99),1,1
(144,128),1,1
(144,136),1,1
(144,172),1,1
(144,176),1,1
(144,178),1,1
(144,182),1,1
(144,192),1,1
(145,1),1,1
(145,3),1,1
(145,5),1,1
(145,9),1,1
(145,14),1,1
(145,17),1,1
(145,28),1,1
(145,45),1,1
(145,47),1,1
(145,82),1,1
(145,91),1,1
(145,103),1,1
(145,112),1,1
(145,114),1,1
(145,143),1,1
(145,148),1,1
(145,164),1,1
(145,177),1,1
(145,181),1,1
(145,191),1,1
(145,193),1,1
(146,14),1,1
(146,20),1,1
(146,25),1,1
(146,38),1,1
(146,54),1,1
(146,57),1,1
(146,67),1,1
(146,89),1,1
(146,95),1,1
(146,96),1,1
(146,103),1,1
(146,106),1,1
(146,141),1,1
(146,147),1,1
(146,170),1,1
(146,175),1,1
(146,181),1,1
(146,190),1,1
(146,196),1,1
(147,11),1,1
(147,19),1,1
(147,21),1,1
(147,28),1,1
(147,41),1,1
(147,49),1,1
(147,51),1,1
(147,67),1,1
(147,76),1,1
(147,80),1,1
(147,86),1,1
(147,95),1,1
(147,131),1,1
(147,159),1,1
(147,166),1,1
(147,174),1,1
(147,195),1,1
(148,16),1,1
(148,35),1,1
(148,41),1,1
(148,68),1,1
(148,69),1,1
(148,70),1,1
(148,87),1,1
(148,91),1,1
(148,92),1,1
(148,95),1,1
(148,97),1,1
(148,131),1,1
(148,143),1,1
(148,147),1,1
(148,156),1,1
(148,177),1,1
(148,179),1,1
(148,191),1,1
(149,17),1,1
(149,18),1,1
(149,19),1,1
(149,39),1,1
(149,42),1,1
(149,66),1,1
(149,87),1,1
(149,95),1,1
(149,109),1,1
(149,112),1,1
(149,127),1,1
(149,132),1,1
(149,146),1,1
(149,157),1,1
(149,160),1,1
(149,175),1,1
(149,192),1,1
(149,198),1,1
(150,0),1,1
(150,3),1,1
(150,26),1,1
(150,27),1,1
(150,35),1,1
(150,48),1,1
(150,56),1,1
(150,81),1,1
(150,96),1,1
(150,105),1,1
(150,107),1,1
(150,121),1,1
(150,149),1,1
(150,163),1,1
(150,165),1,1
(150,173),1,1
(150,174),1,1
(150,175),1,1
(150,176),1,1
(150,181),1,1
(150,182),1,1
(150,186),1,1
(150,195),1,1
(151,10),1,1
(151,15),1,1
(151,24),1,1
(151,25),1,1
(151,52),1,1
(151,56),1,1
(151,57),1,1
(151,68),1,1
(151,91),1,1
(151,95),1,1
(151,97),1,1
(151,103),1,1
(151,118),1,1
(151,147),1,1
(151,157),1,1
(151,158),1,1
(151,175),1,1
(152,14),1,1
(152,36),1,1
(152,38),1,1
(152,52),1,1
(152,54),1,1
(152,57),1,1
(152,68),1,1
(152,100),1,1
(152,113),1,1
(152,121),1,1
(152,129),1,1
(152,133),1,1
(152,134),1,1
(152,141),1,1
(152,148),1,1
(152,156),1,1
(152,166),1,1
(152,167),1,1
(152,197),1,1
(153,3),1,1
(153,10),1,1
(153,15),1,1
(153,18),1,1
(153,22),1,1
(153,28),1,1
(153,37),1,1
(153,51),1,1
(153,61),1,1
(153,72),1,1
(153,78),1,1
(153,84),1,1
(153,95),1,1
(153,105),1,1
(153,110),1,1
(153,120),1,1
(153,123),1,1
(153,152),1,1
(153,166),1,1
(153,181),1,1
(153,182),1,1
(153,185),1,1
(154,4),1,1
(154,5),1,1
(154,6),1,1
(154,18),1,1
(154,23),1,1
(154,28),1,1
(154,39),1,1
(154,57),1,1
(154,61),1,1
(154,85),1,1
(154,116),1,1
(154,125),1,1
(154,133),1,1
(154,134),1,1
(154,135),1,1
(154,147),1,1
(154,159),1,1
(154,162),1,1
(154,178),1,1
(155,1),1,1
(155,10),1,1
(155,16),1,1
(155,22),1,1
(155,44),1,1
(155,55),1,1
(155,60),1,1
(155,61),1,1
(155,92),1,1
(155,97),1,1
(155,116),1,1
(155,124),1,1
(155,128),1,1
(155,156),1,1
(155,162),1,1
(155,163),1,1
(155,167),1,1
(155,194),1,1
(155,195),1,1
(155,197),1,1
(155,198),1,1
(156,17),1,1
(156,60),1,1
(156,83),1,1
(156,85),1,1
(156,89),1,1
(156,99),1,1
(156,103),1,1
(156,106),1,1
(156,113),1,1
(156,115),1,1
(156,118),1,1
(156,122),1,1
(156,180),1,1
(157,8),1,1
(157,10),1,1
(157,28),1,1
(157,64),1,1
(157,70),1,1
(157,99),1,1
(157,104),1,1
(157,126),1,1
(157,128),1,1
(157,131),1,1
(157,141),1,1
(157,163),1,1
(157,173),1,1
(157,177),1,1
(157,190),1,1
(158,3),1,1
(158,10),1,1
(158,14),1,1
(158,17),1,1
(158,20),1,1
(158,30),1,1
(158,67),1,1
(158,71),1,1
(158,73),1,1
(158,84),1,1
(158,90),1,1
(158,99),1,1
(158,101),1,1
(158,108),1,1
(158,118),1,1
(158,124),1,1
(158,125),1,1
(158,139),1,1
(158,146),1,1
(158,150),1,1
(158,152),1,1
(158,156),1,1
(158,167),1,1
(158,174),1,1
(158,177),1,1
(159,4),1,1
(159,13),1,1
(159,22),1,1
(159,30),1,1
(159,44),1,1
(159,50),1,1
(159,54),1,1
(159,62),1,1
(159,64),1,1
(159,65),1,1
(159,74),1,1
(159,83),1,1
(159,87),1,1
(159,103),1,1
(159,104),1,1
(159,106),1,1
(159,118),1,1
(159,121),1,1
(159,124),1,1
(159,125),1,1
(159,127),1,1
(159,133),1,1
(159,153),1,1
(159,165),1,1
(159,175),1,1
(159,196),1,1
(159,197),1,1
(160,26),1,1
(160,35),1,1
(160,68),1,1
(160,72),1,1
(160,97),1,1
(160,99),1,1
(160,101),1,1
(160,102),1,1
(160,119),1,1
(160,131),1,1
(160,133),1,1
(160,143),1,1
(160,149),1,1
(160,153),1,1
(160,157),1,1
(160,174),1,1
(160,182),1,1
(160,183),1,1
(161,26),1,1
(161,35),1,1
(161,45),1,1
(161,50),1,1
(161,52),1,1
(161,57),1,1
(161,70),1,1
(161,72),1,1
(161,79),1,1
(161,80),1,1
(161,82),1,1
(161,85),1,1
(161,112),1,1
(161,144),1,1
(161,146),1,1
(161,151),1,1
(161,171),1,1
(161,174),1,1
(161,175),1,1
(161,179),1,1
(161,190),1,1
(161,193),1,1
(162,2),1,1
(162,9),1,1
(162,12),1,1
(162,34),1,1
(162,40),1,1
(162,52),1,1
(162,64),1,1
(162,82),1,1
(162,105),1,1
(162,121),1,1
(162,136),1,1
(162,144),1,1
(162,145),1,1
(162,155),1,1
(162,157),1,1
(162,175),1,1
(162,179),1,1
(163,7),1,1
(163,31),1,1
(163,33),1,1
(163,34),1,1
(163,56),1,1
(163,59),1,1
(163,71),1,1
(163,100),1,1
(163,105),1,1
(163,110),1,1
(163,117),1,1
(163,124),1,1
(163,150),1,1
(163,151),1,1
(163,155),1,1
(163,158),1,1
(163,166),1,1
(163,169),1,1
(163,171),1,1
(164,3),1,1
(164,4),1,1
(164,15),1,1
(164,20),1,1
(164,29),1,1
(164,32),1,1
(164,33),1,1
(164,37),1,1
(164,50),1,1
(164,56),1,1
(164,59),1,1
(164,60),1,1
(164,70),1,1
(164,81),1,1
(164,89),1,1
(164,94),1,1
(164,96),1,1
(164,109),1,1
(164,126),1,1
(164,148),1,1
(164,181),1,1
(164,189),1,1
(164,190),1,1
(164,199),1,1
(165,0),1,1
(165,23),1,1
(165,30),1,1
(165,32),1,1
(165,36),1,1
(165,38),1,1
(165,39),1,1
(165,55),1,1
(165,57),1,1
(165,68),1,1
(165,84),1,1
(165,91),1,1
(165,97),1,1
(165,98),1,1
(165,102),1,1
(165,104),1,1
(165,108),1,1
(165,115),1,1
(165,142),1,1
(165,156),1,1
(165,162),1,1
(165,164),1,1
(165,178),1,1
(165,179),1,1
(166,1),1,1
(166,7),1,1
(166,13),1,1
(166,18),1,1
(166,31),1,1
(166,44),1,1
(166,97),1,1
(166,105),1,1
(166,113),1,1
(166,130),1,1
(166,144),1,1
(166,154),1,1
(166,167),1,1
(166,170),1,1
(166,177),1,1
(166,184),1,1
(166,188),1,1
(166,196),1,1
(167,19),1,1
(167,45),1,1
(167,77),1,1
(167,78),1,1
(167,85),1,1
(167,89),1,1
(167,103),1,1
(167,105),1,1
(167,106),1,1
(167,114),1,1
(167,116),1,1
(167,123),1,1
(167,140),1,1
(167,142),1,1
(167,165),1,1
(167,171),1,1
(167,182),1,1
(167,186),1,1
(167,192),1,1
(167,194),1,1
(168,0),1,1
(168,8),1,1
(168,17),1,1
(168,22),1,1
(168,25),1,1
(168,32),1,1
(168,40),1,1
(168,43),1,1
(168,44),1,1
(168,50),1,1
(168,61),1,1
(168,62),1,1
(168,74),1,1
(168,94),1,1
(168,108),1,1
(168,114),1,1
(168,137),1,1
(168,145),1,1
(168,152),1,1
(168,156),1,1
(168,165),1,1
(168,169),1,1
(168,175),1,1
(168,177),1,1
(168,191),1,1
(168,199),1,1
(169,29),1,1
(169,39),1,1
(169,48),1,1
(169,70),1,1
(169,90),1,1
(169,103),1,1
(169,104),1,1
(169,106),1,1
(169,113),1,1
(169,114),1,1
(169,134),1,1
(169,148),1,1
(169,155),1,1
(169,168),1,1
(169,180),1,1
(169,183),1,1
(169,188),1,1
(170,11),1,1
(170,18),1,1
(170,26),1,1
(170,30),1,1
(170,61),1,1
(170,68),1,1
(170,84),1,1
(170,85),1,1
(170,88),1,1
(170,91),1,1
(170,97),1,1
(170,99),1,1
(170,100),1,1
(170,128),1,1
(170,129),1,1
(170,142),1,1
(170,148),1,1
(170,166),1,1
(170,169),1,1
(170,173),1,1
(170,174),1,1
(170,180),1,1
(170,191),1,1
(171,4),1,1
(171,7),1,1
(171,25),1,1
(171,39),1,1
(171,41),1,1
(171,46),1,1
(171,54),1,1
(171,59),1,1
(171,68),1,1
(171,69),1,1
(171,73),1,1
(171,75),1,1
(171,77),1,1
(171,93),1,1
(171,96),1,1
(171,101),1,1
(171,102),1,1
(171,103),1,1
(171,104),1,1
(171,113),1,1
(171,135),1,1
(171,143),1,1
(171,145),1,1
(171,147),1,1
(171,153),1,1
(171,180),1,1
(171,182),1,1
(172,9),1,1
(172,14),1,1
(172,16),1,1
(172,23),1,1
(172,27),1,1
(172,44),1,1
(172,47),1,1
(172,53),1,1
(172,57),1,1
(172,64),1,1
(172,82),1,1
(172,92),1,1
(172,127),1,1
(172,143),1,1
(172,144),1,1
(172,161),1,1
(172,177),1,1
(172,181),1,1
(173,19),1,1
(173,24),1,1
(173,35),1,1
(173,47),1,1
(173,57),1,1
(173,74),1,1
(173,76),1,1
(173,81),1,1
(173,86),1,1
(173,94),1,1
(173,100),1,1
(173,121),1,1
(173,125),1,1
(173,132),1,1
(173,139),1,1
(173,140),1,1
(173,154),1,1
(173,162),1,1
(173,167),1,1
(173,170),1,1
(173,186),1,1
(173,188),1,1
(173,199),1,1
(174,0),1,1
(174,13),1,1
(174,19),1,1
(174,22),1,1
(174,28),1,1
(174,30),1,1
(174,57),1,1
(174,58),1,1
(174,70),1,1
(174,73),1,1
(174,77),1,1
(174,78),1,1
(174,96),1,1
(174,117),1,1
(174,119),1,1
(174,132),1,1
(174,134),1,1
(174,137),1,1
(174,161),1,1
(174,165),1,1
(174,166),1,1
(174,191),1,1
(174,195),1,1
(174,197),1,1
(175,20),1,1
(175,70),1,1
(175,87),1,1
(175,140),1,1
(175,147),1,1
(175,153),1,1
(175,155),1,1
(175,180),1,1
(175,193),1,1
(175,195),1,1
(176,1),1,1
(176,7),1,1
(176,28),1,1
(176,31),1,1
(176,33),1,1
(176,39),1,1
(176,48),1,1
(176,115),1,1
(176,160),1,1
(176,161),1,1
(176,164),1,1
(176,191),1,1
(176,195),1,1
(177,11),1,1
(177,17),1,1
(177,19),1,1
(177,31),1,1
(177,66),1,1
(177,97),1,1
(177,104),1,1
(177,119),1,1
(177,144),1,1
(177,148),1,1
(177,181),1,1
(177,196),1,1
(177,197),1,1
(178,1),1,1
(178,3),1,1
(178,6),1,1
(178,21),1,1
(178,23),1,1
(178,37),1,1
(178,56),1,1
(178,60),1,1
(178,68),1,1
(178,75),1,1
(178,77),1,1
(178,90),1,1
(178,104),1,1
(178,124),1,1
(178,149),1,1
(178,167),1,1
(178,168),1,1
(178,173),1,1
(179,3),1,1
(179,4),1,1
(179,7),1,1
(179,15),1,1
(179,30),1,1
(179,31),1,1
(179,33),1,1
(179,37),1,1
(179,39),1,1
(179,58),1,1
(179,60),1,1
(179,65),1,1
(179,69),1,1
(179,88),1,1
(179,105),1,1
(179,106),1,1
(179,124),1,1
(179,139),1,1
(179,146),1,1
(179,180),1,1
(179,192),1,1
(179,199),1,1
(180,27),1,1
(180,30),1,1
(180,33),1,1
(180,39),1,1
(180,42),1,1
(180,54),1,1
(180,57),1,1
(180,70),1,1
(180,71),1,1
(180,72),1,1
(180,84),1,1
(180,104),1,1
(180,115),1,1
(180,128),1,1
(180,133),1,1
(180,145),1,1
(180,161),1,1
(180,162),1,1
(180,169),1,1
(180,198),1,1
(181,7),1,1
(181,9),1,1
(181,13),1,1
(181,14),1,1
(181,30),1,1
(181,36),1,1
(181,50),1,1
(181,56),1,1
(181,67),1,1
(181,104),1,1
(181,109),1,1
(181,119),1,1
(181,123),1,1
(181,161),1,1
(181,162),1,1
(181,167),1,1
(181,197),1,1
(182,0),1,1
(182,11),1,1
(182,19),1,1
(182,29),1,1
(182,31),1,1
(182,33),1,1
(182,42),1,1
(182,52),1,1
(182,72),1,1
(182,73),1,1
(182,82),1,1
(182,98),1,1
(182,106),1,1
(182,118),1,1
(182,140),1,1
(182,146),1,1
(182,154),1,1
(182,177),1,1
(182,178),1,1
(182,179),1,1
(182,184),1,1
(182,191),1,1
(182,199),1,1
(183,2),1,1
(183,14),1,1
(183,21),1,1
(183,36),1,1
(183,50),1,1
(183,58),1,1
(183,69),1,1
(183,73),1,1
(183,92),1,1
(183,110),1,1
(183,122),1,1
(183,123),1,1
(183,128),1,1
(183,168),1,1
(183,192),1,1
(184,43),1,1
(184,45),1,1
(184,54),1,1
(184,60),1,1
(184,71),1,1
(184,82),1,1
(184,89),1,1
(184,99),1,1
(184,108),1,1
(184,112),1,1
(184,117),1,1
(184,119),1,1
(184,128),1,1
(184,136),1,1
(184,142),1,1
(184,150),1,1
(184,158),1,1
(184,171),1,1
(184,175),1,1
(184,176),1,1
(184,198),1,1
(184,199),1,1
(185,31),1,1
(185,45),1,1
(185,48),1,1
(185,53),1,1
(185,60),1,1
(185,70),1,1
(185,102),1,1
(185,112),1,1
(185,118),1,1
(185,125),1,1
(185,140),1,1
(185,150),1,1
(185,186),1,1
(186,9),1,1
(186,22),1,1
(186,25),1,1
(186,33),1,1
(186,38),1,1
(186,47),1,1
(186,82),1,1
(186,83),1,1
(186,94),1,1
(186,106),1,1
(186,108),1,1
(186,110),1,1
(186,118),1,1
(186,125),1,1
(186,127),1,1
(186,145),1,1
(186,163),1,1
(186,164),1,1
(186,165),1,1
(186,170),1,1
(186,173),1,1
(186,199),1,1
(187,2),1,1
(187,12),1,1
(187,19),1,1
(187,26),1,1
(187,43),1,1
(187,45),1,1
(187,46),1,1
(187,54),1,1
(187,63),1,1
(187,66),1,1
(187,71),1,1
(187,74),1,1
(187,80),1,1
(187,104),1,1
(187,105),1,1
(187,113),1,1
(187,116),1,1
(187,120),1,1
(187,123),1,1
(187,134),1,1
(187,141),1,1
(187,153),1,1
(187,166),1,1
(187,167),1,1
(187,170),1,1
(187,195),1,1
(188,8),1,1
(188,23),1,1
(188,32),1,1
(188,40),1,1
(188,51),1,1
(188,54),1,1
(188,68),1,1
(188,69),1,1
(188,83),1,1
(188,91),1,1
(188,99),1,1
(188,110),1,1
(188,128),1,1
(188,138),1,1
(188,166),1,1
(188,167),1,1
(188,172),1,1
(188,175),1,1
(188,176),1,1
(188,191),1,1
(189,8),1,1
(189,11),1,1
(189,17),1,1
(189,25),1,1
(189,26),1,1
(189,31),1,1
(189,43),1,1
(189,48),1,1
(189,62),1,1
(189,77),1,1
(189,94),1,1
(189,118),1,1
(189,122),1,1
(189,128),1,1
(189,133),1,1
(189,165),1,1
(189,171),1,1
(189,172),1,1
(189,188),1,1
(190,16),1,1
(190,17),1,1
(190,33),1,1
(190,55),1,1
(190,63),1,1
(190,69),1,1
(190,73),1,1
(190,75),1,1
(190,80),1,1
(190,84),1,1
(190,115),1,1
(190,119),1,1
(190,131),1,1
(190,133),1,1
(190,145),1,1
(190,155),1,1
(190,170),1,1
(190,180),1,1
(190,181),1,1
(190,189),1,1
(190,198),1,1
(190,199),1,1
(191,5),1,1
(191,23),1,1
(191,35),1,1
(191,36),1,1
(191,42),1,1
(191,43),1,1
(191,49),1,1
(191,51),1,1
(191,61),1,1
(191,85),1,1
(191,87),1,1
(191,103),1,1
(191,120),1,1
(191,123),1,1
(191,169),1,1
(191,172),1,1
(192,0),1,1
(192,18),1,1
(192,36),1,1
(192,61),1,1
(192,65),1,1
(192,95),1,1
(192,96),1,1
(192,112),1,1
(192,119),1,1
(192,123),1,1
(192,130),1,1
(192,132),1,1
(192,133),1,1
(192,139),1,1
(192,150),1,1
(192,158),1,1
(192,160),1,1
(192,164),1,1
(192,182),1,1
(192,188),1,1
(193,7),1,1
(193,9),1,1
(193,10),1,1
(193,13),1,1
(193,25),1,1
(193,27),1,1
(193,36),1,1
(193,38),1,1
(193,40),1,1
(193,60),1,1
(193,70),1,1
(193,81),1,1
(193,85),1,1
(193,88),1,1
(193,92),1,1
(193,97),1,1
(193,113),1,1
(193,119),1,1
(193,120),1,1
(193,128),1,1
(193,131),1,1
(193,137),1,1
(193,148),1,1
(193,152),1,1
(193,164),1,1
(193,168),1,1
(193,188),1,1
(193,189),1,1
(193,196),1,1
(194,3),1,1
(194,6),1,1
(194,9),1,1
(194,13),1,1
(194,14),1,1
(194,18),1,1
(194,37),1,1
(194,64),1,1
(194,80),1,1
(194,86),1,1
(194,102),1,1
(194,123),1,1
(194,128),1,1
(194,133),1,1
(194,136),1,1
(195,12),1,1
(195,30),1,1
(195,35),1,1
(195,51),1,1
(195,55),1,1
(195,77),1,1
(195,84),1,1
(195,93),1,1
(195,103),1,1
(195,116),1,1
(195,126),1,1
(195,144),1,1
(195,157),1,1
(195,183),1,1
(195,193),1,1
(196,4),1,1
(196,12),1,1
(196,19),1,1
(196,26),1,1
(196,35),1,1
(196,39),1,1
(196,54),1,1
(196,62),1,1
(196,85),1,1
(196,88),1,1
(196,101),1,1
(196,102),1,1
(196,105),1,1
(196,145),1,1
(196,162),1,1
(196,197),1,1
(196,199),1,1
(197,13),1,1
(197,17),1,1
(197,24),1,1
(197,30),1,1
(197,38),1,1
(197,39),1,1
(197,53),1,1
(197,57),1,1
(197,72),1,1
(197,73),1,1
(197,75),1,1
(197,112),1,1
(197,124),1,1
(197,148),1,1
(197,155),1,1
(197,167),1,1
(197,186),1,1
(197,188),1,1
(198,6),1,1
(198,11),1,1
(198,28),1,1
(198,38),1,1
(198,53),1,1
(198,63),1,1
(198,73),1,1
(198,88),1,1
(198,93),1,1
(198,110),1,1
(198,112),1,1
(198,113),1,1
(198,124),1,1
(198,138),1,1
(198,150),1,1
(198,163),1,1
(198,170),1,1
(199,0),1,1
(199,17),1,1
(199,22),1,1
(199,34),1,1
(199,38),1,1
(199,62),1,1
(199,82),1,1
(199,84),1,1
(199,87),1,1
(199,96),1,1
(199,137),1,1
(199,169),1,1
(199,174),1,1
(199,184),1,1
(199,186),1,1
(199,191),1,1
