Nr_Pairs = 200
Nr_NDD = 0
Nr_Arcs = 3951
0,0,0,0,0
1,0,0,0,0
2,0,0,0,0
3,0,0,0,0
4,0,0,0,0
5,0,0,0,0
6,0,0,0,0
7,0,0,0,0
8,0,0,0,0
9,0,0,0,0
10,0,0,0,0
11,0,0,0,0
12,0,0,0,0
13,0,0,0,0
14,0,0,0,0
15,0,0,0,0
16,0,0,0,0
17,0,0,0,0
18,0,0,0,0
19,0,0,0,0
20,0,0,0,0
21,0,0,0,0
22,0,0,0,0
23,0,0,0,0
24,0,0,0,0
25,0,0,0,0
26,0,0,0,0
27,0,0,0,0
28,0,0,0,0
29,0,0,0,0
30,0,0,0,0
31,0,0,0,0
32,0,0,0,0
33,0,0,0,0
34,0,0,0,0
35,0,0,0,0
36,0,0,0,0
37,0,0,0,0
38,0,0,0,0
39,0,0,0,0
40,0,0,0,0
41,0,0,0,0
42,0,0,0,0
43,0,0,0,0
44,0,0,0,0
45,0,0,0,0
46,0,0,0,0
47,0,0,0,0
48,0,0,0,0
49,0,0,0,0
50,0,0,0,0
51,0,0,0,0
52,0,0,0,0
53,0,0,0,0
54,0,0,0,0
55,0,0,0,0
56,0,0,0,0
57,0,0,0,0
58,0,0,0,0
59,0,0,0,0
60,0,0,0,0
61,0,0,0,0
62,0,0,0,0
63,0,0,0,0
64,0,0,0,0
65,0,0,0,0
66,0,0,0,0
67,0,0,0,0
68,0,0,0,0
69,0,0,0,0
70,0,0,0,0
71,0,0,0,0
72,0,0,0,0
73,0,0,0,0
74,0,0,0,0
75,0,0,0,0
76,0,0,0,0
77,0,0,0,0
78,0,0,0,0
79,0,0,0,0
80,0,0,0,0
81,0,0,0,0
82,0,0,0,0
83,0,0,0,0
84,0,0,0,0
85,0,0,0,0
86,0,0,0,0
87,0,0,0,0
88,0,0,0,0
89,0,0,0,0
90,0,0,0,0
91,0,0,0,0
92,0,0,0,0
93,0,0,0,0
94,0,0,0,0
95,0,0,0,0
96,0,0,0,0
97,0,0,0,0
98,0,0,0,0
99,0,0,0,0
100,0,0,0,0
101,0,0,0,0
102,0,0,0,0
103,0,0,0,0
104,0,0,0,0
105,0,0,0,0
106,0,0,0,0
107,0,0,0,0
108,0,0,0,0
109,0,0,0,0
110,0,0,0,0
111,0,0,0,0
112,0,0,0,0
113,0,0,0,0
114,0,0,0,0
115,0,0,0,0
116,0,0,0,0
117,0,0,0,0
118,0,0,0,0
119,0,0,0,0
120,0,0,0,0
121,0,0,0,0
122,0,0,0,0
123,0,0,0,0
124,0,0,0,0
125,0,0,0,0
126,0,0,0,0
127,0,0,0,0
128,0,0,0,0
129,0,0,0,0
130,0,0,0,0
131,0,0,0,0
132,0,0,0,0
133,0,0,0,0
134,0,0,0,0
135,0,0,0,0
136,0,0,0,0
137,0,0,0,0
138,0,0,0,0
139,0,0,0,0
140,0,0,0,0
141,0,0,0,0
142,0,0,0,0
143,0,0,0,0
144,0,0,0,0
145,0,0,0,0
146,0,0,0,0
147,0,0,0,0
148,0,0,0,0
149,0,0,0,0
150,0,0,0,0
151,0,0,0,0
152,0,0,0,0
153,0,0,0,0
154,0,0,0,0
155,0,0,0,0
156,0,0,0,0
157,0,0,0,0
158,0,0,0,0
159,0,0,0,0
160,0,0,0,0
161,0,0,0,0
162,0,0,0,0
163,0,0,0,0
164,0,0,0,0
165,0,0,0,0
166,0,0,0,0
167,0,0,0,0
168,0,0,0,0
169,0,0,0,0
170,0,0,0,0
171,0,0,0,0
172,0,0,0,0
173,0,0,0,0
174,0,0,0,0
175,0,0,0,0
176,0,0,0,0
177,0,0,0,0
178,0,0,0,0
179,0,0,0,0
180,0,0,0,0
181,0,0,0,0
182,0,0,0,0
183,0,0,0,0
184,0,0,0,0
185,0,0,0,0
186,0,0,0,0
187,0,0,0,0
188,0,0,0,0
189,0,0,0,0
190,0,0,0,0
191,0,0,0,0
192,0,0,0,0
193,0,0,0,0
194,0,0,0,0
195,0,0,0,0
196,0,0,0,0
197,0,0,0,0
198,0,0,0,0
199,0,0,0,0
(0,1),1,51
(0,19),1,56
(0,29),1,96
(0,43),1,6
(0,57),1,33
(0,62),1,51
(0,68),1,77
(0,76),1,18
(0,83),1,64
(0,93),1,87
(0,133),1,31
(0,140),1,38
(0,159),1,53
(0,170),1,65
(1,3),1,58
(1,6),1,1
(1,17),1,93
(1,45),1,76
(1,49),1,63
(1,51),1,5
(1,52),1,89
(1,58),1,55
(1,63),1,2
(1,92),1,97
(1,97),1,97
(1,105),1,85
(1,112),1,67
(1,146),1,56
(1,151),1,15
(1,157),1,18
(1,158),1,47
(1,162),1,40
(1,176),1,12
(1,179),1,20
(1,182),1,19
(2,6),1,99
(2,35),1,79
(2,36),1,28
(2,52),1,81
(2,57),1,38
(2,70),1,79
(2,92),1,16
(2,97),1,99
(2,105),1,93
(2,117),1,14
(2,126),1,95
(2,128),1,27
(2,141),1,11
(2,150),1,99
(2,157),1,72
(2,171),1,41
(2,189),1,47
(3,8),1,46
(3,25),1,17
(3,31),1,23
(3,37),1,91
(3,50),1,64
(3,96),1,88
(3,98),1,45
(3,99),1,95
(3,100),1,93
(3,125),1,54
(3,139),1,68
(3,141),1,36
(3,144),1,74
(3,146),1,74
(3,186),1,78
(4,10),1,21
(4,12),1,30
(4,17),1,5
(4,19),1,18
(4,64),1,60
(4,74),1,62
(4,84),1,88
(4,99),1,78
(4,101),1,59
(4,104),1,69
(4,109),1,66
(4,122),1,15
(4,123),1,15
(4,179),1,63
(4,180),1,12
(5,3),1,80
(5,23),1,26
(5,26),1,38
(5,27),1,83
(5,49),1,56
(5,72),1,83
(5,102),1,4
(5,116),1,1
(5,137),1,42
(5,141),1,19
(5,146),1,16
(5,154),1,22
(5,158),1,81
(5,166),1,30
(5,169),1,32
(5,185),1,18
(5,186),1,74
(5,191),1,53
(5,192),1,52
(6,4),1,62
(6,13),1,88
(6,23),1,16
(6,45),1,64
(6,52),1,27
(6,59),1,11
(6,62),1,38
(6,65),1,73
(6,76),1,42
(6,79),1,49
(6,87),1,82
(6,98),1,43
(6,103),1,7
(6,109),1,60
(6,129),1,58
(6,133),1,84
(6,139),1,72
(6,152),1,21
(6,155),1,41
(6,167),1,63
(6,180),1,28
(6,198),1,24
(6,199),1,90
(7,6),1,56
(7,12),1,44
(7,13),1,91
(7,29),1,74
(7,33),1,47
(7,49),1,23
(7,67),1,89
(7,73),1,0
(7,74),1,51
(7,103),1,57
(7,109),1,51
(7,129),1,12
(7,144),1,56
(7,159),1,88
(7,161),1,60
(7,162),1,28
(7,168),1,36
(8,0),1,55
(8,15),1,62
(8,42),1,18
(8,49),1,18
(8,68),1,47
(8,77),1,38
(8,78),1,15
(8,86),1,60
(8,90),1,56
(8,97),1,69
(8,98),1,7
(8,100),1,65
(8,102),1,18
(8,110),1,72
(8,114),1,3
(8,124),1,26
(8,128),1,54
(8,132),1,73
(8,137),1,43
(8,142),1,23
(8,143),1,55
(8,148),1,64
(8,153),1,53
(8,166),1,60
(8,173),1,0
(8,179),1,62
(8,186),1,91
(9,3),1,47
(9,27),1,59
(9,35),1,20
(9,39),1,96
(9,46),1,66
(9,52),1,93
(9,59),1,6
(9,65),1,80
(9,66),1,93
(9,69),1,89
(9,72),1,10
(9,82),1,40
(9,84),1,61
(9,103),1,43
(9,104),1,49
(9,107),1,42
(9,120),1,63
(9,142),1,60
(9,152),1,97
(9,153),1,80
(9,154),1,68
(9,158),1,17
(9,171),1,78
(9,179),1,37
(9,191),1,33
(10,11),1,60
(10,35),1,89
(10,49),1,90
(10,54),1,52
(10,66),1,65
(10,72),1,92
(10,79),1,53
(10,113),1,94
(10,152),1,93
(10,158),1,14
(10,172),1,9
(10,178),1,90
(10,182),1,24
(10,196),1,81
(11,10),1,46
(11,17),1,49
(11,27),1,62
(11,38),1,70
(11,40),1,26
(11,48),1,15
(11,56),1,46
(11,88),1,14
(11,113),1,26
(11,115),1,24
(11,123),1,32
(11,130),1,46
(11,133),1,44
(11,139),1,95
(11,141),1,31
(11,146),1,57
(11,154),1,87
(12,8),1,62
(12,33),1,70
(12,41),1,97
(12,43),1,69
(12,45),1,94
(12,47),1,23
(12,60),1,6
(12,62),1,89
(12,76),1,74
(12,82),1,46
(12,93),1,52
(12,105),1,73
(12,111),1,3
(12,118),1,80
(12,121),1,57
(12,123),1,15
(12,126),1,42
(12,136),1,68
(12,137),1,11
(12,143),1,38
(12,144),1,2
(12,151),1,15
(12,155),1,88
(12,173),1,98
(12,186),1,77
(12,194),1,27
(12,195),1,13
(12,197),1,73
(13,10),1,62
(13,12),1,86
(13,18),1,93
(13,20),1,28
(13,24),1,98
(13,37),1,88
(13,38),1,88
(13,48),1,66
(13,49),1,16
(13,62),1,96
(13,63),1,92
(13,67),1,96
(13,89),1,49
(13,105),1,66
(13,125),1,86
(13,129),1,40
(13,130),1,87
(13,133),1,16
(13,147),1,81
(13,190),1,78
(14,17),1,8
(14,24),1,74
(14,26),1,68
(14,37),1,30
(14,53),1,22
(14,57),1,52
(14,77),1,0
(14,101),1,98
(14,107),1,3
(14,114),1,64
(14,122),1,36
(14,128),1,30
(14,131),1,27
(14,135),1,1
(14,137),1,71
(14,151),1,21
(14,152),1,46
(14,156),1,66
(14,171),1,0
(14,179),1,23
(14,188),1,20
(15,4),1,91
(15,18),1,6
(15,30),1,30
(15,32),1,15
(15,51),1,10
(15,56),1,93
(15,69),1,92
(15,72),1,4
(15,74),1,22
(15,98),1,85
(15,127),1,88
(15,144),1,91
(15,169),1,84
(15,176),1,89
(15,177),1,10
(15,182),1,13
(15,196),1,63
(16,21),1,7
(16,25),1,42
(16,28),1,92
(16,34),1,38
(16,61),1,43
(16,67),1,94
(16,74),1,50
(16,76),1,81
(16,78),1,99
(16,80),1,66
(16,103),1,92
(16,109),1,98
(16,118),1,75
(16,124),1,69
(16,145),1,17
(16,146),1,16
(16,152),1,54
(16,186),1,54
(16,199),1,33
(17,8),1,26
(17,10),1,57
(17,11),1,79
(17,36),1,57
(17,67),1,88
(17,70),1,92
(17,72),1,55
(17,73),1,59
(17,74),1,49
(17,85),1,93
(17,100),1,16
(17,108),1,77
(17,109),1,72
(17,117),1,93
(17,123),1,24
(17,149),1,74
(17,155),1,11
(17,177),1,70
(17,178),1,70
(17,183),1,40
(17,185),1,3
(18,3),1,33
(18,8),1,58
(18,20),1,33
(18,27),1,53
(18,43),1,63
(18,47),1,53
(18,72),1,33
(18,83),1,31
(18,87),1,91
(18,89),1,43
(18,92),1,47
(18,102),1,41
(18,112),1,42
(18,127),1,56
(18,128),1,29
(18,139),1,65
(18,161),1,23
(18,172),1,41
(18,186),1,56
(18,195),1,98
(18,198),1,33
(19,2),1,78
(19,3),1,92
(19,5),1,34
(19,11),1,36
(19,13),1,38
(19,22),1,34
(19,25),1,13
(19,28),1,16
(19,45),1,10
(19,63),1,81
(19,75),1,81
(19,100),1,51
(19,105),1,24
(19,115),1,7
(19,134),1,50
(19,135),1,8
(19,153),1,29
(19,160),1,54
(19,171),1,62
(20,2),1,88
(20,7),1,6
(20,14),1,45
(20,18),1,29
(20,21),1,83
(20,25),1,100
(20,29),1,93
(20,31),1,49
(20,34),1,11
(20,42),1,99
(20,53),1,28
(20,57),1,4
(20,69),1,43
(20,71),1,68
(20,73),1,81
(20,100),1,94
(20,134),1,55
(20,151),1,87
(20,157),1,60
(20,159),1,88
(20,164),1,7
(20,167),1,74
(20,185),1,5
(21,6),1,28
(21,9),1,49
(21,11),1,79
(21,14),1,66
(21,47),1,34
(21,58),1,60
(21,64),1,38
(21,81),1,13
(21,92),1,100
(21,96),1,48
(21,106),1,34
(21,115),1,71
(21,126),1,51
(21,127),1,99
(21,131),1,26
(21,136),1,77
(21,150),1,7
(21,182),1,62
(22,27),1,77
(22,29),1,19
(22,50),1,90
(22,83),1,23
(22,86),1,56
(22,105),1,63
(22,115),1,31
(22,119),1,96
(22,126),1,6
(22,140),1,51
(22,146),1,100
(22,153),1,41
(22,154),1,3
(22,165),1,25
(22,174),1,60
(22,184),1,47
(22,192),1,13
(23,0),1,23
(23,2),1,2
(23,3),1,94
(23,8),1,17
(23,20),1,18
(23,25),1,23
(23,33),1,67
(23,42),1,78
(23,47),1,80
(23,56),1,85
(23,58),1,35
(23,94),1,80
(23,101),1,91
(23,112),1,76
(23,121),1,22
(23,141),1,6
(23,143),1,74
(23,146),1,99
(23,149),1,23
(23,160),1,6
(23,165),1,17
(23,181),1,7
(23,182),1,73
(24,5),1,62
(24,30),1,97
(24,43),1,23
(24,46),1,98
(24,54),1,67
(24,56),1,62
(24,58),1,53
(24,64),1,54
(24,66),1,43
(24,109),1,42
(24,112),1,59
(24,118),1,2
(24,125),1,17
(24,133),1,42
(24,162),1,6
(24,184),1,15
(25,12),1,30
(25,17),1,89
(25,19),1,56
(25,35),1,99
(25,39),1,93
(25,50),1,89
(25,68),1,91
(25,76),1,70
(25,87),1,74
(25,88),1,81
(25,90),1,2
(25,96),1,0
(25,107),1,78
(25,109),1,36
(25,112),1,37
(25,118),1,62
(25,125),1,4
(25,130),1,62
(25,133),1,14
(25,141),1,57
(25,144),1,80
(25,164),1,32
(25,166),1,92
(25,185),1,92
(25,192),1,55
(25,199),1,94
(26,0),1,7
(26,1),1,84
(26,2),1,69
(26,10),1,43
(26,39),1,61
(26,41),1,22
(26,42),1,77
(26,45),1,54
(26,60),1,15
(26,76),1,22
(26,82),1,37
(26,106),1,38
(26,119),1,37
(26,122),1,3
(26,126),1,60
(26,138),1,65
(26,148),1,95
(26,180),1,35
(26,183),1,48
(26,190),1,82
(27,7),1,88
(27,16),1,62
(27,18),1,49
(27,58),1,12
(27,71),1,5
(27,83),1,85
(27,84),1,11
(27,89),1,46
(27,92),1,57
(27,93),1,42
(27,98),1,85
(27,113),1,68
(27,117),1,23
(27,124),1,21
(27,125),1,81
(27,128),1,46
(27,151),1,7
(27,153),1,60
(27,155),1,36
(27,180),1,53
(27,184),1,26
(27,197),1,97
(28,0),1,1
(28,12),1,12
(28,14),1,16
(28,30),1,75
(28,38),1,64
(28,45),1,14
(28,50),1,33
(28,62),1,71
(28,83),1,47
(28,85),1,3
(28,111),1,34
(28,124),1,52
(28,126),1,5
(28,127),1,36
(28,133),1,68
(28,134),1,7
(28,139),1,64
(28,140),1,48
(28,172),1,12
(28,189),1,14
(28,196),1,12
(29,23),1,60
(29,24),1,78
(29,26),1,55
(29,36),1,35
(29,41),1,24
(29,47),1,45
(29,53),1,20
(29,90),1,43
(29,92),1,15
(29,135),1,16
(29,155),1,88
(29,170),1,26
(29,182),1,63
(29,184),1,24
(29,186),1,41
(29,195),1,70
(30,2),1,56
(30,12),1,8
(30,15),1,31
(30,23),1,63
(30,42),1,96
(30,48),1,29
(30,53),1,14
(30,62),1,33
(30,67),1,83
(30,74),1,31
(30,99),1,90
(30,104),1,5
(30,134),1,45
(30,159),1,90
(30,165),1,78
(30,170),1,75
(30,184),1,90
(30,185),1,58
(30,196),1,68
(30,199),1,72
(31,11),1,9
(31,25),1,82
(31,38),1,77
(31,54),1,74
(31,56),1,2
(31,62),1,2
(31,76),1,47
(31,77),1,60
(31,100),1,96
(31,106),1,65
(31,107),1,81
(31,114),1,27
(31,116),1,17
(31,124),1,51
(31,129),1,66
(31,134),1,12
(31,153),1,55
(31,157),1,67
(31,165),1,25
(31,167),1,68
(31,168),1,15
(31,169),1,98
(31,180),1,12
(31,183),1,27
(31,192),1,59
(32,9),1,90
(32,19),1,79
(32,24),1,41
(32,28),1,81
(32,41),1,65
(32,42),1,55
(32,44),1,94
(32,46),1,57
(32,47),1,0
(32,51),1,13
(32,53),1,50
(32,71),1,25
(32,77),1,8
(32,88),1,44
(32,93),1,19
(32,94),1,27
(32,96),1,2
(32,106),1,90
(32,109),1,46
(32,118),1,63
(32,120),1,1
(32,124),1,12
(32,137),1,70
(32,138),1,37
(32,159),1,74
(32,169),1,92
(32,183),1,14
(32,188),1,14
(33,11),1,76
(33,12),1,43
(33,18),1,41
(33,28),1,32
(33,46),1,42
(33,65),1,97
(33,73),1,2
(33,74),1,27
(33,77),1,91
(33,106),1,80
(33,121),1,69
(33,138),1,31
(33,145),1,41
(33,151),1,7
(33,160),1,87
(33,163),1,81
(33,168),1,15
(33,169),1,49
(33,191),1,78
(33,199),1,48
(34,7),1,14
(34,19),1,10
(34,24),1,32
(34,48),1,5
(34,56),1,54
(34,69),1,58
(34,77),1,74
(34,82),1,13
(34,90),1,68
(34,96),1,94
(34,101),1,52
(34,125),1,30
(34,131),1,57
(34,137),1,94
(34,141),1,3
(34,165),1,68
(34,166),1,79
(34,173),1,43
(34,180),1,66
(34,184),1,64
(34,188),1,32
(34,199),1,7
(35,1),1,19
(35,15),1,48
(35,17),1,55
(35,18),1,54
(35,34),1,53
(35,53),1,97
(35,70),1,35
(35,77),1,32
(35,102),1,79
(35,103),1,53
(35,114),1,52
(35,119),1,70
(35,120),1,55
(35,142),1,2
(35,160),1,81
(35,166),1,17
(35,174),1,55
(35,190),1,7
(36,0),1,21
(36,19),1,45
(36,25),1,85
(36,41),1,51
(36,50),1,96
(36,77),1,69
(36,84),1,12
(36,90),1,11
(36,91),1,46
(36,102),1,78
(36,105),1,39
(36,106),1,37
(36,109),1,56
(36,114),1,14
(36,132),1,66
(36,165),1,28
(36,184),1,48
(37,10),1,65
(37,11),1,33
(37,24),1,54
(37,42),1,7
(37,45),1,89
(37,61),1,61
(37,72),1,28
(37,78),1,45
(37,85),1,11
(37,89),1,59
(37,121),1,56
(37,123),1,39
(37,138),1,47
(37,147),1,0
(37,151),1,64
(37,159),1,43
(37,168),1,34
(37,184),1,14
(37,186),1,87
(37,188),1,34
(37,191),1,3
(37,194),1,27
(38,32),1,38
(38,45),1,3
(38,57),1,15
(38,60),1,78
(38,62),1,33
(38,77),1,31
(38,81),1,78
(38,88),1,98
(38,99),1,41
(38,101),1,85
(38,110),1,43
(38,111),1,32
(38,112),1,100
(38,114),1,32
(38,124),1,0
(38,137),1,47
(38,148),1,44
(38,159),1,52
(38,165),1,19
(38,168),1,8
(38,170),1,33
(38,185),1,83
(38,191),1,48
(39,2),1,35
(39,9),1,23
(39,16),1,63
(39,21),1,43
(39,26),1,97
(39,51),1,64
(39,69),1,85
(39,80),1,63
(39,87),1,36
(39,89),1,64
(39,91),1,36
(39,106),1,51
(39,107),1,41
(39,111),1,16
(39,115),1,46
(39,139),1,7
(39,143),1,0
(39,157),1,72
(39,161),1,53
(39,173),1,80
(39,179),1,62
(39,193),1,39
(39,197),1,4
(40,14),1,49
(40,41),1,61
(40,43),1,86
(40,61),1,10
(40,70),1,84
(40,73),1,55
(40,77),1,56
(40,85),1,100
(40,86),1,91
(40,98),1,52
(40,105),1,33
(40,113),1,84
(40,121),1,76
(40,128),1,98
(40,149),1,90
(40,158),1,98
(40,170),1,6
(40,191),1,30
(41,0),1,41
(41,2),1,29
(41,7),1,11
(41,14),1,91
(41,40),1,66
(41,53),1,79
(41,57),1,96
(41,61),1,13
(41,64),1,39
(41,70),1,0
(41,71),1,82
(41,84),1,3
(41,93),1,38
(41,100),1,26
(41,102),1,76
(41,110),1,58
(41,115),1,67
(41,120),1,2
(41,146),1,9
(42,17),1,61
(42,29),1,56
(42,32),1,97
(42,39),1,62
(42,44),1,78
(42,82),1,13
(42,87),1,72
(42,90),1,82
(42,106),1,64
(42,111),1,89
(42,117),1,20
(42,119),1,80
(42,122),1,98
(42,125),1,99
(42,128),1,35
(42,140),1,90
(42,154),1,70
(42,178),1,75
(42,183),1,88
(42,194),1,4
(42,199),1,48
(43,12),1,92
(43,19),1,59
(43,34),1,0
(43,47),1,41
(43,60),1,22
(43,73),1,44
(43,76),1,79
(43,84),1,49
(43,86),1,38
(43,97),1,62
(43,98),1,9
(43,104),1,80
(43,106),1,47
(43,121),1,84
(43,148),1,16
(43,149),1,69
(43,151),1,88
(43,173),1,71
(43,178),1,77
(43,188),1,82
(44,8),1,8
(44,16),1,71
(44,21),1,87
(44,27),1,35
(44,41),1,53
(44,46),1,56
(44,58),1,85
(44,77),1,73
(44,78),1,93
(44,103),1,73
(44,127),1,67
(44,129),1,58
(44,140),1,17
(44,141),1,93
(44,150),1,66
(44,161),1,88
(44,169),1,58
(44,182),1,55
(44,186),1,31
(45,16),1,78
(45,43),1,58
(45,53),1,28
(45,59),1,82
(45,60),1,79
(45,61),1,26
(45,68),1,21
(45,81),1,32
(45,82),1,25
(45,86),1,57
(45,98),1,10
(45,101),1,92
(45,113),1,72
(45,131),1,41
(45,140),1,0
(45,143),1,47
(45,145),1,79
(45,155),1,49
(45,167),1,53
(45,183),1,38
(45,186),1,11
(45,187),1,87
(46,4),1,39
(46,7),1,59
(46,22),1,79
(46,34),1,79
(46,45),1,11
(46,54),1,69
(46,60),1,50
(46,71),1,16
(46,78),1,68
(46,88),1,82
(46,94),1,65
(46,105),1,18
(46,107),1,81
(46,119),1,64
(46,121),1,24
(46,123),1,27
(46,127),1,62
(46,137),1,47
(46,141),1,71
(46,144),1,17
(46,152),1,59
(46,161),1,97
(46,162),1,0
(46,175),1,38
(46,176),1,99
(46,178),1,79
(46,196),1,87
(47,5),1,31
(47,21),1,81
(47,24),1,87
(47,27),1,22
(47,29),1,86
(47,32),1,54
(47,34),1,81
(47,41),1,23
(47,59),1,62
(47,76),1,75
(47,88),1,17
(47,97),1,30
(47,104),1,15
(47,128),1,68
(47,133),1,96
(47,135),1,48
(47,137),1,21
(47,150),1,62
(47,157),1,43
(47,160),1,40
(47,167),1,85
(47,190),1,58
(47,192),1,26
(48,0),1,73
(48,20),1,63
(48,33),1,92
(48,36),1,42
(48,40),1,26
(48,60),1,31
(48,67),1,0
(48,74),1,94
(48,89),1,0
(48,94),1,2
(48,95),1,28
(48,97),1,61
(48,101),1,92
(48,107),1,77
(48,111),1,78
(48,134),1,51
(48,137),1,62
(48,142),1,50
(48,148),1,22
(48,153),1,22
(48,156),1,100
(48,158),1,80
(48,178),1,90
(49,17),1,39
(49,38),1,2
(49,43),1,27
(49,51),1,100
(49,75),1,25
(49,92),1,20
(49,101),1,4
(49,104),1,94
(49,105),1,11
(49,107),1,10
(49,124),1,26
(49,129),1,12
(49,167),1,29
(49,175),1,81
(49,181),1,37
(49,193),1,84
(49,194),1,14
(50,0),1,33
(50,9),1,87
(50,16),1,25
(50,25),1,73
(50,55),1,42
(50,77),1,63
(50,96),1,40
(50,104),1,3
(50,136),1,86
(50,170),1,19
(50,186),1,26
(50,188),1,3
(50,190),1,8
(51,19),1,96
(51,30),1,53
(51,31),1,77
(51,37),1,3
(51,38),1,12
(51,50),1,20
(51,66),1,23
(51,102),1,98
(51,110),1,30
(51,118),1,23
(51,123),1,28
(51,137),1,20
(51,139),1,14
(51,148),1,19
(51,160),1,75
(51,188),1,90
(51,199),1,75
(52,3),1,36
(52,4),1,98
(52,11),1,82
(52,27),1,62
(52,33),1,97
(52,41),1,90
(52,42),1,49
(52,57),1,84
(52,60),1,25
(52,70),1,49
(52,72),1,81
(52,73),1,21
(52,92),1,31
(52,101),1,14
(52,109),1,64
(52,110),1,8
(52,112),1,16
(52,120),1,78
(52,136),1,82
(52,143),1,79
(52,160),1,35
(52,165),1,78
(52,169),1,9
(52,173),1,76
(52,178),1,15
(52,181),1,29
(52,199),1,29
(53,6),1,27
(53,10),1,45
(53,36),1,35
(53,58),1,87
(53,69),1,13
(53,73),1,99
(53,78),1,35
(53,80),1,44
(53,89),1,82
(53,95),1,7
(53,160),1,68
(53,167),1,53
(53,171),1,14
(53,174),1,26
(53,176),1,77
(53,181),1,6
(53,190),1,93
(53,191),1,74
(53,196),1,95
(54,9),1,50
(54,36),1,64
(54,48),1,6
(54,60),1,71
(54,70),1,85
(54,80),1,94
(54,85),1,61
(54,96),1,0
(54,106),1,60
(54,150),1,15
(54,153),1,64
(54,159),1,63
(54,180),1,23
(54,196),1,83
(55,0),1,46
(55,15),1,96
(55,89),1,31
(55,100),1,80
(55,116),1,97
(55,118),1,99
(55,125),1,57
(55,128),1,31
(55,129),1,34
(55,147),1,24
(55,155),1,75
(55,157),1,79
(55,159),1,89
(55,168),1,88
(55,175),1,26
(55,188),1,51
(55,195),1,56
(55,198),1,1
(56,21),1,94
(56,33),1,10
(56,54),1,19
(56,66),1,20
(56,83),1,64
(56,90),1,76
(56,101),1,36
(56,112),1,41
(56,115),1,89
(56,125),1,29
(56,127),1,28
(56,128),1,4
(56,150),1,88
(56,156),1,69
(56,171),1,41
(56,194),1,38
(56,197),1,21
(57,9),1,80
(57,10),1,68
(57,25),1,63
(57,44),1,30
(57,74),1,26
(57,80),1,13
(57,96),1,71
(57,110),1,82
(57,130),1,43
(57,131),1,95
(57,135),1,21
(57,140),1,53
(57,148),1,7
(57,149),1,62
(57,163),1,10
(57,191),1,3
(58,7),1,18
(58,11),1,5
(58,29),1,98
(58,42),1,9
(58,45),1,88
(58,53),1,34
(58,77),1,73
(58,85),1,48
(58,97),1,38
(58,99),1,39
(58,105),1,20
(58,125),1,52
(58,129),1,33
(58,134),1,73
(58,135),1,99
(58,141),1,38
(58,168),1,29
(58,171),1,1
(58,179),1,82
(58,189),1,70
(58,196),1,42
(59,44),1,71
(59,74),1,25
(59,88),1,66
(59,97),1,84
(59,118),1,68
(59,122),1,60
(59,123),1,22
(59,131),1,27
(59,172),1,14
(59,177),1,52
(59,187),1,28
(59,196),1,61
(59,199),1,82
(60,0),1,11
(60,5),1,10
(60,8),1,36
(60,25),1,76
(60,52),1,78
(60,55),1,19
(60,96),1,69
(60,143),1,13
(60,151),1,69
(60,159),1,52
(60,170),1,5
(61,13),1,2
(61,29),1,84
(61,39),1,18
(61,41),1,13
(61,45),1,1
(61,52),1,53
(61,66),1,16
(61,74),1,51
(61,75),1,76
(61,83),1,32
(61,91),1,35
(61,96),1,36
(61,108),1,84
(61,113),1,11
(61,114),1,8
(61,125),1,46
(61,138),1,54
(61,159),1,24
(61,173),1,35
(61,176),1,33
(61,180),1,19
(61,194),1,49
(61,196),1,80
(62,12),1,21
(62,13),1,40
(62,36),1,44
(62,40),1,32
(62,55),1,50
(62,59),1,51
(62,68),1,15
(62,69),1,53
(62,77),1,45
(62,78),1,1
(62,80),1,71
(62,81),1,60
(62,91),1,40
(62,100),1,92
(62,114),1,36
(62,151),1,40
(62,153),1,39
(62,156),1,42
(63,27),1,0
(63,41),1,76
(63,43),1,15
(63,47),1,3
(63,53),1,11
(63,62),1,61
(63,78),1,72
(63,82),1,82
(63,84),1,70
(63,94),1,46
(63,112),1,8
(63,116),1,40
(63,124),1,77
(63,132),1,28
(63,151),1,11
(63,157),1,28
(63,162),1,55
(63,178),1,60
(63,183),1,67
(64,3),1,22
(64,8),1,9
(64,15),1,40
(64,25),1,2
(64,27),1,28
(64,65),1,77
(64,66),1,6
(64,78),1,7
(64,84),1,5
(64,86),1,93
(64,94),1,37
(64,123),1,31
(64,126),1,59
(64,134),1,85
(64,161),1,45
(64,162),1,22
(64,164),1,19
(64,166),1,1
(64,182),1,62
(64,195),1,90
(65,27),1,18
(65,33),1,66
(65,55),1,94
(65,70),1,71
(65,71),1,76
(65,75),1,76
(65,80),1,32
(65,90),1,33
(65,91),1,62
(65,92),1,43
(65,93),1,13
(65,99),1,55
(65,105),1,10
(65,117),1,17
(65,118),1,51
(65,125),1,27
(65,131),1,95
(65,146),1,45
(65,151),1,76
(65,166),1,54
(65,175),1,57
(65,189),1,27
(65,197),1,69
(66,30),1,20
(66,43),1,71
(66,44),1,58
(66,45),1,42
(66,49),1,81
(66,68),1,12
(66,69),1,14
(66,74),1,51
(66,78),1,8
(66,102),1,46
(66,103),1,15
(66,138),1,60
(66,147),1,88
(66,149),1,29
(66,161),1,72
(66,164),1,41
(66,165),1,46
(66,166),1,1
(66,188),1,60
(67,9),1,92
(67,12),1,88
(67,20),1,35
(67,36),1,95
(67,46),1,59
(67,47),1,78
(67,51),1,84
(67,57),1,91
(67,70),1,80
(67,79),1,62
(67,83),1,67
(67,93),1,60
(67,95),1,38
(67,108),1,54
(67,181),1,84
(67,184),1,68
(68,16),1,9
(68,17),1,4
(68,33),1,19
(68,51),1,30
(68,54),1,66
(68,118),1,21
(68,132),1,55
(68,137),1,100
(68,142),1,8
(68,147),1,55
(68,164),1,29
(68,181),1,51
(68,187),1,56
(69,36),1,29
(69,62),1,99
(69,65),1,77
(69,78),1,71
(69,81),1,95
(69,85),1,45
(69,90),1,4
(69,101),1,22
(69,104),1,8
(69,105),1,18
(69,107),1,90
(69,118),1,10
(69,124),1,21
(69,136),1,25
(69,149),1,90
(69,154),1,0
(69,160),1,76
(69,164),1,88
(69,173),1,90
(69,182),1,20
(69,185),1,32
(69,186),1,91
(70,19),1,62
(70,39),1,43
(70,58),1,71
(70,93),1,100
(70,96),1,10
(70,108),1,41
(70,109),1,46
(70,111),1,33
(70,117),1,62
(70,136),1,71
(70,137),1,21
(70,147),1,16
(70,148),1,75
(70,150),1,24
(70,161),1,45
(70,162),1,49
(70,175),1,92
(70,193),1,24
(71,8),1,84
(71,21),1,14
(71,24),1,78
(71,30),1,30
(71,31),1,35
(71,33),1,14
(71,35),1,17
(71,38),1,38
(71,45),1,24
(71,53),1,37
(71,78),1,44
(71,84),1,63
(71,98),1,37
(71,105),1,69
(71,108),1,81
(71,114),1,14
(71,126),1,25
(71,160),1,64
(71,171),1,72
(71,176),1,50
(71,178),1,27
(71,183),1,55
(71,196),1,70
(72,1),1,56
(72,53),1,44
(72,59),1,51
(72,64),1,88
(72,105),1,12
(72,112),1,54
(72,120),1,45
(72,129),1,96
(72,132),1,80
(72,139),1,49
(72,143),1,54
(72,156),1,85
(72,186),1,38
(72,189),1,41
(72,191),1,51
(73,10),1,4
(73,11),1,7
(73,29),1,62
(73,34),1,19
(73,54),1,98
(73,63),1,11
(73,71),1,29
(73,82),1,26
(73,98),1,97
(73,112),1,16
(73,119),1,70
(73,123),1,36
(73,130),1,61
(73,160),1,39
(73,165),1,81
(73,169),1,60
(73,187),1,36
(74,5),1,34
(74,13),1,89
(74,44),1,7
(74,59),1,81
(74,68),1,30
(74,73),1,88
(74,78),1,82
(74,92),1,30
(74,97),1,22
(74,101),1,27
(74,130),1,55
(74,148),1,51
(74,154),1,95
(74,157),1,13
(74,163),1,83
(74,171),1,66
(74,193),1,89
(75,2),1,31
(75,17),1,18
(75,19),1,19
(75,20),1,61
(75,23),1,82
(75,38),1,94
(75,47),1,41
(75,55),1,2
(75,84),1,28
(75,97),1,41
(75,101),1,63
(75,103),1,39
(75,107),1,60
(75,112),1,87
(75,114),1,41
(75,116),1,7
(75,127),1,86
(75,139),1,60
(75,147),1,61
(75,180),1,59
(75,190),1,81
(76,15),1,72
(76,19),1,20
(76,21),1,19
(76,24),1,87
(76,25),1,21
(76,42),1,52
(76,81),1,81
(76,82),1,100
(76,85),1,61
(76,92),1,31
(76,102),1,0
(76,110),1,66
(76,125),1,93
(76,127),1,44
(76,129),1,24
(76,143),1,85
(76,146),1,60
(76,158),1,28
(76,167),1,23
(77,13),1,37
(77,27),1,32
(77,32),1,26
(77,48),1,20
(77,49),1,88
(77,55),1,97
(77,59),1,86
(77,68),1,53
(77,74),1,86
(77,93),1,39
(77,94),1,91
(77,97),1,18
(77,105),1,3
(77,109),1,21
(77,119),1,50
(77,135),1,35
(77,148),1,92
(77,150),1,34
(77,158),1,36
(77,170),1,98
(77,172),1,72
(77,177),1,80
(77,183),1,74
(77,185),1,4
(77,189),1,66
(77,192),1,100
(78,16),1,67
(78,21),1,18
(78,28),1,50
(78,30),1,5
(78,33),1,97
(78,34),1,15
(78,38),1,7
(78,42),1,25
(78,61),1,18
(78,84),1,57
(78,93),1,33
(78,110),1,81
(78,120),1,49
(78,127),1,7
(78,156),1,52
(78,163),1,46
(78,170),1,64
(78,181),1,8
(78,194),1,86
(78,199),1,64
(79,1),1,61
(79,34),1,48
(79,80),1,22
(79,83),1,64
(79,85),1,44
(79,120),1,59
(79,135),1,46
(79,136),1,92
(79,147),1,76
(79,151),1,33
(79,157),1,13
(79,163),1,54
(79,167),1,75
(79,176),1,31
(79,178),1,60
(79,190),1,8
(79,195),1,98
(79,199),1,32
(80,7),1,31
(80,10),1,48
(80,13),1,70
(80,25),1,43
(80,27),1,72
(80,38),1,27
(80,44),1,26
(80,78),1,97
(80,81),1,42
(80,87),1,86
(80,88),1,8
(80,89),1,57
(80,98),1,100
(80,101),1,55
(80,109),1,55
(80,122),1,35
(80,130),1,56
(80,142),1,100
(80,154),1,79
(80,173),1,15
(80,182),1,26
(80,187),1,14
(80,189),1,31
(80,193),1,41
(80,195),1,29
(80,197),1,32
(81,2),1,55
(81,11),1,79
(81,25),1,27
(81,29),1,58
(81,31),1,46
(81,54),1,75
(81,62),1,86
(81,63),1,31
(81,82),1,47
(81,90),1,51
(81,117),1,23
(81,149),1,22
(81,150),1,20
(81,159),1,2
(81,164),1,54
(81,170),1,86
(81,177),1,4
(81,183),1,6
(81,194),1,66
(82,11),1,82
(82,21),1,76
(82,39),1,58
(82,40),1,47
(82,58),1,48
(82,60),1,80
(82,69),1,40
(82,87),1,22
(82,103),1,30
(82,106),1,9
(82,108),1,80
(82,112),1,92
(82,122),1,40
(82,133),1,19
(82,144),1,7
(82,146),1,75
(82,150),1,20
(82,159),1,32
(82,161),1,14
(82,170),1,50
(82,180),1,58
(82,184),1,21
(82,198),1,14
(83,5),1,76
(83,17),1,38
(83,19),1,15
(83,24),1,80
(83,35),1,25
(83,40),1,10
(83,44),1,89
(83,57),1,78
(83,79),1,7
(83,84),1,22
(83,85),1,98
(83,93),1,49
(83,120),1,5
(83,141),1,51
(83,154),1,97
(83,166),1,11
(83,174),1,97
(83,175),1,58
(83,194),1,15
(83,199),1,76
(84,4),1,80
(84,8),1,64
(84,21),1,2
(84,27),1,1
(84,30),1,23
(84,36),1,63
(84,65),1,24
(84,67),1,34
(84,73),1,90
(84,77),1,11
(84,79),1,59
(84,83),1,8
(84,86),1,59
(84,96),1,45
(84,100),1,7
(84,101),1,9
(84,164),1,76
(84,168),1,9
(84,169),1,5
(84,175),1,90
(84,176),1,11
(84,185),1,76
(84,187),1,73
(84,189),1,14
(85,10),1,20
(85,20),1,51
(85,21),1,68
(85,29),1,73
(85,33),1,19
(85,42),1,83
(85,49),1,2
(85,77),1,75
(85,80),1,83
(85,89),1,73
(85,102),1,71
(85,107),1,49
(85,127),1,59
(85,147),1,52
(85,160),1,43
(85,176),1,86
(85,186),1,55
(85,188),1,22
(85,190),1,64
(85,196),1,43
(86,3),1,2
(86,12),1,75
(86,22),1,93
(86,43),1,0
(86,47),1,37
(86,50),1,49
(86,55),1,73
(86,59),1,28
(86,65),1,28
(86,80),1,57
(86,82),1,99
(86,84),1,8
(86,102),1,90
(86,104),1,70
(86,120),1,80
(86,131),1,98
(86,137),1,24
(86,155),1,47
(86,174),1,39
(87,3),1,62
(87,25),1,11
(87,43),1,77
(87,49),1,19
(87,80),1,62
(87,101),1,94
(87,106),1,41
(87,138),1,36
(87,145),1,64
(87,148),1,47
(87,153),1,87
(87,172),1,48
(87,176),1,7
(87,178),1,85
(87,182),1,13
(87,183),1,89
(87,185),1,53
(88,18),1,46
(88,34),1,37
(88,35),1,97
(88,42),1,45
(88,54),1,100
(88,60),1,81
(88,63),1,33
(88,66),1,6
(88,77),1,54
(88,98),1,17
(88,100),1,84
(88,108),1,49
(88,109),1,43
(88,116),1,61
(88,124),1,65
(88,126),1,39
(88,163),1,13
(88,168),1,7
(88,175),1,99
(88,176),1,59
(89,10),1,34
(89,15),1,30
(89,17),1,19
(89,44),1,63
(89,47),1,53
(89,60),1,85
(89,72),1,76
(89,88),1,8
(89,114),1,70
(89,123),1,90
(89,125),1,24
(89,149),1,44
(89,150),1,34
(89,158),1,52
(89,163),1,81
(89,168),1,62
(89,182),1,12
(89,189),1,60
(90,4),1,100
(90,37),1,97
(90,47),1,40
(90,75),1,45
(90,79),1,11
(90,117),1,44
(90,129),1,30
(90,130),1,9
(90,134),1,40
(90,135),1,77
(90,147),1,38
(90,149),1,16
(90,161),1,95
(90,185),1,31
(90,189),1,21
(91,9),1,0
(91,10),1,71
(91,15),1,25
(91,16),1,10
(91,22),1,94
(91,26),1,35
(91,29),1,65
(91,30),1,69
(91,50),1,69
(91,56),1,65
(91,62),1,9
(91,81),1,74
(91,83),1,14
(91,97),1,10
(91,99),1,12
(91,117),1,93
(91,131),1,60
(91,132),1,73
(91,137),1,53
(91,162),1,99
(91,163),1,17
(91,170),1,45
(91,180),1,60
(91,182),1,80
(92,4),1,95
(92,11),1,27
(92,22),1,89
(92,38),1,47
(92,50),1,52
(92,56),1,65
(92,59),1,59
(92,62),1,13
(92,82),1,48
(92,83),1,84
(92,104),1,12
(92,111),1,70
(92,120),1,11
(92,135),1,12
(92,138),1,83
(92,146),1,86
(92,151),1,29
(92,153),1,92
(92,160),1,67
(92,173),1,32
(92,177),1,81
(92,180),1,81
(92,181),1,79
(92,189),1,88
(93,38),1,17
(93,40),1,25
(93,41),1,75
(93,46),1,33
(93,56),1,79
(93,67),1,84
(93,77),1,50
(93,79),1,31
(93,106),1,92
(93,139),1,62
(93,143),1,28
(93,151),1,27
(93,155),1,77
(93,166),1,58
(93,174),1,19
(93,177),1,43
(93,189),1,67
(93,192),1,46
(94,13),1,82
(94,23),1,44
(94,71),1,71
(94,75),1,59
(94,90),1,83
(94,95),1,10
(94,118),1,30
(94,134),1,2
(94,141),1,85
(94,156),1,39
(94,186),1,65
(94,195),1,75
(95,12),1,31
(95,24),1,79
(95,26),1,58
(95,39),1,24
(95,43),1,65
(95,55),1,64
(95,59),1,26
(95,61),1,81
(95,76),1,17
(95,82),1,63
(95,85),1,81
(95,101),1,98
(95,107),1,43
(95,128),1,39
(95,177),1,74
(95,183),1,11
(95,189),1,44
(95,197),1,9
(96,13),1,50
(96,16),1,69
(96,28),1,15
(96,29),1,80
(96,87),1,72
(96,92),1,100
(96,128),1,28
(96,132),1,1
(96,135),1,55
(96,153),1,16
(96,154),1,84
(96,175),1,66
(96,197),1,90
(97,6),1,58
(97,20),1,88
(97,41),1,44
(97,48),1,58
(97,64),1,17
(97,67),1,91
(97,73),1,71
(97,75),1,40
(97,82),1,12
(97,84),1,78
(97,89),1,46
(97,124),1,85
(97,134),1,54
(97,147),1,50
(97,149),1,43
(97,160),1,9
(97,163),1,88
(97,167),1,68
(97,182),1,11
(97,187),1,25
(97,190),1,53
(98,1),1,3
(98,10),1,42
(98,29),1,93
(98,35),1,96
(98,47),1,22
(98,63),1,65
(98,64),1,50
(98,72),1,99
(98,87),1,26
(98,94),1,85
(98,108),1,50
(98,115),1,32
(98,118),1,3
(98,125),1,24
(98,128),1,37
(98,143),1,56
(98,161),1,42
(98,179),1,40
(98,183),1,82
(98,193),1,52
(98,198),1,30
(99,13),1,31
(99,22),1,67
(99,38),1,8
(99,60),1,97
(99,66),1,12
(99,77),1,44
(99,116),1,62
(99,124),1,4
(99,125),1,36
(99,147),1,45
(99,156),1,24
(99,166),1,52
(100,9),1,65
(100,13),1,63
(100,19),1,75
(100,35),1,90
(100,43),1,67
(100,66),1,91
(100,72),1,26
(100,76),1,82
(100,102),1,37
(100,137),1,77
(100,143),1,27
(100,150),1,96
(100,151),1,86
(100,156),1,25
(100,162),1,9
(100,170),1,56
(100,185),1,77
(100,194),1,3
(101,3),1,71
(101,7),1,51
(101,11),1,31
(101,16),1,13
(101,25),1,38
(101,32),1,5
(101,33),1,96
(101,62),1,21
(101,63),1,94
(101,79),1,50
(101,86),1,96
(101,88),1,91
(101,96),1,49
(101,104),1,51
(101,107),1,49
(101,108),1,41
(101,162),1,84
(101,163),1,23
(101,175),1,50
(101,179),1,26
(101,181),1,29
(101,183),1,56
(101,190),1,45
(101,192),1,14
(102,1),1,96
(102,2),1,28
(102,38),1,45
(102,50),1,16
(102,54),1,91
(102,56),1,40
(102,68),1,40
(102,80),1,49
(102,84),1,49
(102,97),1,33
(102,101),1,83
(102,103),1,57
(102,107),1,27
(102,127),1,84
(102,131),1,71
(102,135),1,85
(102,137),1,52
(102,138),1,50
(102,141),1,17
(102,158),1,55
(102,164),1,19
(102,167),1,1
(102,178),1,37
(102,196),1,9
(103,30),1,98
(103,35),1,44
(103,40),1,11
(103,58),1,32
(103,59),1,77
(103,63),1,48
(103,85),1,4
(103,86),1,87
(103,90),1,0
(103,94),1,21
(103,97),1,76
(103,106),1,32
(103,118),1,48
(103,131),1,25
(103,145),1,28
(103,152),1,12
(103,181),1,54
(103,188),1,91
(103,189),1,12
(104,13),1,29
(104,58),1,97
(104,59),1,100
(104,60),1,15
(104,76),1,77
(104,93),1,80
(104,97),1,11
(104,103),1,79
(104,109),1,95
(104,111),1,2
(104,120),1,63
(104,123),1,25
(104,135),1,39
(104,139),1,32
(104,150),1,43
(104,168),1,81
(104,169),1,60
(104,196),1,46
(105,12),1,83
(105,21),1,76
(105,26),1,57
(105,44),1,79
(105,45),1,93
(105,52),1,27
(105,58),1,45
(105,70),1,60
(105,73),1,9
(105,80),1,43
(105,97),1,69
(105,98),1,69
(105,120),1,77
(105,124),1,6
(105,128),1,11
(105,133),1,74
(105,143),1,16
(105,146),1,3
(105,157),1,59
(105,163),1,90
(105,166),1,9
(105,168),1,60
(105,170),1,62
(105,173),1,10
(105,174),1,19
(105,184),1,72
(106,11),1,91
(106,15),1,88
(106,16),1,45
(106,22),1,45
(106,24),1,96
(106,38),1,0
(106,41),1,7
(106,47),1,72
(106,49),1,22
(106,51),1,11
(106,64),1,78
(106,74),1,56
(106,99),1,95
(106,123),1,57
(106,125),1,79
(106,138),1,26
(106,153),1,91
(106,159),1,57
(106,181),1,15
(106,185),1,33
(106,194),1,95
(107,12),1,43
(107,46),1,15
(107,47),1,16
(107,49),1,12
(107,79),1,32
(107,96),1,57
(107,99),1,37
(107,100),1,11
(107,115),1,61
(107,126),1,55
(107,149),1,48
(107,177),1,33
(107,180),1,2
(107,197),1,1
(108,11),1,75
(108,16),1,7
(108,22),1,14
(108,27),1,16
(108,29),1,92
(108,65),1,62
(108,125),1,29
(108,132),1,0
(108,164),1,65
(108,173),1,11
(108,175),1,78
(108,179),1,5
(108,190),1,93
(109,1),1,24
(109,20),1,33
(109,33),1,91
(109,36),1,68
(109,44),1,88
(109,45),1,66
(109,57),1,14
(109,64),1,26
(109,69),1,39
(109,77),1,26
(109,86),1,71
(109,91),1,22
(109,93),1,57
(109,97),1,34
(109,125),1,26
(109,133),1,26
(109,134),1,4
(109,149),1,47
(109,160),1,12
(109,161),1,89
(109,162),1,76
(109,163),1,14
(109,170),1,54
(109,177),1,36
(109,178),1,68
(109,180),1,17
(110,3),1,92
(110,13),1,17
(110,16),1,14
(110,30),1,14
(110,40),1,13
(110,49),1,82
(110,59),1,5
(110,63),1,84
(110,67),1,43
(110,69),1,76
(110,75),1,44
(110,83),1,18
(110,124),1,66
(110,133),1,60
(110,152),1,20
(110,162),1,31
(110,176),1,66
(110,177),1,46
(110,185),1,86
(110,195),1,53
(111,6),1,70
(111,24),1,59
(111,26),1,3
(111,34),1,82
(111,46),1,3
(111,75),1,73
(111,101),1,14
(111,118),1,16
(111,119),1,36
(111,123),1,37
(111,137),1,48
(111,139),1,81
(111,140),1,71
(111,143),1,5
(111,145),1,57
(111,175),1,52
(111,179),1,29
(112,7),1,52
(112,44),1,64
(112,49),1,84
(112,82),1,48
(112,85),1,4
(112,88),1,59
(112,100),1,41
(112,105),1,8
(112,111),1,100
(112,115),1,40
(112,145),1,53
(112,155),1,38
(112,172),1,100
(112,182),1,93
(112,195),1,58
(112,197),1,73
(113,16),1,55
(113,26),1,78
(113,54),1,54
(113,63),1,29
(113,72),1,46
(113,85),1,53
(113,101),1,15
(113,145),1,76
(113,159),1,19
(114,19),1,51
(114,21),1,13
(114,28),1,85
(114,32),1,78
(114,34),1,92
(114,38),1,6
(114,54),1,64
(114,58),1,52
(114,76),1,81
(114,101),1,64
(114,135),1,8
(114,140),1,36
(114,141),1,12
(114,165),1,5
(114,169),1,33
(114,173),1,53
(114,174),1,88
(114,181),1,75
(114,193),1,1
(115,5),1,71
(115,30),1,22
(115,39),1,74
(115,64),1,78
(115,89),1,68
(115,90),1,47
(115,96),1,35
(115,97),1,74
(115,107),1,94
(115,120),1,87
(115,122),1,1
(115,128),1,45
(115,143),1,68
(115,146),1,72
(115,155),1,7
(115,160),1,84
(115,166),1,53
(115,178),1,89
(115,180),1,67
(116,21),1,33
(116,49),1,67
(116,54),1,65
(116,59),1,2
(116,72),1,78
(116,73),1,27
(116,95),1,89
(116,127),1,31
(116,148),1,69
(116,152),1,72
(116,154),1,19
(116,159),1,5
(116,163),1,18
(116,164),1,25
(116,166),1,91
(116,167),1,28
(116,171),1,20
(116,175),1,72
(116,183),1,71
(116,187),1,65
(116,193),1,98
(116,198),1,32
(116,199),1,37
(117,3),1,42
(117,8),1,84
(117,20),1,74
(117,41),1,52
(117,44),1,14
(117,59),1,78
(117,62),1,73
(117,69),1,82
(117,78),1,95
(117,102),1,97
(117,136),1,57
(117,137),1,31
(117,151),1,66
(117,155),1,61
(117,178),1,33
(117,179),1,94
(117,190),1,58
(118,10),1,99
(118,18),1,43
(118,22),1,28
(118,28),1,31
(118,51),1,51
(118,53),1,38
(118,58),1,1
(118,71),1,63
(118,93),1,42
(118,100),1,49
(118,108),1,48
(118,126),1,99
(118,142),1,22
(118,145),1,11
(118,150),1,13
(118,153),1,79
(118,155),1,53
(118,158),1,56
(118,160),1,23
(118,162),1,4
(118,187),1,34
(118,197),1,91
(119,25),1,46
(119,40),1,41
(119,59),1,58
(119,61),1,94
(119,71),1,85
(119,88),1,62
(119,107),1,80
(119,110),1,95
(119,112),1,64
(119,114),1,88
(119,128),1,34
(119,153),1,22
(119,159),1,85
(119,168),1,45
(119,183),1,85
(119,186),1,94
(119,189),1,67
(119,191),1,54
(120,1),1,94
(120,9),1,8
(120,10),1,6
(120,29),1,37
(120,33),1,34
(120,60),1,10
(120,66),1,22
(120,76),1,53
(120,78),1,69
(120,82),1,70
(120,85),1,59
(120,88),1,32
(120,100),1,47
(120,123),1,16
(120,124),1,65
(120,138),1,1
(120,145),1,94
(120,148),1,65
(120,155),1,36
(120,156),1,84
(120,163),1,81
(120,171),1,84
(120,173),1,85
(120,191),1,19
(120,194),1,6
(121,1),1,18
(121,24),1,34
(121,30),1,13
(121,36),1,1
(121,40),1,94
(121,54),1,82
(121,62),1,4
(121,67),1,35
(121,69),1,99
(121,73),1,94
(121,75),1,59
(121,79),1,81
(121,91),1,85
(121,92),1,4
(121,112),1,2
(121,128),1,73
(121,141),1,40
(121,149),1,4
(121,150),1,41
(121,157),1,50
(121,160),1,45
(121,161),1,10
(121,172),1,25
(121,178),1,7
(121,183),1,28
(121,187),1,27
(122,28),1,46
(122,42),1,53
(122,54),1,27
(122,60),1,84
(122,63),1,40
(122,86),1,3
(122,94),1,40
(122,106),1,55
(122,119),1,49
(122,137),1,49
(122,148),1,2
(122,149),1,61
(122,160),1,67
(122,182),1,53
(122,187),1,31
(122,198),1,24
(123,13),1,64
(123,15),1,33
(123,19),1,52
(123,27),1,94
(123,46),1,94
(123,56),1,80
(123,57),1,54
(123,58),1,56
(123,67),1,37
(123,77),1,1
(123,97),1,54
(123,102),1,87
(123,129),1,3
(123,133),1,63
(123,144),1,14
(123,156),1,54
(123,163),1,30
(123,181),1,30
(123,190),1,93
(123,198),1,89
(124,12),1,58
(124,13),1,81
(124,15),1,4
(124,23),1,74
(124,34),1,26
(124,73),1,80
(124,77),1,82
(124,79),1,19
(124,80),1,66
(124,111),1,94
(124,112),1,27
(124,129),1,34
(124,131),1,43
(124,135),1,86
(124,148),1,10
(124,166),1,69
(124,175),1,84
(124,177),1,68
(124,185),1,47
(124,186),1,35
(124,194),1,47
(125,6),1,88
(125,10),1,92
(125,15),1,24
(125,17),1,27
(125,19),1,16
(125,31),1,69
(125,41),1,15
(125,42),1,19
(125,81),1,56
(125,82),1,70
(125,86),1,59
(125,99),1,100
(125,111),1,57
(125,131),1,46
(125,136),1,71
(125,158),1,77
(125,181),1,85
(125,193),1,54
(125,196),1,88
(126,0),1,90
(126,14),1,12
(126,15),1,2
(126,38),1,25
(126,63),1,36
(126,72),1,12
(126,74),1,43
(126,86),1,79
(126,100),1,71
(126,112),1,39
(126,116),1,17
(126,119),1,59
(126,151),1,23
(126,160),1,34
(126,163),1,24
(126,176),1,23
(126,185),1,46
(126,190),1,54
(127,0),1,82
(127,4),1,71
(127,5),1,95
(127,14),1,3
(127,21),1,12
(127,22),1,42
(127,24),1,75
(127,28),1,54
(127,45),1,12
(127,46),1,8
(127,47),1,81
(127,51),1,62
(127,66),1,98
(127,68),1,55
(127,73),1,45
(127,77),1,8
(127,98),1,70
(127,103),1,73
(127,120),1,95
(127,124),1,20
(127,130),1,90
(127,135),1,39
(127,139),1,38
(127,164),1,34
(127,180),1,53
(127,188),1,72
(127,193),1,16
(128,18),1,50
(128,25),1,69
(128,30),1,57
(128,57),1,66
(128,70),1,55
(128,80),1,47
(128,95),1,57
(128,109),1,88
(128,127),1,28
(128,130),1,77
(128,139),1,51
(128,144),1,7
(128,152),1,62
(128,153),1,47
(128,158),1,93
(128,174),1,15
(128,177),1,50
(128,181),1,89
(129,7),1,12
(129,13),1,35
(129,18),1,4
(129,21),1,35
(129,35),1,48
(129,37),1,71
(129,40),1,34
(129,45),1,99
(129,57),1,61
(129,60),1,90
(129,63),1,13
(129,68),1,64
(129,70),1,97
(129,71),1,52
(129,107),1,57
(129,115),1,26
(129,127),1,67
(129,158),1,91
(129,164),1,72
(129,170),1,78
(130,3),1,68
(130,10),1,71
(130,22),1,34
(130,25),1,97
(130,34),1,40
(130,36),1,12
(130,41),1,15
(130,57),1,47
(130,85),1,88
(130,91),1,72
(130,104),1,70
(130,106),1,99
(130,109),1,99
(130,110),1,19
(130,126),1,81
(130,138),1,67
(130,145),1,83
(130,151),1,52
(130,178),1,89
(131,1),1,47
(131,7),1,59
(131,9),1,5
(131,20),1,95
(131,25),1,64
(131,44),1,22
(131,50),1,4
(131,54),1,63
(131,79),1,93
(131,87),1,44
(131,105),1,89
(131,122),1,2
(131,154),1,94
(131,155),1,76
(131,159),1,44
(131,160),1,15
(131,171),1,36
(131,179),1,46
(131,180),1,8
(131,193),1,82
(132,9),1,59
(132,15),1,52
(132,17),1,19
(132,18),1,70
(132,26),1,0
(132,27),1,99
(132,35),1,22
(132,62),1,20
(132,73),1,35
(132,80),1,46
(132,94),1,36
(132,97),1,70
(132,118),1,65
(132,123),1,78
(132,138),1,66
(132,144),1,70
(132,185),1,42
(133,0),1,70
(133,9),1,16
(133,10),1,77
(133,28),1,32
(133,31),1,99
(133,82),1,54
(133,103),1,20
(133,111),1,18
(133,116),1,96
(133,124),1,15
(133,175),1,13
(133,179),1,59
(134,13),1,48
(134,15),1,70
(134,19),1,83
(134,20),1,50
(134,25),1,55
(134,28),1,24
(134,30),1,12
(134,41),1,40
(134,43),1,55
(134,49),1,17
(134,50),1,55
(134,81),1,66
(134,93),1,97
(134,108),1,13
(134,110),1,90
(134,135),1,51
(134,143),1,8
(134,145),1,92
(134,148),1,63
(134,161),1,69
(134,162),1,90
(134,164),1,92
(134,165),1,0
(134,168),1,35
(134,177),1,82
(134,185),1,79
(134,187),1,80
(135,14),1,78
(135,21),1,58
(135,26),1,59
(135,33),1,17
(135,43),1,73
(135,62),1,34
(135,89),1,74
(135,91),1,3
(135,97),1,20
(135,119),1,47
(135,120),1,68
(135,129),1,8
(135,137),1,57
(135,146),1,66
(135,151),1,71
(135,189),1,80
(135,194),1,85
(136,3),1,97
(136,10),1,69
(136,19),1,63
(136,23),1,87
(136,31),1,94
(136,50),1,78
(136,53),1,64
(136,65),1,19
(136,67),1,1
(136,71),1,66
(136,75),1,36
(136,91),1,47
(136,109),1,6
(136,135),1,47
(136,154),1,72
(136,173),1,84
(136,175),1,2
(136,184),1,66
(137,14),1,19
(137,19),1,91
(137,44),1,67
(137,55),1,21
(137,60),1,79
(137,70),1,60
(137,73),1,38
(137,82),1,88
(137,85),1,23
(137,102),1,60
(137,119),1,42
(137,134),1,91
(137,144),1,11
(137,153),1,62
(137,166),1,73
(137,179),1,96
(137,189),1,80
(137,193),1,79
(138,10),1,7
(138,42),1,52
(138,60),1,41
(138,73),1,75
(138,77),1,27
(138,89),1,86
(138,117),1,73
(138,193),1,24
(138,197),1,75
(138,198),1,96
(139,0),1,99
(139,8),1,71
(139,22),1,37
(139,30),1,14
(139,32),1,96
(139,47),1,65
(139,48),1,55
(139,76),1,70
(139,80),1,95
(139,88),1,53
(139,90),1,13
(139,91),1,33
(139,92),1,38
(139,97),1,18
(139,102),1,52
(139,103),1,40
(139,104),1,89
(139,116),1,70
(139,126),1,97
(139,127),1,24
(139,137),1,2
(139,162),1,24
(139,168),1,34
(139,176),1,30
(139,177),1,49
(139,190),1,97
(140,20),1,21
(140,31),1,23
(140,75),1,87
(140,82),1,33
(140,88),1,45
(140,93),1,74
(140,104),1,93
(140,108),1,8
(140,109),1,87
(140,110),1,52
(140,111),1,14
(140,125),1,79
(140,130),1,54
(140,168),1,44
(140,170),1,12
(140,171),1,23
(140,197),1,60
(141,4),1,98
(141,6),1,36
(141,16),1,17
(141,30),1,60
(141,38),1,3
(141,42),1,41
(141,52),1,89
(141,61),1,96
(141,75),1,88
(141,77),1,87
(141,87),1,85
(141,88),1,61
(141,96),1,55
(141,117),1,80
(141,120),1,13
(141,125),1,9
(141,132),1,91
(141,161),1,11
(141,166),1,88
(141,178),1,54
(142,37),1,17
(142,48),1,65
(142,50),1,95
(142,51),1,0
(142,68),1,41
(142,116),1,55
(142,121),1,66
(142,123),1,23
(142,132),1,77
(142,139),1,30
(142,156),1,63
(142,158),1,61
(142,171),1,19
(142,172),1,35
(142,174),1,77
(142,185),1,2
(142,192),1,18
(143,8),1,30
(143,13),1,96
(143,14),1,7
(143,17),1,56
(143,26),1,93
(143,28),1,49
(143,37),1,57
(143,41),1,75
(143,52),1,55
(143,53),1,21
(143,61),1,92
(143,85),1,64
(143,93),1,34
(143,94),1,60
(143,119),1,69
(143,131),1,2
(143,133),1,88
(143,153),1,4
(143,181),1,34
(144,10),1,10
(144,27),1,62
(144,34),1,87
(144,42),1,59
(144,44),1,42
(144,56),1,38
(144,63),1,27
(144,64),1,26
(144,72),1,40
(144,77),1,41
(144,81),1,42
(144,86),1,16
(144,88),1,100
(144,109),1,12
(144,162),1,47
(144,170),1,99
(144,184),1,97
(144,185),1,37
(145,31),1,39
(145,41),1,62
(145,44),1,0
(145,48),1,24
(145,49),1,63
(145,65),1,89
(145,71),1,33
(145,74),1,76
(145,83),1,32
(145,86),1,35
(145,91),1,77
(145,94),1,9
(145,103),1,58
(145,107),1,72
(145,113),1,9
(145,129),1,45
(145,135),1,88
(145,140),1,71
(145,176),1,70
(145,194),1,98
(146,6),1,79
(146,7),1,98
(146,10),1,92
(146,15),1,11
(146,16),1,54
(146,35),1,73
(146,50),1,73
(146,52),1,82
(146,57),1,68
(146,64),1,36
(146,71),1,13
(146,79),1,3
(146,83),1,95
(146,93),1,86
(146,94),1,35
(146,109),1,42
(146,117),1,24
(146,152),1,97
(146,169),1,89
(146,181),1,30
(147,0),1,19
(147,4),1,94
(147,22),1,64
(147,26),1,10
(147,28),1,65
(147,32),1,85
(147,66),1,83
(147,87),1,59
(147,91),1,79
(147,109),1,25
(147,124),1,68
(147,125),1,1
(147,129),1,45
(147,142),1,42
(147,143),1,97
(147,162),1,67
(147,182),1,47
(147,195),1,28
(147,197),1,38
(148,13),1,15
(148,24),1,84
(148,39),1,69
(148,40),1,79
(148,72),1,35
(148,74),1,23
(148,100),1,96
(148,109),1,38
(148,110),1,62
(148,129),1,39
(148,145),1,41
(148,152),1,92
(148,162),1,82
(148,166),1,22
(148,170),1,40
(148,185),1,5
(148,188),1,53
(148,190),1,14
(148,195),1,72
(149,1),1,88
(149,12),1,55
(149,18),1,58
(149,28),1,97
(149,37),1,23
(149,63),1,7
(149,68),1,61
(149,76),1,100
(149,77),1,49
(149,81),1,74
(149,90),1,27
(149,92),1,29
(149,97),1,42
(149,100),1,4
(149,135),1,98
(149,143),1,67
(149,160),1,49
(149,161),1,71
(149,165),1,18
(149,173),1,39
(149,186),1,12
(150,10),1,67
(150,15),1,13
(150,18),1,24
(150,27),1,18
(150,32),1,2
(150,40),1,30
(150,57),1,14
(150,60),1,86
(150,62),1,50
(150,76),1,81
(150,83),1,51
(150,117),1,73
(150,123),1,24
(150,142),1,96
(150,144),1,26
(150,151),1,43
(150,163),1,78
(150,170),1,74
(150,183),1,67
(150,191),1,54
(150,196),1,55
(151,18),1,29
(151,20),1,36
(151,71),1,35
(151,90),1,87
(151,101),1,7
(151,117),1,15
(151,126),1,79
(151,138),1,19
(151,142),1,76
(151,148),1,75
(151,166),1,25
(151,169),1,30
(151,182),1,18
(151,190),1,7
(151,199),1,40
(152,24),1,88
(152,27),1,49
(152,30),1,55
(152,62),1,8
(152,69),1,18
(152,90),1,53
(152,91),1,95
(152,97),1,37
(152,104),1,47
(152,108),1,22
(152,115),1,78
(152,121),1,28
(152,146),1,34
(152,151),1,6
(152,170),1,80
(152,178),1,80
(152,186),1,71
(152,197),1,43
(152,198),1,27
(153,2),1,68
(153,15),1,15
(153,22),1,82
(153,31),1,53
(153,37),1,3
(153,39),1,86
(153,76),1,16
(153,79),1,73
(153,83),1,69
(153,98),1,61
(153,111),1,83
(153,148),1,18
(153,160),1,58
(153,166),1,91
(153,170),1,5
(153,174),1,4
(153,175),1,70
(153,180),1,12
(153,183),1,78
(153,189),1,39
(154,0),1,39
(154,2),1,41
(154,10),1,18
(154,12),1,56
(154,46),1,62
(154,56),1,98
(154,62),1,50
(154,64),1,12
(154,86),1,15
(154,89),1,56
(154,140),1,40
(154,144),1,76
(154,161),1,36
(154,169),1,22
(154,171),1,90
(154,174),1,59
(154,180),1,19
(154,189),1,68
(154,193),1,58
(155,3),1,3
(155,4),1,82
(155,5),1,45
(155,6),1,54
(155,13),1,100
(155,18),1,1
(155,21),1,86
(155,22),1,9
(155,27),1,42
(155,36),1,19
(155,39),1,59
(155,41),1,4
(155,64),1,84
(155,65),1,79
(155,82),1,96
(155,85),1,82
(155,86),1,64
(155,109),1,7
(155,112),1,52
(155,139),1,74
(155,158),1,9
(155,175),1,27
(155,176),1,46
(155,182),1,60
(155,197),1,79
(156,0),1,9
(156,1),1,44
(156,6),1,64
(156,23),1,63
(156,30),1,39
(156,37),1,88
(156,39),1,90
(156,52),1,81
(156,58),1,51
(156,76),1,27
(156,88),1,99
(156,103),1,35
(156,113),1,96
(156,114),1,74
(156,115),1,30
(156,116),1,64
(156,159),1,66
(156,169),1,77
(156,180),1,19
(156,183),1,93
(156,194),1,25
(156,198),1,51
(157,10),1,59
(157,21),1,10
(157,24),1,81
(157,36),1,10
(157,37),1,99
(157,54),1,97
(157,67),1,79
(157,70),1,60
(157,81),1,97
(157,82),1,79
(157,109),1,69
(157,112),1,6
(157,116),1,54
(157,124),1,88
(157,126),1,37
(157,153),1,96
(157,163),1,97
(157,167),1,23
(157,197),1,81
(158,34),1,70
(158,35),1,70
(158,46),1,72
(158,48),1,32
(158,51),1,97
(158,57),1,68
(158,59),1,89
(158,63),1,0
(158,67),1,12
(158,69),1,95
(158,79),1,8
(158,86),1,55
(158,90),1,10
(158,104),1,15
(158,108),1,60
(158,109),1,81
(158,134),1,50
(158,142),1,41
(158,159),1,14
(158,171),1,35
(158,178),1,13
(158,192),1,59
(159,16),1,9
(159,41),1,31
(159,64),1,61
(159,74),1,97
(159,79),1,6
(159,81),1,23
(159,93),1,60
(159,105),1,69
(159,144),1,31
(159,151),1,96
(159,153),1,85
(159,169),1,54
(159,184),1,27
(159,191),1,13
(159,192),1,20
(160,0),1,73
(160,1),1,43
(160,13),1,35
(160,16),1,10
(160,21),1,19
(160,37),1,100
(160,57),1,25
(160,62),1,33
(160,72),1,35
(160,77),1,92
(160,112),1,35
(160,114),1,50
(160,119),1,16
(160,121),1,8
(160,124),1,89
(160,135),1,96
(160,139),1,19
(160,152),1,24
(160,182),1,87
(160,184),1,73
(160,198),1,84
(161,1),1,74
(161,3),1,14
(161,9),1,76
(161,17),1,96
(161,26),1,33
(161,29),1,11
(161,52),1,20
(161,58),1,53
(161,60),1,24
(161,65),1,38
(161,72),1,25
(161,73),1,54
(161,78),1,78
(161,85),1,67
(161,87),1,45
(161,102),1,58
(161,116),1,54
(161,119),1,37
(161,130),1,70
(161,148),1,98
(161,177),1,53
(161,193),1,83
(162,19),1,66
(162,38),1,55
(162,71),1,11
(162,74),1,56
(162,79),1,17
(162,88),1,9
(162,89),1,34
(162,98),1,29
(162,108),1,30
(162,116),1,66
(162,120),1,1
(162,135),1,32
(162,148),1,53
(162,163),1,30
(162,173),1,42
(162,176),1,45
(162,181),1,14
(162,189),1,88
(163,7),1,20
(163,14),1,40
(163,15),1,38
(163,28),1,37
(163,31),1,82
(163,38),1,66
(163,56),1,46
(163,60),1,96
(163,66),1,95
(163,68),1,84
(163,75),1,56
(163,83),1,62
(163,87),1,74
(163,92),1,66
(163,106),1,53
(163,108),1,74
(163,113),1,54
(163,114),1,33
(163,122),1,32
(163,125),1,52
(163,128),1,74
(163,148),1,49
(163,154),1,66
(163,155),1,72
(163,161),1,20
(163,177),1,80
(163,182),1,47
(163,188),1,10
(163,191),1,34
(163,196),1,74
(164,34),1,36
(164,35),1,34
(164,37),1,65
(164,44),1,56
(164,61),1,0
(164,63),1,21
(164,66),1,79
(164,67),1,91
(164,72),1,17
(164,75),1,71
(164,77),1,89
(164,81),1,76
(164,85),1,0
(164,87),1,76
(164,88),1,29
(164,92),1,49
(164,111),1,13
(164,124),1,46
(164,129),1,14
(164,136),1,62
(164,139),1,40
(164,144),1,69
(164,153),1,19
(164,156),1,33
(164,176),1,34
(164,178),1,95
(164,190),1,87
(165,8),1,29
(165,13),1,78
(165,14),1,5
(165,30),1,41
(165,37),1,33
(165,39),1,20
(165,87),1,11
(165,89),1,61
(165,125),1,100
(165,136),1,21
(165,141),1,35
(165,152),1,21
(165,160),1,15
(165,161),1,4
(165,169),1,77
(165,182),1,15
(165,189),1,53
(166,8),1,77
(166,16),1,6
(166,41),1,69
(166,43),1,55
(166,45),1,23
(166,48),1,78
(166,72),1,61
(166,85),1,89
(166,91),1,84
(166,98),1,24
(166,100),1,2
(166,104),1,85
(166,113),1,51
(166,144),1,66
(166,150),1,62
(166,153),1,86
(166,156),1,43
(166,158),1,12
(166,184),1,33
(166,193),1,70
(167,0),1,40
(167,16),1,97
(167,20),1,50
(167,24),1,33
(167,29),1,58
(167,33),1,14
(167,41),1,47
(167,43),1,90
(167,49),1,22
(167,50),1,99
(167,76),1,54
(167,103),1,16
(167,110),1,48
(167,115),1,17
(167,118),1,87
(167,146),1,45
(167,155),1,8
(167,172),1,65
(167,190),1,65
(167,193),1,34
(167,196),1,6
(168,19),1,94
(168,21),1,85
(168,23),1,27
(168,37),1,19
(168,50),1,83
(168,52),1,75
(168,55),1,18
(168,80),1,84
(168,86),1,80
(168,105),1,53
(168,134),1,52
(168,137),1,84
(168,151),1,40
(168,170),1,93
(168,180),1,55
(168,182),1,64
(169,1),1,30
(169,22),1,91
(169,23),1,82
(169,43),1,80
(169,46),1,55
(169,52),1,15
(169,56),1,56
(169,67),1,92
(169,70),1,92
(169,71),1,97
(169,84),1,96
(169,89),1,31
(169,92),1,70
(169,98),1,34
(169,101),1,23
(169,104),1,31
(169,105),1,79
(169,110),1,64
(169,116),1,67
(169,118),1,52
(169,125),1,73
(169,130),1,79
(169,134),1,81
(169,150),1,25
(169,152),1,0
(169,154),1,14
(169,156),1,99
(169,165),1,59
(169,176),1,52
(169,184),1,34
(169,189),1,78
(169,192),1,68
(169,193),1,72
(169,199),1,46
(170,1),1,34
(170,7),1,34
(170,8),1,57
(170,16),1,26
(170,31),1,14
(170,42),1,47
(170,43),1,25
(170,64),1,73
(170,66),1,62
(170,107),1,60
(170,109),1,1
(170,111),1,59
(170,145),1,23
(170,147),1,26
(170,152),1,24
(170,159),1,41
(170,176),1,95
(170,181),1,36
(170,194),1,61
(171,13),1,63
(171,15),1,48
(171,19),1,45
(171,25),1,31
(171,30),1,84
(171,34),1,51
(171,63),1,44
(171,81),1,53
(171,85),1,32
(171,89),1,5
(171,96),1,32
(171,100),1,95
(171,105),1,67
(171,107),1,70
(171,108),1,69
(171,114),1,29
(171,119),1,75
(171,136),1,72
(171,143),1,5
(171,148),1,8
(171,178),1,62
(171,187),1,29
(171,193),1,42
(172,0),1,83
(172,7),1,62
(172,17),1,99
(172,20),1,69
(172,44),1,74
(172,51),1,75
(172,73),1,29
(172,80),1,90
(172,84),1,78
(172,112),1,65
(172,117),1,87
(172,133),1,61
(172,140),1,82
(172,161),1,9
(172,169),1,88
(172,176),1,88
(172,177),1,12
(172,185),1,66
(172,196),1,7
(172,197),1,40
(173,20),1,70
(173,57),1,62
(173,63),1,60
(173,71),1,77
(173,80),1,95
(173,89),1,79
(173,120),1,98
(173,130),1,87
(173,140),1,21
(173,145),1,54
(173,150),1,39
(173,172),1,23
(173,190),1,70
(174,4),1,96
(174,14),1,9
(174,15),1,4
(174,25),1,98
(174,33),1,87
(174,39),1,67
(174,48),1,33
(174,49),1,41
(174,57),1,7
(174,70),1,38
(174,71),1,78
(174,81),1,50
(174,99),1,26
(174,100),1,34
(174,105),1,55
(174,136),1,74
(174,142),1,74
(174,146),1,19
(174,170),1,73
(174,171),1,91
(174,179),1,82
(174,186),1,70
(174,194),1,95
(175,5),1,3
(175,26),1,22
(175,33),1,43
(175,34),1,100
(175,35),1,56
(175,37),1,57
(175,60),1,90
(175,61),1,15
(175,81),1,13
(175,82),1,56
(175,87),1,53
(175,92),1,82
(175,123),1,74
(175,124),1,49
(175,138),1,36
(175,140),1,3
(175,145),1,26
(175,149),1,16
(175,150),1,66
(175,158),1,4
(175,166),1,69
(175,181),1,37
(175,196),1,5
(176,6),1,30
(176,7),1,33
(176,14),1,36
(176,32),1,10
(176,34),1,5
(176,35),1,44
(176,37),1,17
(176,46),1,3
(176,49),1,30
(176,66),1,13
(176,68),1,65
(176,71),1,64
(176,86),1,56
(176,92),1,52
(176,130),1,12
(176,152),1,27
(176,177),1,58
(176,183),1,99
(176,195),1,9
(176,196),1,25
(176,198),1,4
(177,11),1,34
(177,34),1,10
(177,40),1,38
(177,50),1,9
(177,77),1,6
(177,87),1,72
(177,95),1,41
(177,98),1,28
(177,110),1,64
(177,155),1,5
(177,159),1,39
(177,165),1,8
(177,171),1,16
(177,179),1,93
(177,184),1,96
(178,5),1,54
(178,8),1,45
(178,9),1,12
(178,40),1,20
(178,48),1,9
(178,56),1,49
(178,76),1,92
(178,88),1,80
(178,94),1,90
(178,101),1,21
(178,125),1,46
(178,149),1,13
(178,150),1,10
(178,162),1,95
(178,164),1,77
(178,167),1,59
(178,173),1,4
(179,3),1,14
(179,10),1,85
(179,12),1,11
(179,23),1,64
(179,43),1,42
(179,44),1,36
(179,96),1,66
(179,119),1,40
(179,126),1,26
(179,129),1,5
(179,149),1,60
(179,151),1,6
(179,152),1,25
(179,159),1,80
(179,181),1,30
(179,191),1,11
(179,193),1,21
(180,6),1,11
(180,31),1,0
(180,45),1,85
(180,46),1,89
(180,48),1,45
(180,49),1,23
(180,70),1,27
(180,77),1,94
(180,84),1,60
(180,88),1,71
(180,92),1,87
(180,97),1,45
(180,103),1,29
(180,106),1,67
(180,133),1,29
(180,148),1,4
(180,159),1,8
(180,177),1,27
(180,182),1,100
(180,184),1,69
(180,185),1,9
(180,187),1,7
(180,194),1,52
(181,2),1,61
(181,14),1,79
(181,24),1,28
(181,25),1,8
(181,34),1,28
(181,48),1,19
(181,64),1,7
(181,72),1,57
(181,73),1,96
(181,132),1,71
(181,136),1,42
(181,151),1,57
(181,161),1,53
(181,173),1,61
(181,195),1,99
(182,4),1,0
(182,22),1,71
(182,35),1,97
(182,38),1,1
(182,42),1,23
(182,55),1,26
(182,74),1,61
(182,90),1,22
(182,107),1,78
(182,109),1,85
(182,113),1,84
(182,132),1,65
(182,148),1,73
(182,156),1,43
(182,173),1,99
(183,16),1,35
(183,27),1,38
(183,46),1,55
(183,48),1,8
(183,51),1,59
(183,53),1,78
(183,67),1,94
(183,69),1,78
(183,100),1,70
(183,102),1,66
(183,105),1,49
(183,110),1,1
(183,111),1,10
(183,115),1,86
(183,141),1,57
(183,143),1,68
(183,150),1,63
(183,159),1,41
(183,163),1,96
(183,164),1,36
(183,165),1,96
(183,166),1,68
(183,168),1,8
(183,180),1,3
(183,185),1,53
(183,188),1,14
(184,12),1,5
(184,19),1,70
(184,62),1,88
(184,69),1,68
(184,78),1,79
(184,81),1,8
(184,97),1,100
(184,105),1,30
(184,121),1,71
(184,132),1,31
(184,139),1,99
(184,183),1,20
(184,198),1,58
(185,3),1,54
(185,14),1,48
(185,52),1,27
(185,62),1,21
(185,86),1,20
(185,104),1,20
(185,107),1,52
(185,111),1,40
(185,112),1,90
(185,120),1,34
(185,125),1,0
(185,163),1,79
(185,166),1,4
(185,196),1,70
(186,15),1,77
(186,28),1,61
(186,41),1,3
(186,45),1,68
(186,55),1,24
(186,56),1,19
(186,68),1,3
(186,72),1,98
(186,76),1,26
(186,89),1,52
(186,102),1,6
(186,105),1,50
(186,112),1,7
(186,115),1,40
(186,120),1,25
(186,133),1,11
(186,134),1,16
(186,152),1,66
(186,153),1,76
(186,158),1,51
(186,167),1,1
(186,168),1,14
(186,174),1,50
(186,181),1,80
(186,199),1,87
(187,18),1,3
(187,19),1,52
(187,33),1,81
(187,38),1,75
(187,43),1,33
(187,71),1,78
(187,74),1,70
(187,83),1,82
(187,88),1,79
(187,117),1,67
(187,119),1,65
(187,131),1,54
(187,134),1,64
(187,150),1,28
(187,165),1,91
(187,170),1,89
(187,184),1,28
(187,188),1,30
(187,193),1,1
(187,195),1,17
(188,2),1,47
(188,26),1,69
(188,29),1,14
(188,37),1,96
(188,46),1,17
(188,63),1,23
(188,66),1,47
(188,84),1,5
(188,92),1,85
(188,111),1,47
(188,126),1,56
(188,134),1,45
(188,144),1,7
(188,146),1,97
(188,149),1,89
(188,154),1,5
(188,155),1,56
(188,171),1,81
(188,179),1,38
(188,198),1,27
(189,13),1,92
(189,22),1,8
(189,41),1,4
(189,52),1,8
(189,75),1,14
(189,80),1,42
(189,87),1,47
(189,136),1,98
(189,143),1,14
(189,152),1,19
(189,155),1,84
(189,158),1,13
(189,170),1,85
(189,176),1,92
(189,183),1,40
(189,197),1,1
(190,7),1,96
(190,14),1,80
(190,44),1,96
(190,55),1,71
(190,59),1,30
(190,66),1,47
(190,76),1,28
(190,82),1,82
(190,86),1,28
(190,95),1,32
(190,101),1,22
(190,104),1,96
(190,108),1,20
(190,121),1,84
(190,124),1,95
(190,127),1,27
(190,136),1,0
(190,156),1,47
(190,170),1,43
(190,171),1,25
(190,173),1,40
(190,174),1,63
(190,183),1,20
(190,188),1,99
(190,199),1,46
(191,1),1,26
(191,9),1,93
(191,13),1,50
(191,21),1,41
(191,22),1,12
(191,33),1,60
(191,39),1,69
(191,63),1,47
(191,71),1,77
(191,77),1,14
(191,94),1,7
(191,96),1,20
(191,100),1,44
(191,110),1,0
(191,111),1,7
(191,118),1,31
(191,125),1,66
(191,130),1,72
(191,150),1,96
(191,157),1,100
(191,161),1,96
(191,180),1,45
(191,189),1,29
(191,198),1,92
(192,12),1,38
(192,15),1,54
(192,30),1,17
(192,56),1,86
(192,57),1,45
(192,61),1,46
(192,72),1,69
(192,74),1,47
(192,86),1,39
(192,91),1,34
(192,92),1,68
(192,104),1,60
(192,115),1,76
(192,117),1,88
(192,123),1,23
(192,158),1,93
(192,169),1,33
(192,172),1,66
(192,174),1,5
(192,177),1,84
(192,189),1,65
(192,191),1,72
(193,4),1,100
(193,25),1,80
(193,27),1,89
(193,29),1,37
(193,42),1,93
(193,44),1,50
(193,51),1,60
(193,56),1,17
(193,65),1,20
(193,97),1,5
(193,98),1,33
(193,112),1,86
(193,126),1,79
(193,139),1,43
(193,144),1,47
(193,149),1,24
(193,150),1,93
(193,155),1,26
(193,156),1,95
(193,167),1,96
(193,171),1,20
(194,13),1,63
(194,35),1,38
(194,36),1,87
(194,37),1,98
(194,39),1,5
(194,48),1,53
(194,50),1,4
(194,57),1,17
(194,59),1,67
(194,82),1,4
(194,83),1,48
(194,92),1,75
(194,107),1,61
(194,110),1,50
(194,120),1,86
(194,123),1,7
(194,131),1,82
(194,140),1,90
(194,143),1,36
(194,150),1,9
(194,155),1,41
(194,159),1,53
(194,163),1,79
(194,166),1,62
(194,175),1,20
(194,183),1,45
(194,189),1,56
(194,191),1,59
(195,8),1,18
(195,21),1,2
(195,23),1,13
(195,70),1,81
(195,81),1,35
(195,90),1,46
(195,96),1,0
(195,109),1,71
(195,111),1,15
(195,132),1,37
(195,157),1,72
(195,169),1,14
(195,174),1,28
(195,199),1,16
(196,2),1,51
(196,17),1,42
(196,20),1,13
(196,21),1,91
(196,30),1,63
(196,33),1,55
(196,39),1,7
(196,54),1,47
(196,59),1,58
(196,63),1,74
(196,67),1,16
(196,74),1,82
(196,81),1,97
(196,108),1,23
(196,114),1,27
(196,116),1,68
(196,118),1,24
(196,120),1,55
(196,129),1,40
(196,137),1,96
(196,148),1,40
(196,149),1,91
(196,157),1,58
(196,164),1,2
(196,165),1,44
(196,166),1,19
(196,172),1,34
(196,176),1,4
(196,185),1,3
(197,15),1,89
(197,16),1,61
(197,27),1,27
(197,73),1,18
(197,80),1,31
(197,97),1,56
(197,105),1,81
(197,111),1,63
(197,114),1,25
(197,135),1,78
(197,141),1,82
(197,146),1,92
(197,149),1,1
(197,157),1,88
(197,165),1,85
(197,183),1,51
(198,19),1,58
(198,34),1,23
(198,51),1,5
(198,63),1,51
(198,72),1,53
(198,83),1,4
(198,85),1,88
(198,108),1,31
(198,112),1,19
(198,114),1,9
(198,119),1,67
(198,121),1,79
(198,123),1,7
(198,125),1,84
(198,134),1,33
(198,136),1,28
(198,137),1,42
(198,154),1,25
(198,156),1,75
(198,159),1,35
(198,165),1,17
(198,168),1,93
(198,174),1,0
(198,182),1,45
(198,197),1,72
(199,7),1,81
(199,20),1,79
(199,25),1,54
(199,30),1,57
(199,45),1,7
(199,58),1,81
(199,70),1,29
(199,75),1,12
(199,77),1,83
(199,82),1,16
(199,90),1,42
(199,95),1,66
(199,108),1,93
(199,109),1,54
(199,116),1,81
(199,119),1,65
(199,121),1,74
(199,122),1,52
(199,125),1,85
(199,128),1,95
(199,155),1,69
(199,171),1,92
(199,197),1,64
