Nr_Pairs = 200
Nr_NDD = 0
Nr_Arcs = 3833
0,0,0,0,0
1,0,0,0,0
2,0,0,0,0
3,0,0,0,0
4,0,0,0,0
5,0,0,0,0
6,0,0,0,0
7,0,0,0,0
8,0,0,0,0
9,0,0,0,0
10,0,0,0,0
11,0,0,0,0
12,0,0,0,0
13,0,0,0,0
14,0,0,0,0
15,0,0,0,0
16,0,0,0,0
17,0,0,0,0
18,0,0,0,0
19,0,0,0,0
20,0,0,0,0
21,0,0,0,0
22,0,0,0,0
23,0,0,0,0
24,0,0,0,0
25,0,0,0,0
26,0,0,0,0
27,0,0,0,0
28,0,0,0,0
29,0,0,0,0
30,0,0,0,0
31,0,0,0,0
32,0,0,0,0
33,0,0,0,0
34,0,0,0,0
35,0,0,0,0
36,0,0,0,0
37,0,0,0,0
38,0,0,0,0
39,0,0,0,0
40,0,0,0,0
41,0,0,0,0
42,0,0,0,0
43,0,0,0,0
44,0,0,0,0
45,0,0,0,0
46,0,0,0,0
47,0,0,0,0
48,0,0,0,0
49,0,0,0,0
50,0,0,0,0
51,0,0,0,0
52,0,0,0,0
53,0,0,0,0
54,0,0,0,0
55,0,0,0,0
56,0,0,0,0
57,0,0,0,0
58,0,0,0,0
59,0,0,0,0
60,0,0,0,0
61,0,0,0,0
62,0,0,0,0
63,0,0,0,0
64,0,0,0,0
65,0,0,0,0
66,0,0,0,0
67,0,0,0,0
68,0,0,0,0
69,0,0,0,0
70,0,0,0,0
71,0,0,0,0
72,0,0,0,0
73,0,0,0,0
74,0,0,0,0
75,0,0,0,0
76,0,0,0,0
77,0,0,0,0
78,0,0,0,0
79,0,0,0,0
80,0,0,0,0
81,0,0,0,0
82,0,0,0,0
83,0,0,0,0
84,0,0,0,0
85,0,0,0,0
86,0,0,0,0
87,0,0,0,0
88,0,0,0,0
89,0,0,0,0
90,0,0,0,0
91,0,0,0,0
92,0,0,0,0
93,0,0,0,0
94,0,0,0,0
95,0,0,0,0
96,0,0,0,0
97,0,0,0,0
98,0,0,0,0
99,0,0,0,0
100,0,0,0,0
101,0,0,0,0
102,0,0,0,0
103,0,0,0,0
104,0,0,0,0
105,0,0,0,0
106,0,0,0,0
107,0,0,0,0
108,0,0,0,0
109,0,0,0,0
110,0,0,0,0
111,0,0,0,0
112,0,0,0,0
113,0,0,0,0
114,0,0,0,0
115,0,0,0,0
116,0,0,0,0
117,0,0,0,0
118,0,0,0,0
119,0,0,0,0
120,0,0,0,0
121,0,0,0,0
122,0,0,0,0
123,0,0,0,0
124,0,0,0,0
125,0,0,0,0
126,0,0,0,0
127,0,0,0,0
128,0,0,0,0
129,0,0,0,0
130,0,0,0,0
131,0,0,0,0
132,0,0,0,0
133,0,0,0,0
134,0,0,0,0
135,0,0,0,0
136,0,0,0,0
137,0,0,0,0
138,0,0,0,0
139,0,0,0,0
140,0,0,0,0
141,0,0,0,0
142,0,0,0,0
143,0,0,0,0
144,0,0,0,0
145,0,0,0,0
146,0,0,0,0
147,0,0,0,0
148,0,0,0,0
149,0,0,0,0
150,0,0,0,0
151,0,0,0,0
152,0,0,0,0
153,0,0,0,0
154,0,0,0,0
155,0,0,0,0
156,0,0,0,0
157,0,0,0,0
158,0,0,0,0
159,0,0,0,0
160,0,0,0,0
161,0,0,0,0
162,0,0,0,0
163,0,0,0,0
164,0,0,0,0
165,0,0,0,0
166,0,0,0,0
167,0,0,0,0
168,0,0,0,0
169,0,0,0,0
170,0,0,0,0
171,0,0,0,0
172,0,0,0,0
173,0,0,0,0
174,0,0,0,0
175,0,0,0,0
176,0,0,0,0
177,0,0,0,0
178,0,0,0,0
179,0,0,0,0
180,0,0,0,0
181,0,0,0,0
182,0,0,0,0
183,0,0,0,0
184,0,0,0,0
185,0,0,0,0
186,0,0,0,0
187,0,0,0,0
188,0,0,0,0
189,0,0,0,0
190,0,0,0,0
191,0,0,0,0
192,0,0,0,0
193,0,0,0,0
194,0,0,0,0
195,0,0,0,0
196,0,0,0,0
197,0,0,0,0
198,0,0,0,0
199,0,0,0,0
(0,5),1,32
(0,15),1,88
(0,26),1,31
(0,36),1,35
(0,40),1,87
(0,50),1,63
(0,52),1,26
(0,54),1,18
(0,57),1,66
(0,62),1,70
(0,63),1,60
(0,89),1,80
(0,102),1,55
(0,112),1,75
(0,114),1,55
(0,115),1,28
(0,118),1,79
(0,119),1,41
(0,124),1,63
(0,135),1,33
(0,140),1,62
(0,148),1,14
(0,149),1,5
(0,170),1,33
(0,194),1,23
(1,10),1,57
(1,12),1,5
(1,27),1,88
(1,34),1,49
(1,40),1,69
(1,59),1,62
(1,61),1,93
(1,65),1,41
(1,76),1,27
(1,83),1,77
(1,84),1,37
(1,95),1,81
(1,100),1,17
(1,103),1,50
(1,104),1,5
(1,115),1,86
(1,126),1,22
(1,131),1,8
(1,132),1,60
(1,138),1,95
(1,160),1,75
(1,179),1,69
(1,195),1,5
(2,15),1,98
(2,30),1,83
(2,35),1,21
(2,43),1,74
(2,46),1,35
(2,58),1,67
(2,59),1,28
(2,68),1,88
(2,74),1,19
(2,76),1,74
(2,92),1,49
(2,98),1,92
(2,128),1,51
(2,131),1,87
(2,136),1,0
(2,140),1,71
(2,154),1,8
(2,166),1,57
(2,190),1,95
(3,1),1,82
(3,4),1,56
(3,6),1,72
(3,28),1,0
(3,38),1,32
(3,45),1,33
(3,53),1,13
(3,57),1,52
(3,58),1,51
(3,66),1,63
(3,72),1,52
(3,73),1,49
(3,89),1,83
(3,104),1,81
(3,114),1,93
(3,127),1,54
(3,131),1,4
(3,163),1,10
(3,194),1,33
(4,13),1,61
(4,15),1,61
(4,19),1,78
(4,26),1,87
(4,56),1,30
(4,89),1,78
(4,90),1,71
(4,92),1,28
(4,93),1,79
(4,103),1,60
(4,123),1,32
(4,152),1,54
(4,168),1,42
(4,174),1,38
(4,178),1,51
(4,188),1,78
(4,189),1,87
(4,197),1,38
(5,23),1,27
(5,25),1,0
(5,28),1,82
(5,31),1,41
(5,38),1,24
(5,48),1,25
(5,60),1,85
(5,65),1,9
(5,81),1,89
(5,91),1,45
(5,110),1,90
(5,123),1,14
(5,140),1,62
(5,161),1,81
(5,163),1,83
(5,169),1,93
(5,173),1,71
(5,174),1,83
(5,183),1,9
(5,189),1,87
(6,19),1,95
(6,34),1,54
(6,44),1,91
(6,46),1,67
(6,51),1,41
(6,55),1,41
(6,56),1,66
(6,66),1,30
(6,84),1,79
(6,141),1,21
(6,150),1,76
(6,156),1,79
(6,169),1,75
(6,172),1,97
(6,175),1,87
(6,176),1,68
(6,177),1,95
(7,22),1,20
(7,34),1,46
(7,67),1,18
(7,72),1,93
(7,97),1,18
(7,126),1,74
(7,128),1,75
(7,136),1,78
(7,140),1,53
(7,158),1,69
(7,184),1,5
(7,195),1,59
(7,196),1,3
(8,22),1,25
(8,29),1,33
(8,37),1,49
(8,48),1,10
(8,64),1,33
(8,70),1,34
(8,74),1,75
(8,81),1,25
(8,88),1,84
(8,96),1,49
(8,114),1,87
(8,115),1,73
(8,129),1,92
(8,143),1,95
(8,152),1,61
(8,167),1,97
(8,175),1,11
(8,176),1,70
(8,180),1,38
(8,182),1,2
(8,184),1,75
(8,185),1,97
(8,194),1,40
(9,8),1,19
(9,20),1,22
(9,29),1,37
(9,31),1,77
(9,69),1,10
(9,72),1,60
(9,76),1,95
(9,82),1,99
(9,83),1,42
(9,100),1,97
(9,103),1,56
(9,120),1,45
(9,126),1,18
(9,136),1,54
(9,138),1,72
(9,143),1,6
(9,162),1,69
(9,172),1,4
(9,187),1,24
(9,188),1,2
(9,198),1,44
(10,9),1,16
(10,13),1,23
(10,14),1,13
(10,20),1,74
(10,25),1,69
(10,33),1,59
(10,43),1,20
(10,51),1,59
(10,58),1,48
(10,63),1,8
(10,76),1,80
(10,78),1,71
(10,99),1,97
(10,107),1,55
(10,117),1,22
(10,129),1,50
(10,136),1,18
(10,196),1,2
(11,3),1,42
(11,15),1,38
(11,17),1,45
(11,19),1,9
(11,22),1,64
(11,42),1,70
(11,59),1,100
(11,61),1,6
(11,66),1,20
(11,73),1,19
(11,77),1,58
(11,80),1,85
(11,97),1,12
(11,104),1,40
(11,117),1,50
(11,133),1,37
(11,136),1,50
(11,140),1,35
(11,147),1,19
(11,148),1,61
(11,152),1,28
(11,192),1,5
(12,0),1,33
(12,16),1,60
(12,19),1,10
(12,26),1,24
(12,41),1,52
(12,43),1,35
(12,48),1,52
(12,51),1,37
(12,88),1,38
(12,103),1,46
(12,112),1,35
(12,125),1,32
(12,145),1,55
(12,149),1,39
(12,154),1,76
(12,186),1,24
(13,8),1,57
(13,10),1,4
(13,18),1,75
(13,21),1,96
(13,23),1,93
(13,35),1,83
(13,50),1,99
(13,68),1,95
(13,105),1,48
(13,106),1,73
(13,116),1,2
(13,129),1,30
(13,139),1,65
(13,149),1,35
(13,155),1,94
(13,163),1,61
(13,165),1,20
(13,176),1,48
(13,188),1,30
(14,0),1,62
(14,19),1,46
(14,44),1,55
(14,49),1,25
(14,53),1,24
(14,57),1,5
(14,61),1,77
(14,67),1,55
(14,70),1,64
(14,105),1,8
(14,121),1,25
(14,125),1,37
(14,128),1,68
(14,134),1,1
(14,138),1,81
(14,142),1,28
(14,144),1,23
(14,151),1,71
(14,157),1,91
(14,175),1,4
(14,176),1,33
(14,182),1,8
(14,192),1,45
(15,9),1,25
(15,18),1,6
(15,31),1,80
(15,40),1,14
(15,52),1,94
(15,55),1,28
(15,62),1,59
(15,86),1,35
(15,103),1,41
(15,115),1,87
(15,142),1,22
(15,176),1,51
(16,11),1,45
(16,20),1,32
(16,59),1,72
(16,87),1,1
(16,94),1,36
(16,110),1,68
(16,131),1,18
(16,134),1,11
(16,137),1,5
(16,145),1,90
(16,162),1,64
(16,165),1,52
(16,181),1,19
(16,191),1,84
(17,3),1,94
(17,13),1,6
(17,15),1,19
(17,60),1,29
(17,63),1,30
(17,65),1,76
(17,74),1,66
(17,79),1,65
(17,86),1,86
(17,91),1,44
(17,95),1,52
(17,104),1,22
(17,109),1,95
(17,113),1,73
(17,114),1,76
(17,139),1,70
(17,163),1,96
(17,167),1,42
(17,181),1,5
(17,189),1,26
(17,195),1,53
(17,196),1,23
(18,2),1,66
(18,4),1,24
(18,37),1,30
(18,40),1,97
(18,46),1,13
(18,55),1,28
(18,80),1,71
(18,85),1,25
(18,93),1,42
(18,95),1,25
(18,105),1,63
(18,133),1,62
(18,138),1,3
(18,172),1,62
(18,179),1,3
(18,182),1,85
(19,11),1,50
(19,53),1,35
(19,59),1,25
(19,60),1,34
(19,61),1,89
(19,69),1,59
(19,81),1,48
(19,82),1,7
(19,88),1,65
(19,91),1,37
(19,104),1,49
(19,145),1,79
(19,174),1,68
(19,176),1,6
(20,2),1,49
(20,12),1,78
(20,32),1,13
(20,35),1,10
(20,38),1,42
(20,44),1,2
(20,66),1,89
(20,83),1,78
(20,94),1,80
(20,142),1,72
(20,148),1,43
(20,152),1,3
(20,158),1,9
(20,174),1,66
(20,198),1,16
(21,11),1,10
(21,22),1,75
(21,31),1,73
(21,48),1,15
(21,67),1,79
(21,68),1,85
(21,69),1,23
(21,85),1,100
(21,87),1,17
(21,97),1,66
(21,103),1,4
(21,131),1,78
(21,134),1,21
(21,156),1,66
(21,163),1,48
(21,166),1,23
(21,170),1,83
(21,172),1,88
(21,177),1,3
(21,179),1,24
(21,180),1,11
(21,191),1,67
(22,2),1,76
(22,5),1,77
(22,18),1,28
(22,28),1,93
(22,39),1,50
(22,57),1,30
(22,60),1,92
(22,62),1,53
(22,76),1,33
(22,82),1,62
(22,93),1,56
(22,104),1,100
(22,123),1,60
(22,127),1,36
(22,136),1,56
(22,170),1,36
(22,174),1,95
(22,186),1,94
(22,188),1,41
(22,191),1,52
(22,197),1,60
(23,2),1,83
(23,4),1,71
(23,5),1,71
(23,8),1,92
(23,24),1,74
(23,25),1,31
(23,46),1,60
(23,75),1,10
(23,77),1,39
(23,83),1,37
(23,104),1,83
(23,108),1,56
(23,110),1,88
(23,140),1,98
(23,141),1,64
(23,150),1,46
(24,1),1,26
(24,22),1,34
(24,30),1,14
(24,54),1,0
(24,58),1,98
(24,62),1,66
(24,73),1,86
(24,82),1,16
(24,86),1,85
(24,110),1,53
(24,123),1,60
(24,125),1,15
(24,158),1,95
(24,171),1,4
(24,172),1,41
(24,194),1,53
(24,196),1,53
(25,65),1,44
(25,68),1,98
(25,74),1,68
(25,80),1,26
(25,84),1,55
(25,90),1,26
(25,97),1,41
(25,113),1,99
(25,118),1,33
(25,121),1,49
(25,125),1,82
(25,130),1,66
(25,131),1,49
(25,133),1,98
(25,148),1,96
(25,151),1,13
(25,152),1,7
(25,179),1,19
(25,182),1,11
(25,189),1,36
(26,7),1,78
(26,21),1,89
(26,33),1,55
(26,38),1,41
(26,43),1,81
(26,58),1,32
(26,70),1,51
(26,73),1,86
(26,76),1,71
(26,96),1,58
(26,117),1,25
(26,118),1,39
(26,137),1,39
(26,156),1,17
(26,162),1,49
(26,163),1,30
(26,182),1,98
(26,196),1,64
(27,2),1,16
(27,4),1,85
(27,5),1,31
(27,6),1,15
(27,8),1,14
(27,11),1,73
(27,13),1,79
(27,28),1,37
(27,35),1,70
(27,47),1,63
(27,57),1,73
(27,62),1,34
(27,70),1,72
(27,81),1,90
(27,83),1,77
(27,93),1,0
(27,106),1,40
(27,125),1,89
(27,133),1,38
(27,148),1,89
(27,159),1,64
(27,173),1,3
(27,194),1,34
(28,9),1,41
(28,14),1,46
(28,44),1,35
(28,57),1,9
(28,62),1,65
(28,68),1,89
(28,73),1,38
(28,90),1,38
(28,93),1,29
(28,94),1,51
(28,96),1,42
(28,99),1,81
(28,101),1,62
(28,103),1,3
(28,107),1,27
(28,130),1,82
(28,152),1,78
(28,165),1,85
(28,170),1,63
(28,191),1,96
(28,192),1,58
(29,4),1,55
(29,11),1,73
(29,14),1,39
(29,23),1,77
(29,27),1,58
(29,28),1,0
(29,34),1,94
(29,79),1,29
(29,88),1,10
(29,89),1,35
(29,93),1,53
(29,105),1,31
(29,111),1,17
(29,112),1,8
(29,113),1,41
(29,121),1,31
(29,123),1,53
(29,125),1,77
(29,132),1,48
(29,133),1,13
(29,144),1,57
(29,169),1,26
(29,171),1,70
(29,180),1,44
(29,187),1,16
(29,190),1,58
(30,1),1,39
(30,16),1,57
(30,74),1,99
(30,81),1,48
(30,89),1,81
(30,94),1,21
(30,98),1,3
(30,133),1,71
(30,135),1,74
(30,140),1,43
(30,145),1,38
(30,157),1,58
(30,169),1,58
(30,197),1,5
(31,1),1,34
(31,29),1,26
(31,44),1,92
(31,60),1,43
(31,74),1,73
(31,75),1,37
(31,87),1,39
(31,94),1,46
(31,101),1,17
(31,107),1,12
(31,114),1,40
(31,115),1,31
(31,116),1,20
(31,119),1,92
(31,128),1,20
(31,137),1,61
(31,145),1,27
(31,150),1,46
(31,165),1,73
(31,168),1,21
(31,173),1,78
(31,181),1,36
(31,187),1,24
(31,190),1,37
(32,14),1,53
(32,18),1,28
(32,39),1,12
(32,52),1,39
(32,56),1,65
(32,61),1,65
(32,65),1,68
(32,81),1,36
(32,82),1,48
(32,85),1,27
(32,87),1,47
(32,99),1,5
(32,102),1,37
(32,111),1,83
(32,123),1,92
(32,171),1,91
(32,187),1,38
(32,189),1,77
(32,198),1,88
(32,199),1,46
(33,11),1,57
(33,22),1,53
(33,36),1,23
(33,83),1,5
(33,86),1,95
(33,94),1,86
(33,95),1,52
(33,106),1,93
(33,131),1,55
(33,135),1,89
(33,138),1,69
(33,150),1,10
(33,151),1,50
(33,152),1,27
(33,156),1,11
(33,161),1,64
(33,164),1,73
(33,177),1,74
(33,183),1,3
(33,191),1,47
(34,14),1,18
(34,17),1,76
(34,31),1,63
(34,51),1,26
(34,72),1,43
(34,75),1,49
(34,81),1,32
(34,91),1,80
(34,97),1,61
(34,101),1,98
(34,107),1,42
(34,113),1,21
(34,129),1,15
(34,132),1,90
(34,135),1,74
(34,161),1,78
(34,162),1,64
(34,163),1,60
(34,179),1,44
(34,186),1,74
(34,188),1,15
(34,191),1,62
(35,0),1,4
(35,22),1,23
(35,34),1,15
(35,36),1,68
(35,52),1,81
(35,75),1,47
(35,77),1,6
(35,95),1,57
(35,96),1,90
(35,103),1,56
(35,114),1,87
(35,116),1,37
(35,126),1,1
(35,127),1,42
(35,138),1,26
(35,142),1,60
(35,152),1,7
(35,154),1,15
(35,166),1,99
(35,169),1,54
(35,174),1,27
(35,180),1,81
(35,182),1,33
(35,183),1,60
(35,187),1,79
(35,188),1,89
(35,189),1,99
(36,0),1,42
(36,9),1,91
(36,10),1,36
(36,35),1,28
(36,41),1,7
(36,52),1,13
(36,63),1,53
(36,69),1,87
(36,72),1,61
(36,84),1,100
(36,117),1,1
(36,148),1,94
(36,174),1,76
(36,175),1,52
(36,191),1,93
(37,5),1,74
(37,7),1,67
(37,17),1,34
(37,18),1,84
(37,28),1,80
(37,30),1,28
(37,31),1,68
(37,41),1,20
(37,44),1,3
(37,50),1,35
(37,83),1,66
(37,94),1,77
(37,98),1,70
(37,107),1,21
(37,111),1,74
(37,126),1,99
(37,131),1,86
(37,135),1,42
(37,137),1,85
(37,139),1,17
(37,163),1,80
(37,196),1,74
(37,199),1,85
(38,15),1,26
(38,24),1,85
(38,25),1,18
(38,43),1,90
(38,46),1,63
(38,57),1,68
(38,68),1,100
(38,70),1,24
(38,74),1,0
(38,101),1,94
(38,103),1,7
(38,115),1,94
(38,116),1,72
(38,124),1,19
(38,135),1,88
(38,155),1,59
(38,172),1,91
(38,174),1,33
(38,181),1,92
(39,0),1,31
(39,10),1,62
(39,20),1,10
(39,37),1,77
(39,61),1,18
(39,89),1,57
(39,91),1,36
(39,96),1,59
(39,120),1,24
(39,122),1,57
(39,126),1,14
(39,139),1,39
(39,140),1,4
(39,146),1,3
(39,158),1,4
(39,164),1,79
(39,197),1,54
(40,14),1,93
(40,66),1,35
(40,85),1,48
(40,116),1,33
(40,121),1,0
(40,125),1,53
(40,129),1,1
(40,148),1,6
(40,150),1,5
(40,158),1,91
(40,160),1,4
(40,185),1,73
(40,189),1,88
(41,2),1,33
(41,26),1,85
(41,29),1,40
(41,42),1,17
(41,50),1,55
(41,52),1,87
(41,55),1,8
(41,60),1,22
(41,84),1,91
(41,97),1,32
(41,167),1,49
(41,177),1,88
(41,188),1,81
(42,3),1,81
(42,10),1,82
(42,12),1,36
(42,29),1,42
(42,34),1,52
(42,36),1,50
(42,37),1,66
(42,44),1,79
(42,58),1,5
(42,65),1,39
(42,72),1,62
(42,77),1,59
(42,88),1,6
(42,104),1,98
(42,105),1,84
(42,130),1,64
(42,150),1,97
(42,160),1,88
(42,162),1,18
(42,186),1,71
(43,0),1,21
(43,6),1,38
(43,20),1,14
(43,32),1,20
(43,33),1,46
(43,64),1,94
(43,80),1,10
(43,87),1,78
(43,107),1,46
(43,117),1,77
(43,121),1,37
(43,123),1,17
(43,134),1,12
(43,157),1,18
(43,174),1,61
(43,182),1,75
(43,189),1,6
(43,191),1,10
(43,192),1,62
(44,2),1,61
(44,9),1,77
(44,18),1,63
(44,21),1,13
(44,22),1,15
(44,24),1,34
(44,27),1,12
(44,45),1,47
(44,74),1,88
(44,101),1,71
(44,102),1,6
(44,104),1,4
(44,117),1,99
(44,122),1,73
(44,128),1,95
(44,142),1,39
(44,180),1,58
(44,183),1,35
(44,189),1,74
(44,194),1,41
(44,198),1,50
(45,5),1,24
(45,7),1,86
(45,47),1,10
(45,54),1,11
(45,69),1,47
(45,78),1,66
(45,92),1,99
(45,101),1,79
(45,102),1,85
(45,107),1,8
(45,116),1,24
(45,127),1,32
(45,131),1,74
(45,132),1,11
(45,136),1,95
(45,141),1,25
(45,162),1,62
(45,164),1,90
(45,180),1,91
(45,184),1,52
(45,185),1,90
(45,195),1,91
(46,1),1,83
(46,11),1,19
(46,12),1,68
(46,15),1,93
(46,17),1,60
(46,19),1,55
(46,48),1,53
(46,64),1,74
(46,107),1,63
(46,118),1,38
(46,125),1,61
(46,127),1,23
(46,144),1,0
(46,150),1,88
(46,167),1,20
(46,176),1,53
(46,185),1,94
(46,198),1,7
(47,18),1,28
(47,25),1,30
(47,38),1,12
(47,55),1,22
(47,65),1,16
(47,67),1,69
(47,74),1,11
(47,79),1,11
(47,91),1,53
(47,95),1,82
(47,98),1,68
(47,116),1,27
(47,128),1,62
(47,129),1,36
(47,145),1,69
(47,160),1,33
(47,175),1,68
(47,185),1,6
(48,25),1,62
(48,33),1,42
(48,58),1,41
(48,88),1,42
(48,95),1,83
(48,101),1,62
(48,113),1,61
(48,131),1,69
(48,169),1,88
(48,180),1,25
(48,189),1,95
(48,196),1,64
(49,1),1,60
(49,2),1,31
(49,13),1,36
(49,29),1,91
(49,38),1,86
(49,40),1,91
(49,42),1,83
(49,44),1,0
(49,47),1,66
(49,48),1,91
(49,52),1,31
(49,72),1,92
(49,84),1,76
(49,94),1,4
(49,101),1,87
(49,102),1,2
(49,135),1,65
(49,156),1,89
(49,166),1,72
(49,178),1,78
(49,182),1,7
(49,196),1,73
(50,11),1,4
(50,13),1,12
(50,29),1,38
(50,33),1,64
(50,35),1,64
(50,70),1,67
(50,91),1,47
(50,99),1,2
(50,108),1,37
(50,111),1,85
(50,112),1,7
(50,116),1,54
(50,140),1,37
(50,157),1,50
(50,158),1,38
(50,163),1,38
(50,172),1,13
(50,178),1,49
(50,180),1,98
(50,182),1,48
(50,186),1,92
(50,188),1,77
(50,194),1,28
(51,8),1,39
(51,13),1,100
(51,22),1,87
(51,30),1,22
(51,50),1,13
(51,70),1,63
(51,90),1,1
(51,123),1,59
(51,144),1,14
(51,146),1,83
(51,149),1,41
(51,157),1,78
(51,163),1,91
(51,165),1,39
(51,169),1,76
(51,171),1,56
(51,185),1,17
(51,192),1,39
(51,194),1,66
(51,195),1,13
(52,13),1,94
(52,15),1,60
(52,21),1,57
(52,24),1,53
(52,43),1,75
(52,44),1,99
(52,50),1,92
(52,58),1,81
(52,69),1,60
(52,72),1,62
(52,103),1,97
(52,143),1,38
(52,148),1,97
(52,158),1,17
(52,169),1,12
(52,178),1,46
(52,188),1,83
(53,7),1,68
(53,25),1,49
(53,28),1,22
(53,32),1,4
(53,34),1,25
(53,36),1,31
(53,52),1,23
(53,60),1,25
(53,61),1,61
(53,63),1,19
(53,98),1,94
(53,117),1,26
(53,137),1,40
(53,147),1,73
(53,178),1,39
(53,183),1,63
(53,187),1,39
(54,9),1,5
(54,18),1,73
(54,26),1,27
(54,29),1,27
(54,32),1,26
(54,72),1,65
(54,74),1,79
(54,79),1,84
(54,80),1,61
(54,131),1,65
(54,135),1,77
(54,138),1,46
(54,156),1,23
(54,172),1,35
(54,175),1,15
(54,183),1,5
(54,195),1,61
(55,2),1,49
(55,9),1,8
(55,22),1,91
(55,30),1,78
(55,62),1,33
(55,75),1,50
(55,87),1,87
(55,93),1,81
(55,96),1,92
(55,97),1,34
(55,100),1,54
(55,102),1,70
(55,105),1,71
(55,107),1,83
(55,110),1,91
(55,115),1,93
(55,136),1,11
(55,137),1,5
(55,138),1,7
(55,151),1,50
(55,171),1,0
(55,189),1,46
(56,0),1,56
(56,23),1,60
(56,29),1,90
(56,33),1,36
(56,44),1,89
(56,52),1,33
(56,59),1,74
(56,60),1,78
(56,61),1,73
(56,77),1,56
(56,85),1,83
(56,88),1,38
(56,89),1,35
(56,97),1,50
(56,114),1,18
(56,119),1,55
(56,128),1,78
(56,131),1,57
(56,133),1,27
(56,159),1,91
(56,163),1,4
(56,169),1,36
(56,170),1,75
(56,190),1,9
(56,198),1,38
(56,199),1,44
(57,6),1,51
(57,7),1,65
(57,9),1,57
(57,35),1,30
(57,60),1,95
(57,72),1,72
(57,74),1,19
(57,81),1,30
(57,90),1,75
(57,96),1,8
(57,100),1,6
(57,105),1,49
(57,111),1,0
(57,137),1,9
(57,138),1,10
(57,155),1,34
(57,159),1,68
(57,191),1,48
(57,196),1,79
(58,0),1,8
(58,7),1,55
(58,24),1,78
(58,60),1,24
(58,65),1,49
(58,67),1,51
(58,78),1,31
(58,90),1,32
(58,94),1,81
(58,101),1,1
(58,105),1,19
(58,125),1,89
(58,129),1,26
(58,130),1,80
(58,133),1,33
(58,148),1,87
(58,156),1,59
(58,160),1,81
(58,166),1,46
(58,182),1,97
(58,188),1,8
(59,3),1,48
(59,8),1,36
(59,11),1,86
(59,43),1,22
(59,44),1,86
(59,52),1,83
(59,72),1,70
(59,78),1,32
(59,115),1,65
(59,125),1,99
(59,134),1,61
(59,135),1,11
(59,145),1,13
(59,182),1,18
(59,198),1,24
(60,0),1,31
(60,27),1,11
(60,37),1,29
(60,51),1,96
(60,54),1,67
(60,74),1,77
(60,76),1,35
(60,86),1,44
(60,98),1,53
(60,100),1,51
(60,116),1,68
(60,117),1,42
(60,120),1,32
(60,147),1,4
(60,163),1,23
(60,171),1,63
(61,4),1,93
(61,13),1,91
(61,40),1,9
(61,45),1,70
(61,55),1,34
(61,73),1,74
(61,94),1,12
(61,97),1,88
(61,101),1,58
(61,113),1,80
(61,115),1,36
(61,143),1,33
(61,147),1,28
(61,162),1,57
(61,170),1,72
(61,175),1,90
(61,181),1,30
(61,185),1,14
(61,199),1,63
(62,23),1,68
(62,26),1,97
(62,36),1,98
(62,43),1,16
(62,49),1,64
(62,54),1,66
(62,65),1,10
(62,77),1,78
(62,82),1,46
(62,88),1,38
(62,100),1,29
(62,108),1,56
(62,113),1,73
(62,130),1,61
(62,136),1,56
(62,171),1,50
(62,176),1,99
(62,177),1,79
(62,180),1,83
(62,195),1,42
(62,196),1,93
(63,5),1,51
(63,11),1,68
(63,44),1,25
(63,53),1,2
(63,64),1,15
(63,75),1,70
(63,102),1,9
(63,104),1,20
(63,106),1,91
(63,113),1,1
(63,114),1,52
(63,131),1,65
(63,146),1,21
(63,150),1,52
(63,159),1,97
(63,167),1,32
(63,168),1,100
(63,175),1,99
(63,183),1,43
(63,193),1,21
(64,6),1,70
(64,11),1,69
(64,23),1,83
(64,44),1,37
(64,48),1,98
(64,84),1,83
(64,93),1,15
(64,124),1,64
(64,137),1,74
(64,141),1,69
(64,156),1,83
(64,171),1,80
(64,178),1,35
(64,182),1,59
(64,199),1,92
(65,9),1,84
(65,29),1,52
(65,44),1,27
(65,45),1,99
(65,52),1,53
(65,55),1,17
(65,63),1,46
(65,110),1,37
(65,123),1,72
(65,124),1,59
(65,125),1,97
(65,174),1,50
(65,192),1,25
(65,196),1,94
(66,6),1,38
(66,12),1,18
(66,13),1,38
(66,34),1,24
(66,42),1,62
(66,55),1,44
(66,62),1,56
(66,65),1,48
(66,67),1,55
(66,76),1,57
(66,117),1,10
(66,119),1,10
(66,129),1,80
(66,136),1,25
(66,155),1,31
(66,178),1,18
(66,179),1,20
(66,187),1,25
(66,190),1,65
(67,0),1,49
(67,9),1,62
(67,31),1,1
(67,33),1,73
(67,78),1,51
(67,106),1,80
(67,115),1,33
(67,117),1,44
(67,118),1,28
(67,156),1,53
(67,163),1,2
(67,176),1,29
(67,196),1,90
(68,2),1,43
(68,9),1,93
(68,12),1,10
(68,20),1,69
(68,30),1,84
(68,52),1,76
(68,61),1,61
(68,62),1,87
(68,67),1,0
(68,69),1,81
(68,78),1,6
(68,123),1,29
(68,138),1,49
(68,154),1,66
(68,156),1,77
(68,170),1,78
(68,171),1,15
(68,173),1,70
(68,177),1,40
(68,180),1,72
(69,11),1,93
(69,19),1,59
(69,41),1,0
(69,46),1,2
(69,49),1,46
(69,79),1,86
(69,85),1,63
(69,98),1,27
(69,138),1,13
(69,139),1,92
(69,165),1,99
(69,177),1,74
(69,180),1,86
(69,190),1,56
(69,192),1,47
(70,6),1,63
(70,36),1,47
(70,41),1,95
(70,50),1,1
(70,51),1,53
(70,73),1,42
(70,79),1,9
(70,85),1,64
(70,87),1,62
(70,115),1,60
(70,118),1,52
(70,120),1,39
(70,123),1,75
(70,125),1,19
(70,153),1,69
(70,179),1,4
(70,186),1,20
(71,1),1,47
(71,29),1,39
(71,30),1,98
(71,60),1,89
(71,67),1,76
(71,73),1,21
(71,78),1,90
(71,80),1,62
(71,92),1,71
(71,147),1,39
(71,149),1,14
(71,150),1,54
(71,152),1,20
(71,161),1,50
(71,163),1,99
(71,164),1,31
(71,173),1,13
(71,175),1,80
(71,178),1,62
(71,180),1,72
(71,181),1,40
(71,182),1,29
(71,189),1,6
(71,198),1,6
(72,18),1,77
(72,21),1,86
(72,27),1,27
(72,30),1,56
(72,36),1,8
(72,40),1,64
(72,45),1,12
(72,52),1,87
(72,59),1,89
(72,66),1,92
(72,78),1,0
(72,83),1,37
(72,96),1,99
(72,99),1,99
(72,110),1,23
(72,112),1,12
(72,131),1,73
(72,132),1,9
(72,144),1,21
(72,146),1,90
(72,148),1,14
(72,150),1,76
(72,161),1,45
(72,165),1,2
(72,178),1,28
(72,194),1,86
(72,197),1,2
(72,199),1,89
(73,4),1,43
(73,29),1,84
(73,36),1,50
(73,38),1,75
(73,42),1,13
(73,66),1,53
(73,70),1,81
(73,80),1,86
(73,90),1,6
(73,95),1,19
(73,100),1,39
(73,112),1,96
(73,118),1,81
(73,121),1,56
(73,127),1,69
(73,144),1,8
(73,155),1,96
(73,166),1,35
(73,167),1,35
(73,179),1,30
(74,4),1,34
(74,7),1,53
(74,24),1,88
(74,38),1,43
(74,50),1,93
(74,55),1,61
(74,64),1,79
(74,65),1,39
(74,77),1,15
(74,88),1,69
(74,89),1,8
(74,111),1,41
(74,128),1,21
(74,161),1,41
(74,165),1,77
(74,177),1,53
(74,193),1,79
(75,11),1,83
(75,17),1,53
(75,28),1,34
(75,29),1,0
(75,36),1,20
(75,38),1,27
(75,73),1,20
(75,78),1,89
(75,87),1,13
(75,103),1,20
(75,106),1,79
(75,116),1,4
(75,128),1,95
(75,135),1,19
(75,139),1,6
(75,143),1,60
(75,147),1,41
(75,153),1,62
(75,166),1,27
(75,170),1,87
(75,173),1,56
(75,187),1,26
(75,189),1,48
(75,194),1,35
(75,197),1,76
(76,16),1,49
(76,27),1,16
(76,33),1,81
(76,56),1,91
(76,61),1,25
(76,68),1,16
(76,106),1,22
(76,119),1,42
(76,124),1,45
(76,135),1,15
(76,136),1,87
(76,141),1,14
(76,144),1,81
(76,189),1,100
(77,24),1,8
(77,31),1,18
(77,33),1,30
(77,41),1,32
(77,51),1,29
(77,58),1,45
(77,64),1,74
(77,85),1,86
(77,89),1,61
(77,96),1,69
(77,100),1,50
(77,116),1,48
(77,170),1,30
(77,182),1,12
(77,187),1,34
(78,19),1,41
(78,27),1,0
(78,35),1,67
(78,41),1,53
(78,53),1,28
(78,63),1,3
(78,70),1,91
(78,81),1,65
(78,86),1,73
(78,98),1,40
(78,120),1,95
(78,126),1,29
(78,162),1,30
(78,192),1,11
(78,194),1,50
(78,198),1,90
(79,8),1,72
(79,16),1,88
(79,25),1,65
(79,34),1,67
(79,46),1,54
(79,50),1,75
(79,67),1,4
(79,68),1,19
(79,72),1,6
(79,75),1,75
(79,76),1,80
(79,81),1,1
(79,105),1,58
(79,107),1,60
(79,109),1,87
(79,121),1,55
(79,126),1,86
(79,131),1,88
(79,132),1,81
(79,134),1,87
(79,139),1,32
(79,166),1,74
(79,175),1,4
(79,187),1,44
(79,199),1,28
(80,9),1,44
(80,11),1,64
(80,14),1,36
(80,21),1,49
(80,38),1,74
(80,41),1,59
(80,60),1,10
(80,61),1,87
(80,86),1,85
(80,91),1,73
(80,93),1,31
(80,96),1,27
(80,101),1,16
(80,115),1,51
(80,148),1,34
(80,155),1,35
(80,172),1,93
(80,179),1,37
(80,183),1,51
(80,185),1,83
(81,5),1,1
(81,7),1,62
(81,11),1,12
(81,28),1,54
(81,30),1,49
(81,33),1,39
(81,41),1,31
(81,43),1,91
(81,45),1,95
(81,53),1,49
(81,55),1,1
(81,68),1,59
(81,87),1,27
(81,108),1,35
(81,127),1,75
(81,136),1,48
(81,137),1,84
(81,152),1,22
(81,164),1,91
(81,173),1,30
(82,32),1,78
(82,34),1,14
(82,55),1,39
(82,63),1,38
(82,76),1,20
(82,91),1,61
(82,98),1,36
(82,101),1,24
(82,114),1,81
(82,134),1,85
(82,138),1,18
(82,139),1,73
(82,180),1,52
(82,183),1,99
(82,194),1,45
(83,15),1,59
(83,38),1,19
(83,50),1,86
(83,54),1,90
(83,57),1,96
(83,62),1,42
(83,66),1,8
(83,73),1,83
(83,106),1,35
(83,107),1,89
(83,113),1,91
(83,129),1,24
(83,130),1,90
(83,138),1,83
(83,143),1,32
(83,145),1,60
(83,168),1,65
(83,174),1,74
(83,180),1,58
(84,1),1,88
(84,12),1,30
(84,16),1,95
(84,19),1,46
(84,40),1,56
(84,44),1,44
(84,50),1,49
(84,53),1,13
(84,56),1,7
(84,62),1,29
(84,68),1,95
(84,77),1,34
(84,80),1,80
(84,95),1,23
(84,103),1,25
(84,106),1,85
(84,121),1,12
(84,160),1,87
(84,172),1,20
(84,192),1,15
(84,194),1,30
(84,197),1,82
(85,34),1,26
(85,54),1,71
(85,74),1,86
(85,86),1,18
(85,91),1,85
(85,92),1,41
(85,94),1,53
(85,100),1,63
(85,101),1,16
(85,120),1,40
(85,129),1,32
(85,146),1,73
(85,147),1,6
(85,163),1,30
(85,177),1,19
(85,187),1,100
(86,25),1,99
(86,27),1,59
(86,54),1,14
(86,68),1,61
(86,73),1,51
(86,103),1,0
(86,107),1,56
(86,136),1,32
(86,138),1,1
(86,197),1,75
(87,18),1,90
(87,36),1,43
(87,48),1,49
(87,51),1,45
(87,73),1,100
(87,86),1,62
(87,88),1,29
(87,99),1,96
(87,100),1,100
(87,101),1,69
(87,111),1,69
(87,128),1,20
(87,129),1,69
(87,152),1,83
(87,157),1,80
(87,171),1,34
(87,174),1,60
(87,175),1,55
(87,185),1,93
(88,38),1,26
(88,62),1,77
(88,68),1,80
(88,70),1,6
(88,74),1,17
(88,89),1,42
(88,109),1,53
(88,113),1,55
(88,116),1,82
(88,129),1,73
(88,139),1,24
(88,150),1,39
(88,158),1,26
(88,186),1,99
(88,195),1,27
(89,2),1,56
(89,5),1,41
(89,19),1,12
(89,20),1,22
(89,23),1,67
(89,29),1,98
(89,44),1,77
(89,55),1,41
(89,69),1,84
(89,71),1,15
(89,100),1,37
(89,102),1,95
(89,104),1,94
(89,109),1,23
(89,110),1,36
(89,122),1,18
(89,125),1,49
(89,126),1,9
(89,129),1,24
(89,131),1,82
(89,132),1,11
(89,136),1,18
(89,141),1,8
(89,142),1,71
(89,155),1,25
(89,196),1,19
(90,4),1,68
(90,9),1,29
(90,15),1,64
(90,17),1,59
(90,19),1,18
(90,25),1,60
(90,74),1,80
(90,75),1,64
(90,94),1,41
(90,95),1,9
(90,102),1,79
(90,141),1,77
(90,142),1,35
(90,161),1,46
(90,171),1,93
(90,172),1,9
(90,177),1,27
(90,184),1,7
(90,189),1,41
(90,194),1,36
(90,198),1,42
(91,4),1,63
(91,15),1,75
(91,16),1,98
(91,36),1,81
(91,40),1,5
(91,55),1,20
(91,63),1,25
(91,74),1,26
(91,84),1,62
(91,89),1,12
(91,92),1,74
(91,112),1,95
(91,114),1,65
(91,140),1,91
(91,146),1,64
(91,191),1,91
(92,8),1,85
(92,13),1,20
(92,17),1,3
(92,54),1,99
(92,101),1,90
(92,109),1,89
(92,115),1,2
(92,132),1,87
(92,144),1,80
(92,151),1,49
(92,163),1,11
(92,170),1,30
(92,179),1,54
(92,193),1,78
(92,198),1,20
(93,0),1,89
(93,1),1,70
(93,9),1,44
(93,10),1,51
(93,14),1,37
(93,15),1,48
(93,26),1,93
(93,54),1,92
(93,66),1,24
(93,81),1,61
(93,82),1,43
(93,95),1,30
(93,114),1,97
(93,124),1,45
(93,129),1,86
(93,135),1,52
(93,136),1,6
(93,145),1,98
(93,162),1,58
(93,167),1,55
(93,170),1,0
(93,176),1,93
(93,182),1,94
(93,188),1,51
(93,191),1,93
(94,0),1,56
(94,4),1,91
(94,6),1,17
(94,16),1,25
(94,28),1,10
(94,31),1,37
(94,32),1,72
(94,37),1,19
(94,54),1,41
(94,65),1,75
(94,73),1,87
(94,75),1,70
(94,91),1,61
(94,92),1,15
(94,106),1,94
(94,112),1,52
(94,116),1,94
(94,120),1,0
(94,128),1,79
(94,135),1,97
(94,147),1,18
(94,163),1,30
(94,165),1,24
(94,166),1,73
(94,171),1,55
(94,172),1,80
(94,176),1,49
(94,177),1,86
(94,180),1,70
(94,182),1,44
(94,186),1,87
(94,189),1,73
(94,192),1,86
(94,194),1,12
(94,195),1,6
(95,27),1,40
(95,33),1,0
(95,36),1,31
(95,37),1,86
(95,38),1,90
(95,39),1,69
(95,41),1,53
(95,58),1,85
(95,63),1,62
(95,67),1,33
(95,107),1,96
(95,110),1,12
(95,111),1,75
(95,144),1,60
(95,156),1,32
(95,158),1,13
(95,181),1,74
(95,190),1,58
(95,195),1,86
(96,8),1,63
(96,18),1,85
(96,59),1,94
(96,110),1,75
(96,138),1,80
(96,139),1,57
(96,141),1,80
(96,164),1,86
(96,197),1,51
(97,6),1,54
(97,42),1,38
(97,44),1,39
(97,48),1,62
(97,51),1,38
(97,53),1,95
(97,56),1,75
(97,65),1,0
(97,69),1,78
(97,96),1,86
(97,107),1,87
(97,121),1,94
(97,153),1,69
(97,154),1,50
(97,159),1,24
(97,181),1,72
(97,185),1,14
(98,2),1,25
(98,18),1,26
(98,38),1,53
(98,49),1,97
(98,51),1,24
(98,53),1,47
(98,54),1,54
(98,67),1,74
(98,80),1,66
(98,83),1,84
(98,86),1,47
(98,131),1,43
(98,154),1,6
(98,174),1,70
(98,175),1,7
(98,181),1,59
(98,183),1,82
(98,190),1,4
(98,194),1,41
(99,23),1,6
(99,42),1,71
(99,62),1,9
(99,69),1,87
(99,105),1,13
(99,121),1,75
(99,178),1,43
(100,7),1,32
(100,10),1,84
(100,19),1,30
(100,26),1,62
(100,27),1,33
(100,31),1,12
(100,38),1,64
(100,49),1,84
(100,52),1,16
(100,69),1,56
(100,75),1,50
(100,82),1,56
(100,98),1,39
(100,121),1,21
(100,123),1,7
(100,162),1,52
(100,168),1,56
(100,177),1,76
(100,190),1,6
(100,197),1,68
(100,199),1,47
(101,3),1,43
(101,14),1,11
(101,20),1,23
(101,28),1,49
(101,34),1,76
(101,38),1,44
(101,40),1,22
(101,41),1,34
(101,87),1,84
(101,88),1,39
(101,95),1,93
(101,111),1,27
(101,120),1,55
(101,136),1,42
(101,146),1,84
(101,165),1,85
(101,188),1,92
(101,189),1,71
(101,193),1,83
(102,4),1,35
(102,8),1,17
(102,21),1,0
(102,29),1,42
(102,33),1,50
(102,39),1,50
(102,41),1,9
(102,46),1,71
(102,53),1,3
(102,69),1,39
(102,73),1,11
(102,79),1,39
(102,89),1,69
(102,97),1,23
(102,99),1,5
(102,108),1,52
(102,125),1,95
(102,129),1,46
(102,163),1,89
(102,181),1,62
(102,185),1,18
(102,190),1,25
(102,194),1,30
(103,4),1,82
(103,41),1,61
(103,43),1,9
(103,44),1,4
(103,53),1,22
(103,67),1,51
(103,68),1,78
(103,70),1,18
(103,71),1,53
(103,97),1,19
(103,107),1,39
(103,108),1,93
(103,135),1,12
(103,179),1,51
(103,189),1,8
(104,16),1,45
(104,21),1,55
(104,33),1,81
(104,39),1,82
(104,40),1,40
(104,70),1,35
(104,87),1,67
(104,94),1,46
(104,116),1,85
(104,129),1,65
(104,134),1,81
(104,136),1,76
(104,151),1,79
(104,155),1,79
(104,169),1,51
(104,176),1,35
(105,3),1,0
(105,13),1,93
(105,16),1,76
(105,19),1,97
(105,22),1,77
(105,28),1,54
(105,30),1,54
(105,31),1,82
(105,41),1,3
(105,58),1,100
(105,71),1,37
(105,77),1,32
(105,78),1,93
(105,80),1,70
(105,91),1,5
(105,92),1,37
(105,98),1,98
(105,102),1,31
(105,114),1,56
(105,118),1,51
(105,134),1,41
(105,136),1,29
(105,144),1,16
(105,145),1,0
(105,151),1,78
(105,157),1,25
(105,176),1,98
(106,0),1,29
(106,1),1,59
(106,3),1,58
(106,10),1,91
(106,13),1,74
(106,14),1,74
(106,20),1,95
(106,31),1,55
(106,37),1,69
(106,50),1,38
(106,69),1,39
(106,75),1,90
(106,76),1,81
(106,77),1,96
(106,114),1,3
(106,123),1,44
(106,129),1,46
(106,140),1,79
(106,141),1,97
(106,166),1,9
(106,177),1,31
(106,178),1,23
(106,198),1,33
(107,22),1,98
(107,35),1,70
(107,44),1,72
(107,59),1,85
(107,89),1,15
(107,102),1,92
(107,115),1,90
(107,126),1,2
(107,134),1,56
(107,143),1,31
(107,154),1,5
(107,160),1,21
(107,172),1,66
(107,175),1,20
(107,199),1,87
(108,13),1,46
(108,19),1,55
(108,25),1,27
(108,33),1,65
(108,34),1,34
(108,44),1,7
(108,48),1,69
(108,68),1,61
(108,94),1,64
(108,112),1,24
(108,143),1,24
(108,155),1,86
(108,161),1,92
(108,171),1,0
(108,186),1,11
(109,8),1,89
(109,17),1,85
(109,22),1,88
(109,34),1,26
(109,42),1,1
(109,51),1,36
(109,52),1,73
(109,68),1,1
(109,75),1,98
(109,85),1,13
(109,99),1,30
(109,130),1,91
(109,136),1,85
(109,193),1,67
(110,2),1,9
(110,6),1,55
(110,9),1,29
(110,15),1,29
(110,19),1,92
(110,21),1,44
(110,38),1,7
(110,39),1,29
(110,40),1,72
(110,44),1,69
(110,65),1,79
(110,88),1,63
(110,100),1,43
(110,105),1,86
(110,120),1,46
(110,123),1,33
(110,126),1,40
(110,138),1,64
(110,139),1,77
(110,161),1,33
(110,175),1,46
(110,187),1,93
(111,4),1,43
(111,24),1,36
(111,36),1,33
(111,37),1,2
(111,45),1,44
(111,46),1,57
(111,56),1,9
(111,59),1,42
(111,61),1,41
(111,69),1,25
(111,82),1,84
(111,89),1,60
(111,90),1,99
(111,95),1,91
(111,96),1,38
(111,98),1,59
(111,109),1,43
(111,113),1,50
(111,130),1,2
(111,132),1,58
(111,145),1,11
(111,158),1,20
(111,166),1,17
(111,186),1,90
(111,195),1,61
(111,198),1,99
(112,8),1,29
(112,19),1,80
(112,23),1,79
(112,33),1,1
(112,40),1,25
(112,49),1,33
(112,62),1,57
(112,64),1,52
(112,66),1,21
(112,69),1,56
(112,86),1,28
(112,105),1,85
(112,117),1,29
(112,123),1,45
(112,124),1,5
(112,126),1,95
(112,131),1,43
(112,166),1,29
(112,174),1,28
(112,175),1,19
(112,185),1,75
(113,9),1,31
(113,10),1,18
(113,25),1,50
(113,60),1,74
(113,80),1,0
(113,94),1,12
(113,128),1,13
(113,141),1,15
(113,162),1,23
(113,163),1,87
(113,168),1,75
(113,184),1,22
(113,197),1,8
(114,11),1,100
(114,31),1,88
(114,73),1,86
(114,74),1,60
(114,83),1,15
(114,93),1,35
(114,94),1,52
(114,99),1,32
(114,105),1,50
(114,116),1,32
(114,120),1,95
(114,128),1,63
(114,135),1,86
(114,158),1,95
(114,171),1,68
(114,172),1,95
(114,197),1,53
(115,0),1,80
(115,9),1,26
(115,22),1,80
(115,45),1,54
(115,53),1,97
(115,54),1,16
(115,60),1,79
(115,65),1,26
(115,83),1,46
(115,87),1,17
(115,91),1,30
(115,92),1,75
(115,105),1,64
(115,135),1,84
(115,147),1,98
(115,148),1,81
(115,155),1,5
(115,160),1,43
(115,175),1,22
(115,183),1,35
(115,186),1,55
(115,189),1,96
(115,190),1,59
(115,193),1,84
(116,28),1,15
(116,34),1,29
(116,38),1,0
(116,40),1,81
(116,87),1,44
(116,95),1,19
(116,97),1,97
(116,103),1,90
(116,127),1,13
(116,129),1,84
(116,182),1,88
(116,183),1,47
(116,192),1,95
(116,194),1,8
(117,0),1,87
(117,7),1,86
(117,17),1,45
(117,52),1,23
(117,57),1,45
(117,62),1,61
(117,83),1,3
(117,90),1,70
(117,95),1,81
(117,121),1,4
(117,133),1,74
(117,135),1,1
(117,140),1,87
(117,146),1,21
(117,165),1,52
(117,167),1,82
(117,168),1,61
(117,174),1,1
(117,182),1,48
(117,183),1,57
(117,184),1,56
(117,187),1,47
(117,199),1,79
(118,54),1,42
(118,64),1,52
(118,78),1,68
(118,80),1,11
(118,84),1,12
(118,85),1,87
(118,89),1,55
(118,102),1,33
(118,112),1,51
(118,139),1,49
(118,159),1,16
(118,173),1,7
(118,193),1,84
(119,6),1,91
(119,15),1,8
(119,24),1,72
(119,34),1,88
(119,36),1,95
(119,38),1,67
(119,67),1,49
(119,76),1,29
(119,83),1,60
(119,97),1,2
(119,110),1,24
(119,113),1,22
(119,129),1,53
(119,147),1,32
(119,152),1,68
(119,153),1,57
(119,164),1,32
(120,1),1,79
(120,11),1,90
(120,24),1,56
(120,43),1,69
(120,45),1,94
(120,48),1,100
(120,58),1,9
(120,76),1,97
(120,77),1,83
(120,83),1,75
(120,92),1,76
(120,94),1,2
(120,100),1,92
(120,102),1,11
(120,111),1,30
(120,114),1,57
(120,128),1,23
(120,130),1,36
(120,133),1,73
(120,139),1,16
(120,144),1,33
(120,151),1,41
(120,160),1,38
(120,170),1,57
(120,176),1,95
(120,184),1,60
(121,7),1,15
(121,24),1,19
(121,44),1,9
(121,56),1,30
(121,67),1,33
(121,70),1,87
(121,85),1,28
(121,95),1,90
(121,105),1,15
(121,109),1,44
(121,124),1,99
(121,135),1,80
(121,137),1,64
(121,178),1,36
(121,198),1,30
(122,3),1,46
(122,4),1,86
(122,9),1,0
(122,17),1,83
(122,19),1,30
(122,36),1,97
(122,74),1,21
(122,85),1,88
(122,87),1,17
(122,110),1,30
(122,115),1,10
(122,123),1,39
(122,130),1,66
(122,136),1,4
(122,139),1,59
(122,163),1,47
(122,168),1,10
(123,0),1,27
(123,6),1,67
(123,14),1,55
(123,17),1,14
(123,21),1,50
(123,27),1,4
(123,31),1,76
(123,39),1,81
(123,58),1,35
(123,77),1,51
(123,91),1,100
(123,95),1,12
(123,101),1,75
(123,113),1,100
(123,114),1,62
(123,115),1,50
(123,120),1,20
(123,132),1,79
(123,140),1,40
(123,166),1,90
(123,178),1,15
(123,197),1,51
(123,198),1,39
(123,199),1,29
(124,0),1,53
(124,7),1,100
(124,20),1,82
(124,23),1,69
(124,29),1,60
(124,32),1,51
(124,46),1,12
(124,98),1,51
(124,121),1,87
(124,147),1,96
(124,152),1,26
(124,159),1,59
(124,183),1,72
(124,186),1,30
(124,187),1,87
(125,19),1,13
(125,35),1,14
(125,39),1,30
(125,41),1,42
(125,79),1,19
(125,81),1,38
(125,102),1,82
(125,103),1,67
(125,111),1,96
(125,132),1,19
(125,144),1,52
(125,155),1,95
(125,173),1,73
(125,180),1,48
(125,190),1,57
(126,3),1,4
(126,41),1,22
(126,50),1,39
(126,64),1,81
(126,71),1,93
(126,80),1,39
(126,96),1,13
(126,101),1,99
(126,121),1,82
(126,129),1,30
(126,130),1,49
(126,136),1,42
(126,145),1,8
(126,172),1,37
(126,174),1,74
(126,177),1,34
(126,186),1,2
(126,188),1,41
(127,0),1,94
(127,2),1,99
(127,12),1,19
(127,16),1,97
(127,24),1,45
(127,31),1,96
(127,52),1,54
(127,53),1,62
(127,65),1,2
(127,71),1,26
(127,73),1,72
(127,85),1,17
(127,87),1,49
(127,91),1,94
(127,99),1,53
(127,115),1,48
(127,137),1,10
(127,153),1,60
(127,158),1,33
(127,167),1,70
(127,177),1,73
(127,188),1,94
(127,194),1,86
(127,195),1,57
(128,0),1,100
(128,9),1,72
(128,17),1,73
(128,20),1,91
(128,26),1,47
(128,44),1,49
(128,50),1,75
(128,51),1,4
(128,52),1,52
(128,62),1,96
(128,73),1,89
(128,81),1,40
(128,83),1,12
(128,101),1,27
(128,108),1,47
(128,121),1,24
(128,127),1,95
(128,164),1,59
(128,166),1,33
(128,179),1,32
(129,2),1,47
(129,9),1,64
(129,16),1,87
(129,29),1,32
(129,48),1,57
(129,57),1,40
(129,60),1,87
(129,70),1,32
(129,74),1,36
(129,90),1,44
(129,117),1,100
(129,131),1,76
(129,132),1,20
(129,144),1,18
(129,160),1,46
(129,161),1,86
(129,165),1,54
(129,176),1,25
(129,183),1,45
(129,188),1,15
(130,10),1,26
(130,14),1,8
(130,18),1,23
(130,21),1,74
(130,25),1,38
(130,52),1,18
(130,64),1,33
(130,78),1,46
(130,94),1,42
(130,96),1,41
(130,99),1,98
(130,103),1,82
(130,108),1,48
(130,110),1,60
(130,116),1,91
(130,145),1,15
(130,152),1,45
(130,168),1,35
(130,169),1,49
(130,172),1,65
(130,180),1,88
(131,31),1,67
(131,40),1,78
(131,42),1,47
(131,51),1,62
(131,66),1,61
(131,74),1,38
(131,84),1,22
(131,97),1,5
(131,101),1,80
(131,108),1,93
(131,121),1,82
(131,129),1,58
(131,138),1,32
(131,149),1,84
(131,154),1,24
(131,168),1,9
(131,170),1,81
(131,171),1,22
(131,180),1,65
(131,187),1,46
(132,0),1,14
(132,4),1,10
(132,6),1,48
(132,13),1,98
(132,19),1,48
(132,33),1,47
(132,39),1,22
(132,79),1,1
(132,96),1,37
(132,100),1,86
(132,108),1,24
(132,116),1,21
(132,127),1,24
(132,130),1,40
(132,151),1,91
(132,155),1,66
(132,188),1,66
(132,192),1,91
(133,4),1,12
(133,11),1,87
(133,12),1,61
(133,15),1,89
(133,28),1,97
(133,46),1,75
(133,52),1,41
(133,64),1,5
(133,66),1,37
(133,72),1,92
(133,78),1,62
(133,88),1,87
(133,89),1,47
(133,95),1,73
(133,100),1,4
(133,119),1,94
(133,137),1,74
(133,144),1,23
(133,146),1,67
(133,148),1,69
(133,151),1,49
(133,176),1,5
(133,179),1,16
(133,189),1,63
(133,199),1,28
(134,0),1,7
(134,15),1,90
(134,25),1,37
(134,32),1,94
(134,39),1,81
(134,40),1,52
(134,75),1,7
(134,76),1,17
(134,84),1,67
(134,86),1,82
(134,119),1,25
(134,131),1,45
(134,141),1,51
(134,158),1,86
(134,174),1,64
(134,183),1,47
(134,189),1,98
(135,11),1,56
(135,17),1,63
(135,48),1,81
(135,68),1,13
(135,94),1,42
(135,111),1,36
(135,126),1,89
(135,131),1,89
(135,134),1,71
(135,143),1,27
(135,148),1,57
(135,151),1,23
(135,158),1,22
(135,175),1,8
(135,190),1,66
(135,197),1,28
(136,3),1,13
(136,7),1,13
(136,13),1,95
(136,37),1,84
(136,39),1,7
(136,53),1,76
(136,56),1,16
(136,71),1,92
(136,74),1,4
(136,82),1,98
(136,90),1,95
(136,107),1,0
(136,109),1,87
(136,113),1,36
(136,140),1,0
(136,159),1,17
(136,167),1,62
(136,174),1,21
(136,189),1,1
(136,192),1,45
(136,193),1,100
(137,14),1,86
(137,15),1,28
(137,21),1,57
(137,98),1,19
(137,122),1,98
(137,124),1,7
(137,147),1,92
(137,172),1,26
(137,177),1,2
(137,193),1,30
(138,27),1,3
(138,28),1,51
(138,31),1,51
(138,32),1,86
(138,61),1,75
(138,63),1,77
(138,72),1,75
(138,80),1,28
(138,92),1,3
(138,96),1,65
(138,108),1,96
(138,109),1,0
(138,121),1,72
(138,134),1,40
(138,135),1,98
(138,150),1,55
(138,151),1,93
(138,168),1,7
(138,175),1,74
(138,176),1,43
(138,190),1,21
(138,194),1,56
(139,7),1,41
(139,9),1,85
(139,20),1,93
(139,24),1,45
(139,25),1,87
(139,34),1,96
(139,48),1,7
(139,59),1,29
(139,60),1,71
(139,64),1,20
(139,72),1,2
(139,75),1,12
(139,86),1,57
(139,108),1,45
(139,112),1,25
(139,117),1,12
(139,122),1,85
(139,127),1,1
(139,134),1,2
(139,140),1,25
(139,143),1,21
(139,150),1,62
(139,155),1,5
(139,169),1,34
(139,172),1,35
(139,173),1,5
(139,189),1,62
(139,195),1,31
(139,196),1,61
(140,9),1,73
(140,10),1,15
(140,12),1,16
(140,22),1,80
(140,34),1,15
(140,37),1,5
(140,39),1,0
(140,41),1,64
(140,54),1,48
(140,59),1,15
(140,75),1,72
(140,88),1,54
(140,91),1,57
(140,106),1,89
(140,107),1,48
(140,115),1,40
(140,133),1,14
(140,150),1,3
(140,153),1,38
(140,162),1,38
(140,164),1,45
(140,168),1,8
(140,180),1,57
(140,192),1,50
(140,195),1,98
(141,19),1,78
(141,24),1,30
(141,25),1,5
(141,53),1,50
(141,64),1,14
(141,67),1,81
(141,72),1,34
(141,74),1,54
(141,86),1,90
(141,87),1,1
(141,95),1,66
(141,104),1,55
(141,105),1,15
(141,114),1,93
(141,116),1,27
(141,125),1,61
(141,131),1,53
(141,150),1,9
(141,173),1,37
(141,195),1,45
(142,43),1,49
(142,96),1,58
(142,102),1,10
(142,108),1,42
(142,111),1,39
(142,121),1,42
(142,123),1,20
(142,137),1,29
(142,150),1,44
(142,152),1,82
(142,156),1,65
(142,171),1,79
(142,175),1,83
(142,176),1,3
(142,182),1,15
(143,18),1,20
(143,23),1,72
(143,24),1,89
(143,39),1,52
(143,73),1,65
(143,90),1,14
(143,97),1,28
(143,112),1,63
(143,128),1,41
(143,130),1,94
(143,131),1,96
(143,133),1,74
(143,142),1,47
(143,146),1,49
(143,148),1,77
(143,152),1,13
(143,153),1,37
(143,156),1,26
(143,176),1,3
(143,183),1,22
(143,184),1,99
(143,199),1,28
(144,18),1,66
(144,22),1,0
(144,27),1,83
(144,42),1,41
(144,53),1,29
(144,56),1,95
(144,58),1,60
(144,77),1,83
(144,98),1,13
(144,115),1,19
(144,134),1,88
(144,137),1,78
(144,142),1,27
(144,146),1,82
(144,154),1,65
(144,155),1,62
(144,160),1,86
(144,176),1,25
(144,191),1,88
(144,195),1,82
(145,7),1,27
(145,25),1,60
(145,30),1,81
(145,42),1,98
(145,43),1,81
(145,51),1,74
(145,52),1,5
(145,53),1,16
(145,60),1,8
(145,67),1,78
(145,95),1,8
(145,99),1,66
(145,108),1,40
(145,110),1,31
(145,111),1,12
(145,132),1,62
(145,136),1,33
(145,137),1,30
(145,138),1,19
(145,140),1,61
(145,148),1,4
(145,160),1,62
(145,171),1,4
(145,175),1,50
(145,177),1,10
(145,178),1,83
(145,191),1,0
(145,198),1,18
(146,31),1,77
(146,32),1,98
(146,53),1,4
(146,57),1,92
(146,60),1,88
(146,65),1,64
(146,74),1,5
(146,78),1,20
(146,79),1,28
(146,105),1,91
(146,106),1,10
(146,112),1,12
(146,119),1,0
(146,131),1,92
(146,132),1,31
(146,144),1,46
(146,161),1,69
(146,190),1,66
(146,193),1,10
(146,194),1,80
(146,199),1,44
(147,5),1,40
(147,15),1,33
(147,19),1,39
(147,37),1,48
(147,41),1,62
(147,51),1,65
(147,57),1,63
(147,63),1,42
(147,93),1,96
(147,96),1,65
(147,118),1,35
(147,138),1,72
(147,148),1,36
(147,169),1,97
(147,178),1,83
(147,186),1,72
(147,196),1,100
(147,197),1,95
(148,23),1,93
(148,36),1,29
(148,43),1,91
(148,50),1,22
(148,63),1,25
(148,79),1,49
(148,83),1,69
(148,87),1,66
(148,97),1,95
(148,105),1,13
(148,110),1,23
(148,116),1,89
(148,159),1,29
(148,167),1,67
(148,172),1,40
(148,187),1,66
(148,196),1,7
(149,10),1,58
(149,34),1,20
(149,81),1,15
(149,91),1,89
(149,122),1,76
(149,124),1,67
(149,130),1,65
(149,158),1,87
(149,165),1,46
(149,166),1,14
(149,185),1,19
(149,190),1,98
(149,191),1,14
(149,194),1,95
(150,17),1,28
(150,41),1,82
(150,46),1,48
(150,52),1,41
(150,76),1,12
(150,78),1,100
(150,91),1,41
(150,96),1,39
(150,101),1,47
(150,127),1,18
(150,152),1,92
(150,156),1,49
(150,169),1,85
(150,171),1,44
(150,181),1,18
(150,190),1,94
(150,195),1,81
(151,15),1,32
(151,19),1,29
(151,20),1,81
(151,21),1,99
(151,25),1,88
(151,39),1,96
(151,46),1,82
(151,51),1,0
(151,66),1,53
(151,68),1,86
(151,69),1,4
(151,78),1,89
(151,84),1,40
(151,90),1,66
(151,103),1,64
(151,106),1,76
(151,118),1,88
(151,119),1,8
(151,127),1,8
(151,132),1,61
(151,135),1,47
(151,139),1,81
(151,144),1,97
(151,181),1,60
(151,183),1,8
(152,2),1,98
(152,25),1,21
(152,32),1,93
(152,41),1,42
(152,60),1,92
(152,70),1,97
(152,74),1,33
(152,77),1,96
(152,83),1,72
(152,87),1,16
(152,98),1,25
(152,103),1,82
(152,110),1,6
(152,119),1,69
(152,123),1,1
(152,125),1,53
(152,137),1,31
(152,155),1,79
(152,158),1,73
(152,159),1,35
(152,190),1,82
(152,192),1,2
(153,8),1,85
(153,20),1,76
(153,32),1,14
(153,33),1,30
(153,54),1,8
(153,61),1,46
(153,66),1,10
(153,67),1,42
(153,93),1,81
(153,96),1,63
(153,105),1,62
(153,126),1,1
(153,136),1,11
(153,165),1,32
(153,172),1,63
(153,173),1,16
(153,181),1,91
(153,190),1,47
(153,193),1,82
(154,3),1,63
(154,4),1,32
(154,14),1,6
(154,29),1,76
(154,45),1,95
(154,54),1,19
(154,64),1,58
(154,78),1,99
(154,81),1,60
(154,102),1,90
(154,133),1,91
(154,137),1,73
(154,170),1,70
(154,175),1,9
(154,179),1,99
(155,3),1,15
(155,7),1,28
(155,19),1,89
(155,29),1,68
(155,38),1,51
(155,41),1,83
(155,61),1,38
(155,81),1,20
(155,82),1,44
(155,85),1,60
(155,86),1,88
(155,97),1,42
(155,132),1,11
(155,148),1,11
(155,160),1,4
(155,171),1,44
(155,172),1,27
(155,181),1,13
(155,194),1,3
(156,26),1,26
(156,41),1,43
(156,72),1,83
(156,78),1,88
(156,79),1,76
(156,81),1,30
(156,94),1,70
(156,105),1,69
(156,110),1,88
(156,118),1,80
(156,121),1,42
(156,125),1,16
(156,142),1,10
(156,145),1,43
(156,153),1,24
(156,154),1,66
(156,184),1,21
(157,3),1,40
(157,7),1,37
(157,21),1,11
(157,24),1,80
(157,26),1,84
(157,35),1,38
(157,39),1,99
(157,49),1,55
(157,81),1,61
(157,90),1,52
(157,108),1,36
(157,109),1,12
(157,113),1,76
(157,116),1,65
(157,137),1,51
(157,143),1,85
(157,146),1,87
(157,161),1,5
(157,164),1,7
(157,179),1,1
(157,189),1,71
(158,20),1,86
(158,30),1,49
(158,42),1,79
(158,78),1,34
(158,99),1,73
(158,112),1,59
(158,128),1,86
(158,161),1,4
(158,181),1,39
(158,188),1,96
(158,192),1,11
(159,5),1,10
(159,10),1,84
(159,17),1,25
(159,19),1,48
(159,33),1,29
(159,71),1,65
(159,75),1,83
(159,76),1,31
(159,79),1,25
(159,85),1,75
(159,100),1,28
(159,112),1,52
(159,116),1,90
(159,122),1,50
(159,131),1,77
(159,151),1,31
(159,154),1,99
(159,160),1,95
(159,185),1,100
(160,1),1,0
(160,6),1,85
(160,12),1,95
(160,20),1,14
(160,21),1,65
(160,32),1,73
(160,34),1,81
(160,46),1,48
(160,60),1,10
(160,68),1,0
(160,70),1,50
(160,72),1,86
(160,77),1,65
(160,99),1,38
(160,104),1,21
(160,141),1,7
(160,149),1,7
(160,155),1,81
(160,166),1,73
(160,183),1,43
(161,12),1,69
(161,17),1,47
(161,41),1,19
(161,52),1,56
(161,59),1,73
(161,66),1,71
(161,82),1,100
(161,89),1,1
(161,92),1,63
(161,93),1,51
(161,96),1,84
(161,104),1,10
(161,107),1,49
(161,114),1,2
(161,127),1,98
(161,136),1,86
(161,143),1,57
(161,145),1,42
(161,170),1,82
(161,178),1,32
(161,186),1,25
(162,1),1,69
(162,9),1,36
(162,13),1,8
(162,17),1,80
(162,25),1,41
(162,36),1,93
(162,48),1,45
(162,60),1,91
(162,62),1,71
(162,76),1,30
(162,79),1,1
(162,80),1,85
(162,81),1,59
(162,82),1,69
(162,110),1,74
(162,112),1,77
(162,131),1,3
(162,136),1,85
(162,148),1,18
(162,158),1,45
(162,186),1,18
(162,188),1,9
(162,189),1,37
(162,190),1,71
(163,7),1,28
(163,13),1,31
(163,22),1,79
(163,39),1,62
(163,59),1,79
(163,60),1,48
(163,63),1,62
(163,91),1,79
(163,92),1,49
(163,94),1,100
(163,111),1,70
(163,113),1,53
(163,118),1,67
(163,150),1,35
(163,159),1,36
(163,177),1,80
(164,7),1,48
(164,15),1,73
(164,29),1,97
(164,31),1,74
(164,49),1,25
(164,88),1,34
(164,89),1,91
(164,90),1,39
(164,99),1,7
(164,106),1,54
(164,116),1,76
(164,119),1,98
(164,147),1,49
(164,150),1,91
(164,161),1,19
(164,168),1,23
(164,196),1,96
(164,199),1,21
(165,1),1,79
(165,5),1,18
(165,10),1,63
(165,16),1,13
(165,35),1,58
(165,49),1,58
(165,89),1,60
(165,90),1,58
(165,93),1,93
(165,105),1,18
(165,106),1,27
(165,115),1,56
(165,118),1,73
(165,122),1,18
(165,128),1,73
(165,139),1,40
(165,151),1,55
(165,155),1,47
(165,159),1,95
(165,181),1,63
(166,11),1,12
(166,17),1,28
(166,22),1,14
(166,33),1,51
(166,68),1,95
(166,100),1,95
(166,104),1,28
(166,114),1,22
(166,122),1,59
(166,123),1,92
(166,138),1,13
(166,150),1,77
(166,160),1,75
(166,164),1,68
(166,178),1,87
(166,180),1,44
(166,181),1,55
(166,191),1,86
(166,197),1,36
(166,198),1,15
(166,199),1,97
(167,2),1,67
(167,11),1,54
(167,44),1,64
(167,66),1,86
(167,70),1,69
(167,72),1,30
(167,82),1,54
(167,86),1,15
(167,118),1,78
(167,125),1,32
(167,128),1,59
(167,134),1,53
(167,138),1,15
(167,148),1,76
(167,153),1,6
(167,159),1,80
(167,183),1,20
(167,184),1,17
(167,185),1,0
(167,192),1,22
(167,199),1,70
(168,34),1,100
(168,50),1,2
(168,70),1,60
(168,86),1,54
(168,102),1,81
(168,130),1,77
(168,132),1,22
(168,133),1,2
(168,143),1,23
(168,150),1,84
(168,166),1,23
(168,177),1,87
(168,190),1,21
(169,14),1,59
(169,22),1,91
(169,38),1,7
(169,46),1,27
(169,49),1,62
(169,60),1,71
(169,63),1,67
(169,64),1,19
(169,96),1,8
(169,161),1,27
(169,185),1,3
(169,193),1,17
(170,0),1,45
(170,17),1,57
(170,30),1,13
(170,33),1,44
(170,36),1,38
(170,76),1,99
(170,84),1,45
(170,85),1,61
(170,92),1,20
(170,105),1,43
(170,115),1,66
(170,120),1,8
(170,127),1,4
(170,141),1,96
(170,147),1,64
(170,156),1,23
(170,157),1,37
(170,163),1,83
(170,164),1,44
(170,168),1,79
(170,198),1,86
(171,12),1,93
(171,26),1,35
(171,28),1,33
(171,42),1,6
(171,77),1,95
(171,78),1,46
(171,85),1,88
(171,93),1,31
(171,107),1,52
(171,113),1,54
(171,121),1,27
(171,156),1,63
(171,158),1,11
(171,159),1,30
(171,161),1,27
(171,163),1,73
(171,169),1,61
(171,178),1,12
(171,182),1,7
(171,186),1,25
(171,195),1,85
(171,199),1,36
(172,12),1,0
(172,15),1,24
(172,35),1,8
(172,44),1,59
(172,55),1,11
(172,58),1,6
(172,68),1,33
(172,74),1,48
(172,89),1,8
(172,92),1,3
(172,115),1,88
(172,116),1,96
(172,117),1,25
(172,148),1,12
(172,163),1,83
(172,165),1,99
(172,170),1,23
(172,176),1,94
(172,182),1,0
(172,198),1,20
(173,0),1,45
(173,10),1,90
(173,16),1,58
(173,33),1,99
(173,46),1,40
(173,47),1,38
(173,50),1,39
(173,55),1,85
(173,64),1,9
(173,93),1,77
(173,99),1,34
(173,105),1,85
(173,110),1,26
(173,134),1,60
(173,143),1,11
(173,165),1,95
(173,172),1,17
(173,186),1,38
(173,190),1,36
(174,7),1,42
(174,13),1,51
(174,15),1,92
(174,30),1,14
(174,31),1,46
(174,39),1,39
(174,42),1,100
(174,62),1,2
(174,63),1,35
(174,86),1,54
(174,87),1,72
(174,92),1,23
(174,93),1,25
(174,94),1,61
(174,95),1,35
(174,109),1,84
(174,112),1,96
(174,132),1,83
(174,149),1,25
(174,171),1,80
(174,175),1,96
(174,183),1,20
(174,191),1,61
(175,14),1,3
(175,19),1,72
(175,30),1,17
(175,34),1,54
(175,40),1,49
(175,60),1,6
(175,68),1,65
(175,78),1,69
(175,101),1,81
(175,110),1,51
(175,116),1,62
(175,117),1,13
(175,120),1,56
(175,143),1,65
(175,148),1,97
(175,154),1,93
(175,158),1,98
(175,162),1,47
(175,163),1,5
(175,188),1,75
(175,199),1,16
(176,0),1,53
(176,2),1,53
(176,13),1,39
(176,15),1,34
(176,19),1,14
(176,25),1,8
(176,49),1,72
(176,66),1,99
(176,69),1,97
(176,71),1,71
(176,75),1,24
(176,78),1,5
(176,79),1,90
(176,97),1,47
(176,99),1,52
(176,100),1,10
(176,104),1,12
(176,114),1,18
(176,115),1,73
(176,116),1,30
(176,126),1,33
(176,130),1,47
(176,136),1,32
(176,138),1,76
(176,149),1,28
(176,156),1,38
(176,167),1,27
(176,171),1,34
(176,174),1,28
(176,186),1,12
(176,196),1,95
(176,198),1,100
(177,7),1,68
(177,11),1,91
(177,20),1,76
(177,28),1,47
(177,42),1,95
(177,51),1,97
(177,69),1,25
(177,80),1,46
(177,96),1,68
(177,110),1,90
(177,140),1,76
(177,155),1,2
(177,184),1,7
(178,0),1,69
(178,19),1,43
(178,31),1,78
(178,32),1,24
(178,33),1,48
(178,37),1,81
(178,40),1,64
(178,45),1,59
(178,62),1,83
(178,86),1,75
(178,95),1,35
(178,111),1,44
(178,117),1,46
(178,119),1,88
(178,130),1,59
(178,133),1,51
(178,139),1,12
(178,141),1,15
(178,146),1,26
(178,173),1,62
(178,175),1,50
(178,186),1,92
(178,188),1,7
(178,189),1,58
(178,190),1,56
(179,8),1,38
(179,11),1,45
(179,46),1,47
(179,49),1,13
(179,50),1,95
(179,55),1,23
(179,57),1,23
(179,75),1,92
(179,100),1,55
(179,102),1,19
(179,120),1,47
(179,123),1,10
(179,168),1,63
(179,196),1,40
(180,0),1,2
(180,6),1,11
(180,10),1,33
(180,29),1,57
(180,30),1,94
(180,44),1,61
(180,51),1,53
(180,81),1,41
(180,90),1,39
(180,94),1,9
(180,102),1,59
(180,118),1,88
(180,119),1,68
(180,120),1,66
(180,138),1,41
(180,144),1,66
(180,152),1,47
(180,171),1,37
(180,193),1,27
(180,197),1,76
(181,0),1,51
(181,7),1,36
(181,10),1,6
(181,17),1,75
(181,26),1,28
(181,27),1,63
(181,41),1,82
(181,74),1,83
(181,76),1,52
(181,85),1,66
(181,90),1,29
(181,95),1,66
(181,105),1,65
(181,106),1,32
(181,107),1,73
(181,110),1,23
(181,111),1,8
(181,115),1,73
(181,118),1,43
(181,125),1,68
(181,143),1,46
(181,150),1,42
(181,151),1,45
(181,178),1,34
(181,185),1,2
(181,193),1,86
(182,7),1,68
(182,12),1,33
(182,13),1,29
(182,18),1,64
(182,22),1,48
(182,23),1,71
(182,25),1,89
(182,34),1,37
(182,37),1,24
(182,40),1,68
(182,45),1,32
(182,68),1,48
(182,79),1,89
(182,88),1,81
(182,93),1,75
(182,99),1,23
(182,112),1,21
(182,134),1,79
(182,136),1,43
(182,145),1,4
(182,159),1,39
(182,164),1,34
(182,167),1,57
(182,193),1,64
(182,198),1,5
(183,12),1,30
(183,13),1,2
(183,23),1,27
(183,24),1,55
(183,29),1,39
(183,33),1,24
(183,58),1,94
(183,81),1,17
(183,141),1,9
(183,171),1,2
(183,174),1,39
(183,176),1,44
(183,179),1,80
(183,189),1,26
(183,196),1,72
(184,2),1,44
(184,23),1,99
(184,32),1,42
(184,38),1,81
(184,57),1,59
(184,91),1,71
(184,110),1,65
(184,111),1,93
(184,114),1,79
(184,123),1,19
(184,127),1,65
(184,134),1,78
(184,154),1,76
(184,172),1,39
(184,174),1,34
(184,178),1,6
(184,181),1,23
(184,187),1,66
(185,3),1,88
(185,4),1,74
(185,5),1,68
(185,15),1,19
(185,21),1,28
(185,28),1,37
(185,31),1,43
(185,41),1,87
(185,49),1,49
(185,52),1,91
(185,59),1,51
(185,70),1,0
(185,79),1,38
(185,83),1,94
(185,84),1,31
(185,96),1,98
(185,118),1,39
(185,120),1,16
(185,125),1,82
(185,144),1,31
(185,178),1,12
(185,181),1,85
(186,0),1,65
(186,7),1,2
(186,10),1,20
(186,22),1,73
(186,24),1,76
(186,25),1,43
(186,66),1,71
(186,67),1,23
(186,69),1,85
(186,70),1,35
(186,77),1,91
(186,82),1,96
(186,85),1,20
(186,90),1,99
(186,94),1,27
(186,101),1,70
(186,133),1,73
(186,139),1,38
(186,143),1,36
(186,151),1,1
(186,158),1,23
(186,166),1,89
(186,172),1,78
(186,188),1,41
(186,191),1,73
(187,44),1,53
(187,48),1,44
(187,77),1,0
(187,86),1,45
(187,106),1,13
(187,112),1,39
(187,130),1,15
(187,146),1,23
(187,149),1,25
(187,155),1,29
(187,179),1,17
(187,194),1,29
(188,4),1,46
(188,11),1,89
(188,25),1,83
(188,27),1,65
(188,29),1,43
(188,30),1,31
(188,54),1,72
(188,71),1,99
(188,74),1,52
(188,89),1,22
(188,94),1,49
(188,98),1,0
(188,110),1,23
(188,115),1,10
(188,123),1,38
(188,152),1,52
(188,156),1,19
(188,158),1,36
(188,166),1,30
(188,182),1,92
(189,13),1,12
(189,18),1,34
(189,37),1,55
(189,64),1,51
(189,66),1,14
(189,81),1,41
(189,86),1,60
(189,94),1,40
(189,100),1,43
(189,112),1,53
(189,126),1,94
(189,153),1,48
(189,156),1,77
(189,157),1,8
(189,158),1,80
(189,161),1,72
(189,165),1,75
(189,166),1,50
(189,167),1,78
(189,175),1,82
(189,178),1,40
(189,183),1,16
(190,2),1,53
(190,6),1,45
(190,12),1,66
(190,38),1,53
(190,64),1,71
(190,71),1,100
(190,76),1,90
(190,94),1,21
(190,104),1,41
(190,123),1,42
(190,124),1,85
(190,128),1,97
(190,156),1,59
(190,160),1,43
(190,166),1,80
(190,176),1,67
(190,183),1,98
(190,184),1,27
(190,194),1,80
(191,2),1,31
(191,10),1,98
(191,23),1,54
(191,60),1,12
(191,73),1,45
(191,80),1,86
(191,89),1,2
(191,97),1,82
(191,114),1,12
(191,118),1,10
(191,120),1,9
(191,131),1,86
(191,140),1,25
(191,145),1,82
(191,158),1,71
(191,160),1,48
(191,161),1,89
(191,172),1,32
(191,196),1,41
(191,197),1,70
(192,2),1,84
(192,25),1,55
(192,26),1,100
(192,49),1,84
(192,54),1,8
(192,57),1,90
(192,63),1,74
(192,64),1,47
(192,91),1,48
(192,95),1,97
(192,96),1,4
(192,103),1,36
(192,108),1,42
(192,112),1,3
(192,124),1,53
(192,141),1,25
(192,144),1,24
(192,149),1,58
(192,157),1,35
(192,160),1,55
(192,183),1,36
(193,16),1,51
(193,21),1,17
(193,25),1,30
(193,27),1,56
(193,57),1,57
(193,61),1,32
(193,71),1,75
(193,75),1,78
(193,100),1,74
(193,103),1,58
(193,111),1,42
(193,117),1,50
(193,131),1,34
(193,145),1,78
(193,170),1,74
(193,192),1,16
(194,12),1,63
(194,25),1,58
(194,28),1,65
(194,29),1,54
(194,36),1,69
(194,40),1,25
(194,43),1,86
(194,80),1,76
(194,99),1,78
(194,121),1,58
(194,149),1,5
(194,158),1,77
(194,161),1,79
(194,175),1,100
(194,186),1,90
(194,187),1,42
(194,190),1,94
(195,1),1,60
(195,5),1,93
(195,25),1,16
(195,27),1,50
(195,48),1,54
(195,69),1,3
(195,73),1,9
(195,82),1,64
(195,88),1,24
(195,93),1,82
(195,111),1,42
(195,120),1,61
(195,123),1,70
(195,124),1,63
(195,128),1,32
(195,133),1,72
(195,135),1,52
(195,140),1,64
(195,145),1,45
(195,146),1,12
(195,150),1,67
(195,154),1,92
(195,155),1,8
(195,174),1,78
(195,187),1,27
(195,188),1,31
(195,194),1,60
(195,196),1,47
(196,17),1,8
(196,63),1,61
(196,77),1,83
(196,78),1,99
(196,84),1,63
(196,85),1,64
(196,93),1,4
(196,99),1,96
(196,114),1,9
(196,138),1,89
(197,29),1,54
(197,45),1,89
(197,49),1,3
(197,51),1,74
(197,64),1,1
(197,85),1,68
(197,92),1,75
(197,96),1,82
(197,113),1,62
(197,118),1,85
(197,135),1,47
(197,144),1,8
(197,158),1,82
(197,161),1,72
(197,181),1,53
(197,188),1,8
(197,196),1,52
(198,5),1,1
(198,21),1,64
(198,36),1,29
(198,53),1,41
(198,55),1,68
(198,56),1,27
(198,62),1,71
(198,76),1,72
(198,77),1,48
(198,86),1,89
(198,92),1,69
(198,104),1,71
(198,112),1,14
(198,120),1,30
(198,128),1,25
(198,129),1,44
(198,136),1,96
(198,149),1,14
(198,158),1,91
(198,179),1,100
(198,188),1,70
(198,195),1,9
(199,7),1,47
(199,14),1,98
(199,19),1,26
(199,20),1,93
(199,23),1,67
(199,25),1,26
(199,53),1,19
(199,62),1,47
(199,64),1,26
(199,75),1,48
(199,83),1,96
(199,96),1,11
(199,106),1,2
(199,112),1,48
(199,121),1,0
(199,136),1,55
(199,147),1,76
(199,171),1,0
(199,173),1,96
