Nr_Pairs = 200
Nr_NDD = 0
Nr_Arcs = 3969
0,0,0,0,0
1,0,0,0,0
2,0,0,0,0
3,0,0,0,0
4,0,0,0,0
5,0,0,0,0
6,0,0,0,0
7,0,0,0,0
8,0,0,0,0
9,0,0,0,0
10,0,0,0,0
11,0,0,0,0
12,0,0,0,0
13,0,0,0,0
14,0,0,0,0
15,0,0,0,0
16,0,0,0,0
17,0,0,0,0
18,0,0,0,0
19,0,0,0,0
20,0,0,0,0
21,0,0,0,0
22,0,0,0,0
23,0,0,0,0
24,0,0,0,0
25,0,0,0,0
26,0,0,0,0
27,0,0,0,0
28,0,0,0,0
29,0,0,0,0
30,0,0,0,0
31,0,0,0,0
32,0,0,0,0
33,0,0,0,0
34,0,0,0,0
35,0,0,0,0
36,0,0,0,0
37,0,0,0,0
38,0,0,0,0
39,0,0,0,0
40,0,0,0,0
41,0,0,0,0
42,0,0,0,0
43,0,0,0,0
44,0,0,0,0
45,0,0,0,0
46,0,0,0,0
47,0,0,0,0
48,0,0,0,0
49,0,0,0,0
50,0,0,0,0
51,0,0,0,0
52,0,0,0,0
53,0,0,0,0
54,0,0,0,0
55,0,0,0,0
56,0,0,0,0
57,0,0,0,0
58,0,0,0,0
59,0,0,0,0
60,0,0,0,0
61,0,0,0,0
62,0,0,0,0
63,0,0,0,0
64,0,0,0,0
65,0,0,0,0
66,0,0,0,0
67,0,0,0,0
68,0,0,0,0
69,0,0,0,0
70,0,0,0,0
71,0,0,0,0
72,0,0,0,0
73,0,0,0,0
74,0,0,0,0
75,0,0,0,0
76,0,0,0,0
77,0,0,0,0
78,0,0,0,0
79,0,0,0,0
80,0,0,0,0
81,0,0,0,0
82,0,0,0,0
83,0,0,0,0
84,0,0,0,0
85,0,0,0,0
86,0,0,0,0
87,0,0,0,0
88,0,0,0,0
89,0,0,0,0
90,0,0,0,0
91,0,0,0,0
92,0,0,0,0
93,0,0,0,0
94,0,0,0,0
95,0,0,0,0
96,0,0,0,0
97,0,0,0,0
98,0,0,0,0
99,0,0,0,0
100,0,0,0,0
101,0,0,0,0
102,0,0,0,0
103,0,0,0,0
104,0,0,0,0
105,0,0,0,0
106,0,0,0,0
107,0,0,0,0
108,0,0,0,0
109,0,0,0,0
110,0,0,0,0
111,0,0,0,0
112,0,0,0,0
113,0,0,0,0
114,0,0,0,0
115,0,0,0,0
116,0,0,0,0
117,0,0,0,0
118,0,0,0,0
119,0,0,0,0
120,0,0,0,0
121,0,0,0,0
122,0,0,0,0
123,0,0,0,0
124,0,0,0,0
125,0,0,0,0
126,0,0,0,0
127,0,0,0,0
128,0,0,0,0
129,0,0,0,0
130,0,0,0,0
131,0,0,0,0
132,0,0,0,0
133,0,0,0,0
134,0,0,0,0
135,0,0,0,0
136,0,0,0,0
137,0,0,0,0
138,0,0,0,0
139,0,0,0,0
140,0,0,0,0
141,0,0,0,0
142,0,0,0,0
143,0,0,0,0
144,0,0,0,0
145,0,0,0,0
146,0,0,0,0
147,0,0,0,0
148,0,0,0,0
149,0,0,0,0
150,0,0,0,0
151,0,0,0,0
152,0,0,0,0
153,0,0,0,0
154,0,0,0,0
155,0,0,0,0
156,0,0,0,0
157,0,0,0,0
158,0,0,0,0
159,0,0,0,0
160,0,0,0,0
161,0,0,0,0
162,0,0,0,0
163,0,0,0,0
164,0,0,0,0
165,0,0,0,0
166,0,0,0,0
167,0,0,0,0
168,0,0,0,0
169,0,0,0,0
170,0,0,0,0
171,0,0,0,0
172,0,0,0,0
173,0,0,0,0
174,0,0,0,0
175,0,0,0,0
176,0,0,0,0
177,0,0,0,0
178,0,0,0,0
179,0,0,0,0
180,0,0,0,0
181,0,0,0,0
182,0,0,0,0
183,0,0,0,0
184,0,0,0,0
185,0,0,0,0
186,0,0,0,0
187,0,0,0,0
188,0,0,0,0
189,0,0,0,0
190,0,0,0,0
191,0,0,0,0
192,0,0,0,0
193,0,0,0,0
194,0,0,0,0
195,0,0,0,0
196,0,0,0,0
197,0,0,0,0
198,0,0,0,0
199,0,0,0,0
(0,21),1,1
(0,24),1,1
(0,45),1,1
(0,49),1,1
(0,56),1,1
(0,59),1,1
(0,60),1,1
(0,65),1,1
(0,75),1,1
(0,82),1,1
(0,91),1,1
(0,101),1,1
(0,122),1,1
(0,129),1,1
(0,152),1,1
(0,155),1,1
(0,170),1,1
(0,180),1,1
(0,182),1,1
(0,193),1,1
(0,196),1,1
(1,4),1,1
(1,23),1,1
(1,25),1,1
(1,28),1,1
(1,29),1,1
(1,49),1,1
(1,54),1,1
(1,57),1,1
(1,71),1,1
(1,78),1,1
(1,82),1,1
(1,93),1,1
(1,101),1,1
(1,117),1,1
(1,125),1,1
(1,126),1,1
(1,141),1,1
(1,144),1,1
(1,153),1,1
(1,157),1,1
(1,161),1,1
(1,162),1,1
(1,163),1,1
(1,174),1,1
(1,198),1,1
(2,5),1,1
(2,20),1,1
(2,24),1,1
(2,49),1,1
(2,61),1,1
(2,69),1,1
(2,81),1,1
(2,85),1,1
(2,86),1,1
(2,88),1,1
(2,95),1,1
(2,106),1,1
(2,112),1,1
(2,125),1,1
(2,133),1,1
(2,140),1,1
(2,150),1,1
(2,156),1,1
(2,169),1,1
(2,170),1,1
(2,184),1,1
(2,194),1,1
(3,7),1,1
(3,29),1,1
(3,31),1,1
(3,42),1,1
(3,51),1,1
(3,54),1,1
(3,58),1,1
(3,64),1,1
(3,73),1,1
(3,81),1,1
(3,82),1,1
(3,93),1,1
(3,108),1,1
(3,109),1,1
(3,116),1,1
(3,123),1,1
(3,130),1,1
(3,137),1,1
(3,143),1,1
(3,159),1,1
(3,166),1,1
(3,170),1,1
(3,171),1,1
(3,173),1,1
(3,175),1,1
(3,194),1,1
(4,16),1,1
(4,26),1,1
(4,27),1,1
(4,29),1,1
(4,32),1,1
(4,35),1,1
(4,42),1,1
(4,78),1,1
(4,92),1,1
(4,96),1,1
(4,100),1,1
(4,101),1,1
(4,121),1,1
(4,126),1,1
(4,129),1,1
(4,183),1,1
(4,198),1,1
(5,11),1,1
(5,44),1,1
(5,56),1,1
(5,71),1,1
(5,80),1,1
(5,85),1,1
(5,91),1,1
(5,92),1,1
(5,95),1,1
(5,143),1,1
(5,146),1,1
(5,149),1,1
(5,154),1,1
(5,164),1,1
(5,166),1,1
(5,173),1,1
(5,180),1,1
(5,181),1,1
(6,8),1,1
(6,10),1,1
(6,17),1,1
(6,30),1,1
(6,47),1,1
(6,50),1,1
(6,52),1,1
(6,55),1,1
(6,57),1,1
(6,80),1,1
(6,83),1,1
(6,102),1,1
(6,111),1,1
(6,113),1,1
(6,116),1,1
(6,123),1,1
(6,144),1,1
(6,146),1,1
(6,149),1,1
(6,158),1,1
(6,160),1,1
(6,163),1,1
(7,3),1,1
(7,8),1,1
(7,15),1,1
(7,16),1,1
(7,21),1,1
(7,31),1,1
(7,41),1,1
(7,43),1,1
(7,56),1,1
(7,64),1,1
(7,81),1,1
(7,87),1,1
(7,97),1,1
(7,104),1,1
(7,106),1,1
(7,117),1,1
(7,131),1,1
(7,132),1,1
(7,144),1,1
(7,150),1,1
(7,171),1,1
(7,175),1,1
(7,178),1,1
(7,190),1,1
(8,1),1,1
(8,14),1,1
(8,17),1,1
(8,22),1,1
(8,27),1,1
(8,48),1,1
(8,69),1,1
(8,72),1,1
(8,92),1,1
(8,116),1,1
(8,151),1,1
(8,170),1,1
(8,175),1,1
(8,176),1,1
(8,179),1,1
(8,180),1,1
(8,182),1,1
(8,195),1,1
(9,3),1,1
(9,32),1,1
(9,36),1,1
(9,46),1,1
(9,52),1,1
(9,62),1,1
(9,98),1,1
(9,99),1,1
(9,100),1,1
(9,130),1,1
(9,135),1,1
(9,138),1,1
(9,155),1,1
(9,168),1,1
(9,178),1,1
(10,18),1,1
(10,30),1,1
(10,31),1,1
(10,55),1,1
(10,61),1,1
(10,64),1,1
(10,72),1,1
(10,74),1,1
(10,83),1,1
(10,106),1,1
(10,107),1,1
(10,127),1,1
(10,130),1,1
(10,148),1,1
(10,149),1,1
(10,151),1,1
(10,153),1,1
(10,159),1,1
(10,162),1,1
(10,176),1,1
(10,178),1,1
(10,192),1,1
(11,4),1,1
(11,16),1,1
(11,21),1,1
(11,28),1,1
(11,39),1,1
(11,43),1,1
(11,44),1,1
(11,51),1,1
(11,57),1,1
(11,63),1,1
(11,65),1,1
(11,82),1,1
(11,92),1,1
(11,96),1,1
(11,99),1,1
(11,107),1,1
(11,108),1,1
(11,121),1,1
(11,129),1,1
(11,143),1,1
(11,146),1,1
(11,155),1,1
(11,159),1,1
(11,172),1,1
(11,175),1,1
(11,181),1,1
(11,184),1,1
(11,187),1,1
(11,190),1,1
(11,194),1,1
(12,11),1,1
(12,14),1,1
(12,54),1,1
(12,56),1,1
(12,63),1,1
(12,77),1,1
(12,80),1,1
(12,94),1,1
(12,123),1,1
(12,135),1,1
(12,141),1,1
(12,147),1,1
(12,151),1,1
(12,173),1,1
(12,179),1,1
(12,194),1,1
(12,197),1,1
(13,1),1,1
(13,11),1,1
(13,24),1,1
(13,37),1,1
(13,39),1,1
(13,41),1,1
(13,46),1,1
(13,69),1,1
(13,79),1,1
(13,91),1,1
(13,96),1,1
(13,99),1,1
(13,111),1,1
(13,113),1,1
(13,114),1,1
(13,144),1,1
(13,152),1,1
(13,155),1,1
(13,160),1,1
(13,168),1,1
(13,178),1,1
(13,188),1,1
(13,191),1,1
(14,4),1,1
(14,17),1,1
(14,30),1,1
(14,39),1,1
(14,78),1,1
(14,94),1,1
(14,118),1,1
(14,145),1,1
(14,160),1,1
(14,164),1,1
(14,172),1,1
(14,199),1,1
(15,23),1,1
(15,41),1,1
(15,50),1,1
(15,60),1,1
(15,65),1,1
(15,67),1,1
(15,71),1,1
(15,78),1,1
(15,90),1,1
(15,91),1,1
(15,143),1,1
(15,144),1,1
(15,151),1,1
(16,2),1,1
(16,4),1,1
(16,21),1,1
(16,22),1,1
(16,24),1,1
(16,34),1,1
(16,43),1,1
(16,44),1,1
(16,45),1,1
(16,55),1,1
(16,80),1,1
(16,81),1,1
(16,88),1,1
(16,94),1,1
(16,101),1,1
(16,103),1,1
(16,114),1,1
(16,144),1,1
(16,164),1,1
(16,169),1,1
(16,172),1,1
(16,173),1,1
(16,181),1,1
(16,185),1,1
(16,187),1,1
(16,188),1,1
(16,194),1,1
(17,4),1,1
(17,10),1,1
(17,23),1,1
(17,36),1,1
(17,48),1,1
(17,71),1,1
(17,76),1,1
(17,120),1,1
(17,134),1,1
(17,135),1,1
(17,140),1,1
(17,151),1,1
(17,153),1,1
(17,158),1,1
(18,6),1,1
(18,22),1,1
(18,26),1,1
(18,27),1,1
(18,29),1,1
(18,38),1,1
(18,61),1,1
(18,68),1,1
(18,72),1,1
(18,78),1,1
(18,81),1,1
(18,107),1,1
(18,120),1,1
(18,127),1,1
(18,134),1,1
(18,142),1,1
(18,173),1,1
(19,1),1,1
(19,11),1,1
(19,17),1,1
(19,18),1,1
(19,45),1,1
(19,47),1,1
(19,53),1,1
(19,66),1,1
(19,72),1,1
(19,78),1,1
(19,104),1,1
(19,124),1,1
(19,131),1,1
(19,133),1,1
(19,138),1,1
(19,156),1,1
(19,168),1,1
(20,2),1,1
(20,14),1,1
(20,16),1,1
(20,40),1,1
(20,51),1,1
(20,74),1,1
(20,102),1,1
(20,108),1,1
(20,110),1,1
(20,116),1,1
(20,124),1,1
(20,151),1,1
(20,155),1,1
(20,164),1,1
(20,165),1,1
(20,190),1,1
(20,199),1,1
(21,3),1,1
(21,12),1,1
(21,34),1,1
(21,41),1,1
(21,51),1,1
(21,54),1,1
(21,59),1,1
(21,61),1,1
(21,62),1,1
(21,71),1,1
(21,97),1,1
(21,98),1,1
(21,109),1,1
(21,111),1,1
(21,126),1,1
(21,136),1,1
(21,146),1,1
(21,157),1,1
(21,166),1,1
(21,176),1,1
(21,188),1,1
(21,189),1,1
(21,191),1,1
(21,199),1,1
(22,39),1,1
(22,45),1,1
(22,46),1,1
(22,48),1,1
(22,51),1,1
(22,53),1,1
(22,58),1,1
(22,61),1,1
(22,66),1,1
(22,92),1,1
(22,98),1,1
(22,103),1,1
(22,120),1,1
(22,138),1,1
(22,153),1,1
(22,160),1,1
(22,172),1,1
(22,175),1,1
(22,181),1,1
(23,13),1,1
(23,33),1,1
(23,35),1,1
(23,41),1,1
(23,52),1,1
(23,69),1,1
(23,79),1,1
(23,85),1,1
(23,96),1,1
(23,98),1,1
(23,106),1,1
(23,122),1,1
(23,132),1,1
(23,149),1,1
(23,160),1,1
(23,163),1,1
(23,199),1,1
(24,3),1,1
(24,9),1,1
(24,20),1,1
(24,28),1,1
(24,41),1,1
(24,44),1,1
(24,55),1,1
(24,69),1,1
(24,77),1,1
(24,123),1,1
(24,127),1,1
(24,138),1,1
(24,161),1,1
(24,165),1,1
(24,181),1,1
(24,184),1,1
(25,4),1,1
(25,6),1,1
(25,30),1,1
(25,54),1,1
(25,56),1,1
(25,59),1,1
(25,68),1,1
(25,73),1,1
(25,102),1,1
(25,107),1,1
(25,124),1,1
(25,128),1,1
(25,137),1,1
(25,140),1,1
(25,162),1,1
(25,170),1,1
(25,176),1,1
(25,182),1,1
(25,189),1,1
(25,198),1,1
(26,9),1,1
(26,11),1,1
(26,20),1,1
(26,23),1,1
(26,44),1,1
(26,75),1,1
(26,78),1,1
(26,110),1,1
(26,119),1,1
(26,122),1,1
(26,136),1,1
(26,137),1,1
(26,145),1,1
(26,157),1,1
(26,158),1,1
(26,197),1,1
(27,11),1,1
(27,21),1,1
(27,22),1,1
(27,23),1,1
(27,34),1,1
(27,38),1,1
(27,46),1,1
(27,48),1,1
(27,49),1,1
(27,69),1,1
(27,75),1,1
(27,79),1,1
(27,99),1,1
(27,139),1,1
(27,144),1,1
(27,148),1,1
(27,151),1,1
(27,157),1,1
(27,159),1,1
(27,161),1,1
(27,165),1,1
(27,182),1,1
(27,189),1,1
(28,7),1,1
(28,16),1,1
(28,22),1,1
(28,26),1,1
(28,29),1,1
(28,33),1,1
(28,50),1,1
(28,52),1,1
(28,75),1,1
(28,76),1,1
(28,93),1,1
(28,97),1,1
(28,102),1,1
(28,112),1,1
(28,120),1,1
(28,132),1,1
(28,137),1,1
(28,153),1,1
(28,163),1,1
(28,167),1,1
(28,172),1,1
(29,24),1,1
(29,47),1,1
(29,50),1,1
(29,54),1,1
(29,63),1,1
(29,65),1,1
(29,68),1,1
(29,97),1,1
(29,102),1,1
(29,112),1,1
(29,121),1,1
(29,135),1,1
(29,138),1,1
(29,145),1,1
(29,169),1,1
(29,186),1,1
(30,6),1,1
(30,18),1,1
(30,23),1,1
(30,34),1,1
(30,35),1,1
(30,37),1,1
(30,38),1,1
(30,48),1,1
(30,59),1,1
(30,71),1,1
(30,74),1,1
(30,91),1,1
(30,105),1,1
(30,108),1,1
(30,113),1,1
(30,118),1,1
(30,120),1,1
(30,123),1,1
(30,127),1,1
(30,134),1,1
(30,145),1,1
(30,146),1,1
(30,147),1,1
(30,155),1,1
(30,165),1,1
(31,6),1,1
(31,19),1,1
(31,36),1,1
(31,44),1,1
(31,63),1,1
(31,69),1,1
(31,71),1,1
(31,77),1,1
(31,91),1,1
(31,97),1,1
(31,98),1,1
(31,108),1,1
(31,109),1,1
(31,134),1,1
(31,142),1,1
(31,144),1,1
(31,171),1,1
(32,15),1,1
(32,29),1,1
(32,37),1,1
(32,43),1,1
(32,44),1,1
(32,51),1,1
(32,56),1,1
(32,59),1,1
(32,61),1,1
(32,66),1,1
(32,75),1,1
(32,81),1,1
(32,103),1,1
(32,121),1,1
(32,124),1,1
(32,129),1,1
(32,135),1,1
(32,155),1,1
(32,160),1,1
(32,172),1,1
(33,7),1,1
(33,10),1,1
(33,22),1,1
(33,26),1,1
(33,30),1,1
(33,34),1,1
(33,40),1,1
(33,44),1,1
(33,63),1,1
(33,66),1,1
(33,127),1,1
(33,144),1,1
(33,159),1,1
(33,160),1,1
(33,169),1,1
(33,173),1,1
(34,0),1,1
(34,3),1,1
(34,4),1,1
(34,18),1,1
(34,24),1,1
(34,45),1,1
(34,50),1,1
(34,52),1,1
(34,57),1,1
(34,91),1,1
(34,118),1,1
(34,120),1,1
(34,125),1,1
(34,131),1,1
(34,138),1,1
(34,160),1,1
(34,165),1,1
(34,178),1,1
(34,184),1,1
(34,187),1,1
(34,189),1,1
(35,7),1,1
(35,13),1,1
(35,44),1,1
(35,48),1,1
(35,50),1,1
(35,71),1,1
(35,89),1,1
(35,98),1,1
(35,99),1,1
(35,103),1,1
(35,115),1,1
(35,123),1,1
(35,135),1,1
(35,143),1,1
(35,156),1,1
(35,160),1,1
(35,164),1,1
(35,198),1,1
(36,0),1,1
(36,8),1,1
(36,9),1,1
(36,12),1,1
(36,15),1,1
(36,31),1,1
(36,32),1,1
(36,37),1,1
(36,53),1,1
(36,77),1,1
(36,102),1,1
(36,107),1,1
(36,108),1,1
(36,126),1,1
(36,130),1,1
(36,133),1,1
(36,142),1,1
(36,153),1,1
(36,156),1,1
(36,162),1,1
(36,168),1,1
(36,173),1,1
(36,181),1,1
(36,195),1,1
(37,6),1,1
(37,15),1,1
(37,18),1,1
(37,55),1,1
(37,73),1,1
(37,80),1,1
(37,82),1,1
(37,84),1,1
(37,91),1,1
(37,93),1,1
(37,114),1,1
(37,175),1,1
(38,6),1,1
(38,12),1,1
(38,19),1,1
(38,31),1,1
(38,44),1,1
(38,53),1,1
(38,54),1,1
(38,75),1,1
(38,91),1,1
(38,112),1,1
(38,113),1,1
(38,119),1,1
(38,137),1,1
(38,165),1,1
(38,194),1,1
(38,198),1,1
(39,14),1,1
(39,22),1,1
(39,33),1,1
(39,36),1,1
(39,47),1,1
(39,59),1,1
(39,60),1,1
(39,72),1,1
(39,80),1,1
(39,83),1,1
(39,86),1,1
(39,94),1,1
(39,95),1,1
(39,108),1,1
(39,117),1,1
(39,122),1,1
(39,127),1,1
(39,135),1,1
(39,137),1,1
(39,143),1,1
(39,145),1,1
(39,157),1,1
(39,182),1,1
(39,189),1,1
(39,195),1,1
(40,3),1,1
(40,9),1,1
(40,37),1,1
(40,38),1,1
(40,44),1,1
(40,48),1,1
(40,57),1,1
(40,61),1,1
(40,66),1,1
(40,69),1,1
(40,100),1,1
(40,104),1,1
(40,108),1,1
(40,114),1,1
(40,121),1,1
(40,122),1,1
(40,126),1,1
(40,132),1,1
(40,172),1,1
(40,188),1,1
(40,193),1,1
(40,198),1,1
(41,2),1,1
(41,5),1,1
(41,19),1,1
(41,38),1,1
(41,81),1,1
(41,84),1,1
(41,85),1,1
(41,113),1,1
(41,145),1,1
(41,155),1,1
(41,161),1,1
(41,166),1,1
(41,169),1,1
(41,173),1,1
(41,189),1,1
(41,191),1,1
(42,25),1,1
(42,26),1,1
(42,34),1,1
(42,47),1,1
(42,52),1,1
(42,57),1,1
(42,62),1,1
(42,74),1,1
(42,83),1,1
(42,95),1,1
(42,114),1,1
(42,131),1,1
(42,133),1,1
(42,153),1,1
(42,158),1,1
(42,162),1,1
(42,163),1,1
(42,173),1,1
(42,178),1,1
(42,192),1,1
(42,193),1,1
(43,0),1,1
(43,7),1,1
(43,16),1,1
(43,17),1,1
(43,30),1,1
(43,38),1,1
(43,49),1,1
(43,57),1,1
(43,66),1,1
(43,71),1,1
(43,83),1,1
(43,89),1,1
(43,128),1,1
(43,131),1,1
(43,141),1,1
(43,151),1,1
(43,153),1,1
(43,179),1,1
(43,187),1,1
(43,192),1,1
(44,9),1,1
(44,16),1,1
(44,18),1,1
(44,26),1,1
(44,31),1,1
(44,33),1,1
(44,81),1,1
(44,83),1,1
(44,93),1,1
(44,98),1,1
(44,130),1,1
(44,133),1,1
(44,145),1,1
(44,160),1,1
(44,161),1,1
(44,165),1,1
(45,9),1,1
(45,10),1,1
(45,14),1,1
(45,24),1,1
(45,28),1,1
(45,55),1,1
(45,75),1,1
(45,76),1,1
(45,85),1,1
(45,86),1,1
(45,102),1,1
(45,118),1,1
(45,125),1,1
(45,140),1,1
(45,151),1,1
(45,172),1,1
(45,175),1,1
(45,181),1,1
(45,191),1,1
(46,0),1,1
(46,38),1,1
(46,40),1,1
(46,48),1,1
(46,62),1,1
(46,72),1,1
(46,74),1,1
(46,83),1,1
(46,123),1,1
(46,139),1,1
(46,143),1,1
(46,144),1,1
(46,148),1,1
(46,159),1,1
(46,170),1,1
(46,172),1,1
(46,175),1,1
(46,176),1,1
(46,178),1,1
(46,181),1,1
(46,184),1,1
(46,187),1,1
(46,190),1,1
(46,193),1,1
(47,6),1,1
(47,7),1,1
(47,20),1,1
(47,26),1,1
(47,36),1,1
(47,39),1,1
(47,43),1,1
(47,45),1,1
(47,59),1,1
(47,67),1,1
(47,70),1,1
(47,83),1,1
(47,86),1,1
(47,93),1,1
(47,102),1,1
(47,106),1,1
(47,109),1,1
(47,112),1,1
(47,113),1,1
(47,125),1,1
(47,155),1,1
(47,160),1,1
(47,161),1,1
(47,164),1,1
(47,177),1,1
(47,188),1,1
(48,3),1,1
(48,12),1,1
(48,52),1,1
(48,57),1,1
(48,60),1,1
(48,75),1,1
(48,80),1,1
(48,84),1,1
(48,86),1,1
(48,91),1,1
(48,100),1,1
(48,109),1,1
(48,121),1,1
(48,127),1,1
(48,198),1,1
(49,1),1,1
(49,15),1,1
(49,23),1,1
(49,24),1,1
(49,61),1,1
(49,62),1,1
(49,63),1,1
(49,73),1,1
(49,79),1,1
(49,111),1,1
(49,126),1,1
(49,138),1,1
(49,145),1,1
(49,170),1,1
(49,179),1,1
(49,181),1,1
(49,191),1,1
(49,193),1,1
(50,9),1,1
(50,14),1,1
(50,16),1,1
(50,22),1,1
(50,32),1,1
(50,33),1,1
(50,37),1,1
(50,42),1,1
(50,66),1,1
(50,67),1,1
(50,72),1,1
(50,74),1,1
(50,75),1,1
(50,107),1,1
(50,118),1,1
(50,125),1,1
(50,136),1,1
(50,140),1,1
(50,157),1,1
(50,165),1,1
(50,172),1,1
(50,174),1,1
(50,188),1,1
(50,196),1,1
(51,0),1,1
(51,12),1,1
(51,31),1,1
(51,41),1,1
(51,42),1,1
(51,54),1,1
(51,57),1,1
(51,63),1,1
(51,71),1,1
(51,80),1,1
(51,82),1,1
(51,84),1,1
(51,103),1,1
(51,132),1,1
(51,136),1,1
(51,142),1,1
(51,151),1,1
(51,163),1,1
(51,165),1,1
(52,4),1,1
(52,26),1,1
(52,28),1,1
(52,30),1,1
(52,44),1,1
(52,60),1,1
(52,67),1,1
(52,70),1,1
(52,78),1,1
(52,85),1,1
(52,91),1,1
(52,93),1,1
(52,95),1,1
(52,103),1,1
(52,120),1,1
(52,123),1,1
(52,167),1,1
(52,173),1,1
(52,180),1,1
(53,0),1,1
(53,4),1,1
(53,7),1,1
(53,17),1,1
(53,25),1,1
(53,32),1,1
(53,46),1,1
(53,80),1,1
(53,85),1,1
(53,88),1,1
(53,99),1,1
(53,105),1,1
(53,106),1,1
(53,113),1,1
(53,114),1,1
(53,143),1,1
(53,156),1,1
(53,168),1,1
(53,180),1,1
(53,194),1,1
(54,4),1,1
(54,8),1,1
(54,18),1,1
(54,19),1,1
(54,40),1,1
(54,46),1,1
(54,59),1,1
(54,61),1,1
(54,62),1,1
(54,73),1,1
(54,94),1,1
(54,96),1,1
(54,98),1,1
(54,104),1,1
(54,131),1,1
(54,132),1,1
(54,138),1,1
(54,147),1,1
(54,169),1,1
(54,188),1,1
(54,190),1,1
(55,24),1,1
(55,50),1,1
(55,62),1,1
(55,69),1,1
(55,78),1,1
(55,125),1,1
(55,130),1,1
(55,135),1,1
(55,146),1,1
(55,152),1,1
(55,196),1,1
(56,0),1,1
(56,15),1,1
(56,16),1,1
(56,44),1,1
(56,52),1,1
(56,58),1,1
(56,102),1,1
(56,122),1,1
(56,133),1,1
(56,144),1,1
(56,161),1,1
(56,162),1,1
(56,164),1,1
(56,166),1,1
(56,169),1,1
(56,170),1,1
(56,176),1,1
(56,179),1,1
(56,192),1,1
(56,198),1,1
(57,10),1,1
(57,21),1,1
(57,31),1,1
(57,47),1,1
(57,50),1,1
(57,73),1,1
(57,85),1,1
(57,86),1,1
(57,113),1,1
(57,116),1,1
(57,124),1,1
(57,130),1,1
(57,148),1,1
(57,154),1,1
(57,169),1,1
(57,173),1,1
(57,181),1,1
(57,195),1,1
(57,196),1,1
(58,5),1,1
(58,28),1,1
(58,35),1,1
(58,56),1,1
(58,69),1,1
(58,74),1,1
(58,79),1,1
(58,82),1,1
(58,116),1,1
(58,122),1,1
(58,124),1,1
(58,125),1,1
(58,137),1,1
(58,182),1,1
(58,185),1,1
(58,189),1,1
(59,3),1,1
(59,7),1,1
(59,24),1,1
(59,31),1,1
(59,32),1,1
(59,40),1,1
(59,41),1,1
(59,48),1,1
(59,51),1,1
(59,57),1,1
(59,58),1,1
(59,64),1,1
(59,66),1,1
(59,78),1,1
(59,89),1,1
(59,95),1,1
(59,107),1,1
(59,127),1,1
(59,143),1,1
(59,150),1,1
(59,153),1,1
(59,155),1,1
(59,182),1,1
(59,188),1,1
(60,4),1,1
(60,12),1,1
(60,37),1,1
(60,39),1,1
(60,43),1,1
(60,47),1,1
(60,59),1,1
(60,79),1,1
(60,86),1,1
(60,87),1,1
(60,93),1,1
(60,107),1,1
(60,114),1,1
(60,126),1,1
(60,129),1,1
(60,146),1,1
(60,160),1,1
(60,180),1,1
(60,183),1,1
(60,187),1,1
(61,3),1,1
(61,6),1,1
(61,32),1,1
(61,38),1,1
(61,43),1,1
(61,50),1,1
(61,68),1,1
(61,98),1,1
(61,104),1,1
(61,105),1,1
(61,113),1,1
(61,118),1,1
(61,124),1,1
(61,127),1,1
(61,137),1,1
(61,144),1,1
(61,158),1,1
(61,160),1,1
(61,164),1,1
(61,169),1,1
(61,170),1,1
(61,172),1,1
(61,178),1,1
(61,182),1,1
(61,191),1,1
(61,199),1,1
(62,11),1,1
(62,24),1,1
(62,40),1,1
(62,41),1,1
(62,52),1,1
(62,54),1,1
(62,71),1,1
(62,75),1,1
(62,87),1,1
(62,91),1,1
(62,98),1,1
(62,103),1,1
(62,104),1,1
(62,124),1,1
(62,125),1,1
(62,132),1,1
(62,136),1,1
(62,142),1,1
(62,148),1,1
(62,149),1,1
(62,177),1,1
(62,181),1,1
(62,184),1,1
(62,185),1,1
(62,197),1,1
(63,4),1,1
(63,12),1,1
(63,17),1,1
(63,18),1,1
(63,21),1,1
(63,38),1,1
(63,45),1,1
(63,70),1,1
(63,74),1,1
(63,81),1,1
(63,100),1,1
(63,112),1,1
(63,122),1,1
(63,138),1,1
(63,144),1,1
(63,146),1,1
(63,160),1,1
(63,165),1,1
(63,175),1,1
(63,178),1,1
(63,182),1,1
(63,188),1,1
(63,190),1,1
(64,1),1,1
(64,3),1,1
(64,12),1,1
(64,13),1,1
(64,17),1,1
(64,20),1,1
(64,30),1,1
(64,32),1,1
(64,34),1,1
(64,46),1,1
(64,61),1,1
(64,77),1,1
(64,79),1,1
(64,87),1,1
(64,93),1,1
(64,97),1,1
(64,98),1,1
(64,108),1,1
(64,112),1,1
(64,116),1,1
(64,136),1,1
(64,165),1,1
(64,170),1,1
(65,3),1,1
(65,9),1,1
(65,15),1,1
(65,23),1,1
(65,26),1,1
(65,27),1,1
(65,40),1,1
(65,49),1,1
(65,59),1,1
(65,62),1,1
(65,78),1,1
(65,92),1,1
(65,96),1,1
(65,101),1,1
(65,123),1,1
(65,131),1,1
(65,136),1,1
(65,137),1,1
(65,148),1,1
(65,165),1,1
(65,177),1,1
(65,188),1,1
(66,0),1,1
(66,10),1,1
(66,12),1,1
(66,19),1,1
(66,20),1,1
(66,22),1,1
(66,28),1,1
(66,35),1,1
(66,41),1,1
(66,43),1,1
(66,53),1,1
(66,59),1,1
(66,63),1,1
(66,67),1,1
(66,90),1,1
(66,92),1,1
(66,97),1,1
(66,98),1,1
(66,109),1,1
(66,124),1,1
(66,130),1,1
(66,164),1,1
(66,167),1,1
(66,168),1,1
(66,170),1,1
(67,19),1,1
(67,24),1,1
(67,25),1,1
(67,37),1,1
(67,45),1,1
(67,54),1,1
(67,60),1,1
(67,62),1,1
(67,63),1,1
(67,64),1,1
(67,86),1,1
(67,96),1,1
(67,106),1,1
(67,146),1,1
(67,153),1,1
(67,165),1,1
(67,171),1,1
(67,174),1,1
(68,23),1,1
(68,33),1,1
(68,44),1,1
(68,69),1,1
(68,73),1,1
(68,78),1,1
(68,90),1,1
(68,93),1,1
(68,105),1,1
(68,133),1,1
(68,145),1,1
(68,149),1,1
(68,150),1,1
(68,159),1,1
(68,165),1,1
(68,176),1,1
(68,180),1,1
(69,17),1,1
(69,28),1,1
(69,48),1,1
(69,51),1,1
(69,65),1,1
(69,66),1,1
(69,71),1,1
(69,75),1,1
(69,108),1,1
(69,123),1,1
(69,139),1,1
(69,155),1,1
(69,159),1,1
(69,188),1,1
(70,1),1,1
(70,26),1,1
(70,37),1,1
(70,39),1,1
(70,48),1,1
(70,53),1,1
(70,71),1,1
(70,73),1,1
(70,94),1,1
(70,95),1,1
(70,97),1,1
(70,101),1,1
(70,129),1,1
(70,133),1,1
(70,150),1,1
(70,154),1,1
(70,184),1,1
(70,192),1,1
(71,1),1,1
(71,14),1,1
(71,15),1,1
(71,18),1,1
(71,24),1,1
(71,26),1,1
(71,28),1,1
(71,33),1,1
(71,36),1,1
(71,38),1,1
(71,68),1,1
(71,69),1,1
(71,72),1,1
(71,78),1,1
(71,81),1,1
(71,93),1,1
(71,95),1,1
(71,99),1,1
(71,108),1,1
(71,110),1,1
(71,112),1,1
(71,128),1,1
(71,144),1,1
(71,172),1,1
(71,181),1,1
(71,186),1,1
(71,193),1,1
(72,27),1,1
(72,31),1,1
(72,40),1,1
(72,52),1,1
(72,57),1,1
(72,71),1,1
(72,99),1,1
(72,107),1,1
(72,114),1,1
(72,116),1,1
(72,121),1,1
(72,135),1,1
(72,154),1,1
(72,155),1,1
(72,161),1,1
(73,5),1,1
(73,24),1,1
(73,26),1,1
(73,33),1,1
(73,37),1,1
(73,41),1,1
(73,43),1,1
(73,44),1,1
(73,45),1,1
(73,52),1,1
(73,67),1,1
(73,86),1,1
(73,91),1,1
(73,111),1,1
(73,116),1,1
(73,129),1,1
(73,136),1,1
(73,142),1,1
(73,152),1,1
(73,173),1,1
(74,7),1,1
(74,14),1,1
(74,20),1,1
(74,24),1,1
(74,31),1,1
(74,57),1,1
(74,59),1,1
(74,64),1,1
(74,77),1,1
(74,79),1,1
(74,83),1,1
(74,101),1,1
(74,104),1,1
(74,116),1,1
(74,127),1,1
(74,129),1,1
(74,168),1,1
(74,176),1,1
(74,194),1,1
(74,197),1,1
(75,7),1,1
(75,11),1,1
(75,42),1,1
(75,49),1,1
(75,54),1,1
(75,66),1,1
(75,76),1,1
(75,101),1,1
(75,104),1,1
(75,105),1,1
(75,106),1,1
(75,120),1,1
(75,138),1,1
(75,155),1,1
(75,161),1,1
(75,168),1,1
(75,176),1,1
(75,180),1,1
(75,181),1,1
(76,1),1,1
(76,26),1,1
(76,30),1,1
(76,34),1,1
(76,40),1,1
(76,44),1,1
(76,54),1,1
(76,62),1,1
(76,71),1,1
(76,73),1,1
(76,93),1,1
(76,96),1,1
(76,98),1,1
(76,118),1,1
(76,123),1,1
(76,140),1,1
(76,143),1,1
(76,148),1,1
(76,162),1,1
(76,176),1,1
(76,182),1,1
(76,183),1,1
(76,189),1,1
(77,10),1,1
(77,35),1,1
(77,48),1,1
(77,53),1,1
(77,61),1,1
(77,66),1,1
(77,70),1,1
(77,78),1,1
(77,80),1,1
(77,82),1,1
(77,84),1,1
(77,92),1,1
(77,93),1,1
(77,113),1,1
(77,116),1,1
(77,120),1,1
(77,122),1,1
(77,130),1,1
(77,149),1,1
(77,167),1,1
(77,192),1,1
(78,25),1,1
(78,29),1,1
(78,37),1,1
(78,41),1,1
(78,63),1,1
(78,67),1,1
(78,70),1,1
(78,71),1,1
(78,73),1,1
(78,152),1,1
(78,185),1,1
(78,186),1,1
(78,188),1,1
(79,5),1,1
(79,28),1,1
(79,33),1,1
(79,45),1,1
(79,67),1,1
(79,77),1,1
(79,93),1,1
(79,100),1,1
(79,103),1,1
(79,115),1,1
(79,141),1,1
(79,153),1,1
(79,172),1,1
(79,193),1,1
(79,194),1,1
(80,0),1,1
(80,6),1,1
(80,7),1,1
(80,40),1,1
(80,50),1,1
(80,57),1,1
(80,66),1,1
(80,85),1,1
(80,94),1,1
(80,95),1,1
(80,107),1,1
(80,128),1,1
(80,176),1,1
(80,185),1,1
(80,186),1,1
(80,194),1,1
(80,197),1,1
(81,4),1,1
(81,30),1,1
(81,37),1,1
(81,48),1,1
(81,63),1,1
(81,78),1,1
(81,88),1,1
(81,107),1,1
(81,121),1,1
(81,132),1,1
(81,151),1,1
(81,185),1,1
(81,186),1,1
(81,198),1,1
(82,4),1,1
(82,20),1,1
(82,24),1,1
(82,52),1,1
(82,63),1,1
(82,73),1,1
(82,74),1,1
(82,83),1,1
(82,84),1,1
(82,112),1,1
(82,114),1,1
(82,117),1,1
(82,146),1,1
(82,165),1,1
(82,177),1,1
(82,182),1,1
(82,194),1,1
(83,15),1,1
(83,18),1,1
(83,19),1,1
(83,21),1,1
(83,25),1,1
(83,26),1,1
(83,28),1,1
(83,36),1,1
(83,47),1,1
(83,50),1,1
(83,56),1,1
(83,72),1,1
(83,85),1,1
(83,87),1,1
(83,92),1,1
(83,107),1,1
(83,110),1,1
(83,117),1,1
(83,125),1,1
(83,127),1,1
(83,128),1,1
(83,130),1,1
(83,134),1,1
(83,139),1,1
(83,140),1,1
(83,141),1,1
(83,145),1,1
(83,161),1,1
(83,164),1,1
(83,191),1,1
(84,7),1,1
(84,26),1,1
(84,70),1,1
(84,73),1,1
(84,74),1,1
(84,77),1,1
(84,79),1,1
(84,105),1,1
(84,150),1,1
(84,165),1,1
(84,173),1,1
(84,180),1,1
(84,182),1,1
(84,196),1,1
(84,197),1,1
(85,7),1,1
(85,12),1,1
(85,20),1,1
(85,22),1,1
(85,23),1,1
(85,32),1,1
(85,35),1,1
(85,86),1,1
(85,99),1,1
(85,107),1,1
(85,117),1,1
(85,139),1,1
(85,144),1,1
(85,184),1,1
(85,185),1,1
(85,193),1,1
(85,194),1,1
(86,1),1,1
(86,12),1,1
(86,27),1,1
(86,36),1,1
(86,40),1,1
(86,46),1,1
(86,56),1,1
(86,58),1,1
(86,64),1,1
(86,97),1,1
(86,102),1,1
(86,109),1,1
(86,141),1,1
(86,145),1,1
(86,152),1,1
(86,165),1,1
(86,169),1,1
(86,177),1,1
(86,188),1,1
(86,195),1,1
(87,8),1,1
(87,22),1,1
(87,50),1,1
(87,90),1,1
(87,92),1,1
(87,97),1,1
(87,117),1,1
(87,128),1,1
(87,131),1,1
(87,136),1,1
(87,137),1,1
(87,159),1,1
(87,166),1,1
(87,167),1,1
(87,189),1,1
(87,195),1,1
(88,5),1,1
(88,12),1,1
(88,14),1,1
(88,38),1,1
(88,51),1,1
(88,55),1,1
(88,65),1,1
(88,74),1,1
(88,113),1,1
(88,132),1,1
(88,148),1,1
(88,153),1,1
(88,161),1,1
(88,163),1,1
(88,185),1,1
(88,189),1,1
(88,197),1,1
(88,198),1,1
(89,5),1,1
(89,23),1,1
(89,37),1,1
(89,46),1,1
(89,47),1,1
(89,58),1,1
(89,60),1,1
(89,81),1,1
(89,82),1,1
(89,90),1,1
(89,94),1,1
(89,101),1,1
(89,108),1,1
(89,125),1,1
(89,146),1,1
(89,160),1,1
(89,168),1,1
(90,12),1,1
(90,30),1,1
(90,36),1,1
(90,48),1,1
(90,74),1,1
(90,75),1,1
(90,128),1,1
(90,131),1,1
(90,137),1,1
(90,154),1,1
(90,176),1,1
(90,181),1,1
(90,187),1,1
(90,191),1,1
(90,194),1,1
(91,4),1,1
(91,19),1,1
(91,21),1,1
(91,22),1,1
(91,27),1,1
(91,30),1,1
(91,52),1,1
(91,61),1,1
(91,76),1,1
(91,86),1,1
(91,90),1,1
(91,98),1,1
(91,114),1,1
(91,133),1,1
(91,145),1,1
(91,172),1,1
(91,173),1,1
(92,17),1,1
(92,21),1,1
(92,26),1,1
(92,27),1,1
(92,33),1,1
(92,35),1,1
(92,44),1,1
(92,45),1,1
(92,71),1,1
(92,91),1,1
(92,98),1,1
(92,104),1,1
(92,109),1,1
(92,122),1,1
(92,126),1,1
(92,130),1,1
(92,134),1,1
(92,138),1,1
(92,171),1,1
(92,192),1,1
(92,195),1,1
(92,199),1,1
(93,3),1,1
(93,6),1,1
(93,37),1,1
(93,46),1,1
(93,50),1,1
(93,58),1,1
(93,59),1,1
(93,65),1,1
(93,68),1,1
(93,74),1,1
(93,78),1,1
(93,81),1,1
(93,97),1,1
(93,105),1,1
(93,106),1,1
(93,110),1,1
(93,125),1,1
(93,154),1,1
(93,158),1,1
(93,162),1,1
(93,167),1,1
(93,179),1,1
(93,183),1,1
(93,185),1,1
(93,187),1,1
(94,16),1,1
(94,20),1,1
(94,29),1,1
(94,43),1,1
(94,56),1,1
(94,61),1,1
(94,62),1,1
(94,68),1,1
(94,91),1,1
(94,99),1,1
(94,108),1,1
(94,115),1,1
(94,119),1,1
(94,122),1,1
(94,125),1,1
(94,131),1,1
(94,136),1,1
(94,144),1,1
(94,148),1,1
(94,162),1,1
(94,168),1,1
(94,172),1,1
(94,177),1,1
(94,184),1,1
(95,17),1,1
(95,19),1,1
(95,24),1,1
(95,29),1,1
(95,36),1,1
(95,51),1,1
(95,68),1,1
(95,89),1,1
(95,97),1,1
(95,112),1,1
(95,130),1,1
(95,147),1,1
(95,151),1,1
(95,157),1,1
(95,166),1,1
(95,198),1,1
(95,199),1,1
(96,3),1,1
(96,10),1,1
(96,15),1,1
(96,20),1,1
(96,33),1,1
(96,56),1,1
(96,70),1,1
(96,78),1,1
(96,100),1,1
(96,101),1,1
(96,115),1,1
(96,121),1,1
(96,132),1,1
(96,172),1,1
(96,192),1,1
(96,195),1,1
(97,3),1,1
(97,4),1,1
(97,7),1,1
(97,51),1,1
(97,74),1,1
(97,82),1,1
(97,86),1,1
(97,87),1,1
(97,92),1,1
(97,102),1,1
(97,109),1,1
(97,111),1,1
(97,118),1,1
(97,142),1,1
(97,149),1,1
(97,155),1,1
(97,181),1,1
(97,186),1,1
(97,192),1,1
(97,196),1,1
(98,0),1,1
(98,2),1,1
(98,7),1,1
(98,9),1,1
(98,22),1,1
(98,39),1,1
(98,44),1,1
(98,46),1,1
(98,59),1,1
(98,63),1,1
(98,71),1,1
(98,81),1,1
(98,99),1,1
(98,125),1,1
(98,131),1,1
(98,137),1,1
(98,147),1,1
(98,157),1,1
(98,172),1,1
(98,181),1,1
(98,197),1,1
(99,22),1,1
(99,32),1,1
(99,41),1,1
(99,48),1,1
(99,54),1,1
(99,59),1,1
(99,76),1,1
(99,141),1,1
(99,151),1,1
(99,152),1,1
(99,176),1,1
(99,178),1,1
(99,181),1,1
(99,197),1,1
(100,8),1,1
(100,39),1,1
(100,57),1,1
(100,63),1,1
(100,74),1,1
(100,75),1,1
(100,76),1,1
(100,85),1,1
(100,86),1,1
(100,97),1,1
(100,116),1,1
(100,121),1,1
(100,139),1,1
(100,140),1,1
(100,164),1,1
(100,174),1,1
(100,182),1,1
(100,195),1,1
(100,197),1,1
(101,14),1,1
(101,16),1,1
(101,26),1,1
(101,68),1,1
(101,70),1,1
(101,80),1,1
(101,95),1,1
(101,104),1,1
(101,112),1,1
(101,130),1,1
(101,133),1,1
(101,150),1,1
(101,191),1,1
(101,192),1,1
(101,195),1,1
(102,23),1,1
(102,42),1,1
(102,75),1,1
(102,79),1,1
(102,89),1,1
(102,107),1,1
(102,109),1,1
(102,123),1,1
(102,132),1,1
(102,134),1,1
(102,138),1,1
(102,169),1,1
(102,178),1,1
(102,195),1,1
(103,11),1,1
(103,13),1,1
(103,14),1,1
(103,25),1,1
(103,29),1,1
(103,35),1,1
(103,41),1,1
(103,50),1,1
(103,61),1,1
(103,71),1,1
(103,76),1,1
(103,113),1,1
(103,131),1,1
(103,132),1,1
(103,139),1,1
(103,144),1,1
(103,146),1,1
(103,154),1,1
(103,155),1,1
(103,158),1,1
(103,175),1,1
(103,176),1,1
(104,1),1,1
(104,2),1,1
(104,8),1,1
(104,14),1,1
(104,16),1,1
(104,23),1,1
(104,33),1,1
(104,38),1,1
(104,74),1,1
(104,84),1,1
(104,89),1,1
(104,97),1,1
(104,99),1,1
(104,105),1,1
(104,108),1,1
(104,109),1,1
(104,110),1,1
(104,113),1,1
(104,129),1,1
(104,134),1,1
(104,150),1,1
(104,161),1,1
(104,178),1,1
(104,180),1,1
(104,184),1,1
(104,189),1,1
(104,194),1,1
(104,197),1,1
(105,3),1,1
(105,18),1,1
(105,31),1,1
(105,32),1,1
(105,34),1,1
(105,39),1,1
(105,46),1,1
(105,47),1,1
(105,66),1,1
(105,69),1,1
(105,70),1,1
(105,72),1,1
(105,81),1,1
(105,93),1,1
(105,110),1,1
(105,112),1,1
(105,118),1,1
(105,120),1,1
(105,121),1,1
(105,123),1,1
(105,125),1,1
(105,130),1,1
(105,136),1,1
(105,142),1,1
(105,166),1,1
(105,176),1,1
(105,179),1,1
(105,182),1,1
(105,184),1,1
(105,187),1,1
(105,195),1,1
(105,197),1,1
(106,0),1,1
(106,15),1,1
(106,28),1,1
(106,34),1,1
(106,63),1,1
(106,70),1,1
(106,79),1,1
(106,81),1,1
(106,86),1,1
(106,89),1,1
(106,118),1,1
(106,123),1,1
(106,143),1,1
(106,152),1,1
(106,154),1,1
(106,174),1,1
(106,181),1,1
(106,187),1,1
(106,195),1,1
(107,7),1,1
(107,14),1,1
(107,25),1,1
(107,41),1,1
(107,44),1,1
(107,57),1,1
(107,71),1,1
(107,84),1,1
(107,125),1,1
(107,126),1,1
(107,133),1,1
(107,136),1,1
(107,146),1,1
(107,147),1,1
(107,163),1,1
(107,177),1,1
(107,179),1,1
(107,186),1,1
(107,187),1,1
(107,191),1,1
(108,4),1,1
(108,6),1,1
(108,8),1,1
(108,15),1,1
(108,19),1,1
(108,64),1,1
(108,79),1,1
(108,80),1,1
(108,81),1,1
(108,92),1,1
(108,100),1,1
(108,105),1,1
(108,115),1,1
(108,133),1,1
(108,164),1,1
(108,174),1,1
(109,1),1,1
(109,17),1,1
(109,26),1,1
(109,44),1,1
(109,45),1,1
(109,46),1,1
(109,52),1,1
(109,54),1,1
(109,55),1,1
(109,59),1,1
(109,68),1,1
(109,101),1,1
(109,111),1,1
(109,116),1,1
(109,117),1,1
(109,130),1,1
(109,136),1,1
(109,142),1,1
(109,158),1,1
(109,162),1,1
(109,166),1,1
(109,181),1,1
(110,9),1,1
(110,16),1,1
(110,24),1,1
(110,28),1,1
(110,50),1,1
(110,55),1,1
(110,63),1,1
(110,78),1,1
(110,83),1,1
(110,87),1,1
(110,93),1,1
(110,95),1,1
(110,121),1,1
(110,132),1,1
(110,135),1,1
(110,136),1,1
(110,141),1,1
(110,149),1,1
(110,151),1,1
(110,158),1,1
(110,178),1,1
(110,187),1,1
(110,190),1,1
(110,193),1,1
(110,197),1,1
(111,3),1,1
(111,16),1,1
(111,67),1,1
(111,72),1,1
(111,74),1,1
(111,108),1,1
(111,114),1,1
(111,127),1,1
(111,140),1,1
(111,179),1,1
(111,188),1,1
(111,194),1,1
(112,27),1,1
(112,53),1,1
(112,64),1,1
(112,79),1,1
(112,80),1,1
(112,87),1,1
(112,124),1,1
(112,125),1,1
(112,132),1,1
(112,136),1,1
(112,139),1,1
(112,156),1,1
(112,164),1,1
(112,177),1,1
(112,187),1,1
(112,199),1,1
(113,17),1,1
(113,22),1,1
(113,27),1,1
(113,40),1,1
(113,60),1,1
(113,66),1,1
(113,78),1,1
(113,79),1,1
(113,114),1,1
(113,146),1,1
(113,162),1,1
(113,168),1,1
(113,171),1,1
(113,172),1,1
(113,181),1,1
(114,0),1,1
(114,13),1,1
(114,26),1,1
(114,44),1,1
(114,61),1,1
(114,100),1,1
(114,106),1,1
(114,117),1,1
(114,135),1,1
(114,143),1,1
(114,149),1,1
(114,153),1,1
(114,159),1,1
(114,163),1,1
(114,173),1,1
(114,198),1,1
(115,27),1,1
(115,32),1,1
(115,76),1,1
(115,80),1,1
(115,89),1,1
(115,90),1,1
(115,95),1,1
(115,110),1,1
(115,111),1,1
(115,127),1,1
(115,131),1,1
(115,132),1,1
(115,160),1,1
(115,166),1,1
(115,179),1,1
(115,180),1,1
(116,9),1,1
(116,10),1,1
(116,19),1,1
(116,31),1,1
(116,33),1,1
(116,38),1,1
(116,52),1,1
(116,62),1,1
(116,73),1,1
(116,84),1,1
(116,89),1,1
(116,117),1,1
(116,126),1,1
(116,129),1,1
(116,136),1,1
(116,150),1,1
(116,178),1,1
(116,189),1,1
(116,191),1,1
(116,195),1,1
(116,198),1,1
(117,3),1,1
(117,8),1,1
(117,18),1,1
(117,39),1,1
(117,43),1,1
(117,50),1,1
(117,53),1,1
(117,57),1,1
(117,61),1,1
(117,87),1,1
(117,102),1,1
(117,112),1,1
(117,154),1,1
(117,156),1,1
(117,163),1,1
(117,164),1,1
(117,172),1,1
(117,173),1,1
(118,2),1,1
(118,11),1,1
(118,15),1,1
(118,20),1,1
(118,29),1,1
(118,33),1,1
(118,38),1,1
(118,46),1,1
(118,61),1,1
(118,66),1,1
(118,73),1,1
(118,94),1,1
(118,100),1,1
(118,104),1,1
(118,116),1,1
(118,128),1,1
(118,136),1,1
(118,139),1,1
(118,160),1,1
(118,166),1,1
(118,188),1,1
(118,193),1,1
(119,6),1,1
(119,12),1,1
(119,17),1,1
(119,26),1,1
(119,33),1,1
(119,50),1,1
(119,56),1,1
(119,60),1,1
(119,71),1,1
(119,90),1,1
(119,128),1,1
(119,133),1,1
(119,135),1,1
(119,141),1,1
(119,146),1,1
(119,178),1,1
(119,185),1,1
(120,10),1,1
(120,13),1,1
(120,31),1,1
(120,65),1,1
(120,70),1,1
(120,82),1,1
(120,88),1,1
(120,93),1,1
(120,99),1,1
(120,100),1,1
(120,101),1,1
(120,107),1,1
(120,108),1,1
(120,114),1,1
(120,121),1,1
(120,124),1,1
(120,129),1,1
(120,130),1,1
(120,147),1,1
(120,158),1,1
(120,176),1,1
(120,189),1,1
(120,192),1,1
(120,195),1,1
(121,9),1,1
(121,13),1,1
(121,25),1,1
(121,26),1,1
(121,28),1,1
(121,37),1,1
(121,38),1,1
(121,50),1,1
(121,76),1,1
(121,79),1,1
(121,96),1,1
(121,105),1,1
(121,110),1,1
(121,111),1,1
(121,118),1,1
(121,129),1,1
(121,142),1,1
(121,155),1,1
(121,158),1,1
(121,159),1,1
(121,179),1,1
(121,189),1,1
(121,196),1,1
(122,5),1,1
(122,16),1,1
(122,30),1,1
(122,31),1,1
(122,54),1,1
(122,67),1,1
(122,80),1,1
(122,86),1,1
(122,117),1,1
(122,123),1,1
(122,126),1,1
(122,129),1,1
(122,168),1,1
(122,175),1,1
(122,193),1,1
(122,198),1,1
(122,199),1,1
(123,4),1,1
(123,13),1,1
(123,40),1,1
(123,43),1,1
(123,55),1,1
(123,58),1,1
(123,65),1,1
(123,82),1,1
(123,92),1,1
(123,114),1,1
(123,118),1,1
(123,134),1,1
(123,154),1,1
(123,184),1,1
(123,195),1,1
(124,5),1,1
(124,9),1,1
(124,13),1,1
(124,14),1,1
(124,18),1,1
(124,24),1,1
(124,30),1,1
(124,40),1,1
(124,55),1,1
(124,62),1,1
(124,69),1,1
(124,82),1,1
(124,91),1,1
(124,94),1,1
(124,96),1,1
(124,98),1,1
(124,103),1,1
(124,107),1,1
(124,126),1,1
(124,141),1,1
(124,153),1,1
(124,159),1,1
(124,163),1,1
(124,174),1,1
(124,186),1,1
(125,0),1,1
(125,5),1,1
(125,17),1,1
(125,24),1,1
(125,34),1,1
(125,60),1,1
(125,61),1,1
(125,64),1,1
(125,77),1,1
(125,116),1,1
(125,120),1,1
(125,126),1,1
(125,128),1,1
(125,130),1,1
(125,151),1,1
(125,153),1,1
(125,155),1,1
(125,157),1,1
(125,160),1,1
(125,161),1,1
(125,177),1,1
(125,182),1,1
(125,186),1,1
(125,199),1,1
(126,34),1,1
(126,41),1,1
(126,60),1,1
(126,76),1,1
(126,79),1,1
(126,80),1,1
(126,116),1,1
(126,127),1,1
(126,129),1,1
(126,152),1,1
(126,160),1,1
(126,161),1,1
(126,175),1,1
(126,178),1,1
(126,180),1,1
(126,185),1,1
(126,197),1,1
(127,11),1,1
(127,14),1,1
(127,20),1,1
(127,21),1,1
(127,24),1,1
(127,28),1,1
(127,33),1,1
(127,43),1,1
(127,44),1,1
(127,64),1,1
(127,65),1,1
(127,66),1,1
(127,67),1,1
(127,71),1,1
(127,72),1,1
(127,76),1,1
(127,89),1,1
(127,94),1,1
(127,95),1,1
(127,108),1,1
(127,124),1,1
(127,126),1,1
(127,132),1,1
(127,136),1,1
(127,144),1,1
(127,145),1,1
(127,154),1,1
(127,162),1,1
(127,168),1,1
(127,188),1,1
(127,191),1,1
(128,9),1,1
(128,26),1,1
(128,47),1,1
(128,48),1,1
(128,49),1,1
(128,96),1,1
(128,118),1,1
(128,124),1,1
(128,125),1,1
(128,139),1,1
(128,141),1,1
(128,143),1,1
(128,144),1,1
(128,154),1,1
(128,167),1,1
(128,171),1,1
(128,172),1,1
(128,174),1,1
(128,176),1,1
(128,178),1,1
(128,180),1,1
(128,193),1,1
(129,1),1,1
(129,3),1,1
(129,16),1,1
(129,24),1,1
(129,30),1,1
(129,42),1,1
(129,44),1,1
(129,54),1,1
(129,68),1,1
(129,81),1,1
(129,89),1,1
(129,107),1,1
(129,111),1,1
(129,126),1,1
(129,154),1,1
(129,162),1,1
(129,171),1,1
(129,174),1,1
(130,3),1,1
(130,5),1,1
(130,15),1,1
(130,28),1,1
(130,29),1,1
(130,33),1,1
(130,34),1,1
(130,101),1,1
(130,121),1,1
(130,129),1,1
(130,156),1,1
(130,170),1,1
(130,186),1,1
(130,188),1,1
(130,198),1,1
(131,5),1,1
(131,8),1,1
(131,31),1,1
(131,56),1,1
(131,67),1,1
(131,95),1,1
(131,97),1,1
(131,126),1,1
(131,153),1,1
(131,157),1,1
(131,172),1,1
(131,176),1,1
(131,184),1,1
(131,190),1,1
(131,198),1,1
(132,2),1,1
(132,4),1,1
(132,15),1,1
(132,17),1,1
(132,20),1,1
(132,21),1,1
(132,31),1,1
(132,32),1,1
(132,38),1,1
(132,63),1,1
(132,72),1,1
(132,73),1,1
(132,79),1,1
(132,99),1,1
(132,123),1,1
(132,128),1,1
(132,129),1,1
(132,130),1,1
(132,138),1,1
(132,151),1,1
(132,152),1,1
(132,156),1,1
(132,160),1,1
(132,170),1,1
(132,183),1,1
(132,195),1,1
(132,199),1,1
(133,6),1,1
(133,18),1,1
(133,43),1,1
(133,44),1,1
(133,51),1,1
(133,52),1,1
(133,65),1,1
(133,83),1,1
(133,94),1,1
(133,97),1,1
(133,110),1,1
(133,126),1,1
(133,146),1,1
(133,148),1,1
(133,161),1,1
(133,166),1,1
(133,178),1,1
(133,190),1,1
(134,25),1,1
(134,31),1,1
(134,37),1,1
(134,39),1,1
(134,50),1,1
(134,57),1,1
(134,62),1,1
(134,68),1,1
(134,94),1,1
(134,105),1,1
(134,114),1,1
(134,149),1,1
(134,154),1,1
(134,166),1,1
(134,170),1,1
(134,176),1,1
(134,190),1,1
(134,197),1,1
(135,9),1,1
(135,20),1,1
(135,23),1,1
(135,33),1,1
(135,48),1,1
(135,53),1,1
(135,54),1,1
(135,67),1,1
(135,79),1,1
(135,81),1,1
(135,93),1,1
(135,99),1,1
(135,140),1,1
(135,142),1,1
(135,145),1,1
(135,150),1,1
(135,154),1,1
(135,163),1,1
(135,171),1,1
(135,174),1,1
(135,178),1,1
(135,183),1,1
(135,187),1,1
(135,191),1,1
(135,193),1,1
(136,1),1,1
(136,18),1,1
(136,36),1,1
(136,40),1,1
(136,52),1,1
(136,62),1,1
(136,69),1,1
(136,87),1,1
(136,89),1,1
(136,94),1,1
(136,96),1,1
(136,119),1,1
(136,143),1,1
(136,149),1,1
(136,159),1,1
(136,160),1,1
(136,185),1,1
(137,6),1,1
(137,9),1,1
(137,18),1,1
(137,34),1,1
(137,41),1,1
(137,46),1,1
(137,49),1,1
(137,50),1,1
(137,78),1,1
(137,84),1,1
(137,96),1,1
(137,103),1,1
(137,132),1,1
(137,144),1,1
(137,155),1,1
(137,173),1,1
(137,176),1,1
(137,189),1,1
(137,190),1,1
(137,192),1,1
(138,5),1,1
(138,8),1,1
(138,14),1,1
(138,33),1,1
(138,35),1,1
(138,72),1,1
(138,89),1,1
(138,123),1,1
(138,130),1,1
(138,157),1,1
(138,179),1,1
(138,183),1,1
(138,184),1,1
(139,11),1,1
(139,20),1,1
(139,22),1,1
(139,26),1,1
(139,36),1,1
(139,39),1,1
(139,76),1,1
(139,99),1,1
(139,104),1,1
(139,112),1,1
(139,116),1,1
(139,117),1,1
(139,122),1,1
(139,124),1,1
(139,127),1,1
(139,132),1,1
(139,133),1,1
(139,160),1,1
(139,161),1,1
(139,169),1,1
(139,198),1,1
(140,15),1,1
(140,17),1,1
(140,29),1,1
(140,34),1,1
(140,41),1,1
(140,55),1,1
(140,66),1,1
(140,75),1,1
(140,76),1,1
(140,117),1,1
(140,131),1,1
(140,137),1,1
(140,142),1,1
(140,155),1,1
(140,160),1,1
(140,161),1,1
(140,183),1,1
(140,185),1,1
(141,0),1,1
(141,1),1,1
(141,7),1,1
(141,15),1,1
(141,20),1,1
(141,35),1,1
(141,50),1,1
(141,55),1,1
(141,59),1,1
(141,69),1,1
(141,71),1,1
(141,75),1,1
(141,100),1,1
(141,103),1,1
(141,111),1,1
(141,132),1,1
(141,140),1,1
(141,150),1,1
(141,168),1,1
(141,182),1,1
(141,195),1,1
(141,198),1,1
(142,22),1,1
(142,23),1,1
(142,26),1,1
(142,34),1,1
(142,48),1,1
(142,68),1,1
(142,69),1,1
(142,77),1,1
(142,94),1,1
(142,99),1,1
(142,100),1,1
(142,105),1,1
(142,113),1,1
(142,115),1,1
(142,123),1,1
(142,125),1,1
(142,143),1,1
(142,144),1,1
(142,157),1,1
(142,187),1,1
(142,190),1,1
(142,191),1,1
(142,196),1,1
(143,13),1,1
(143,26),1,1
(143,30),1,1
(143,40),1,1
(143,61),1,1
(143,63),1,1
(143,66),1,1
(143,83),1,1
(143,92),1,1
(143,93),1,1
(143,110),1,1
(143,113),1,1
(143,120),1,1
(143,121),1,1
(143,147),1,1
(143,157),1,1
(143,165),1,1
(143,168),1,1
(143,170),1,1
(143,171),1,1
(143,182),1,1
(143,184),1,1
(143,189),1,1
(143,190),1,1
(143,191),1,1
(143,196),1,1
(143,197),1,1
(144,7),1,1
(144,8),1,1
(144,9),1,1
(144,11),1,1
(144,21),1,1
(144,44),1,1
(144,61),1,1
(144,63),1,1
(144,67),1,1
(144,76),1,1
(144,77),1,1
(144,92),1,1
(144,93),1,1
(144,96),1,1
(144,101),1,1
(144,109),1,1
(144,114),1,1
(144,133),1,1
(144,152),1,1
(144,155),1,1
(144,156),1,1
(144,175),1,1
(144,176),1,1
(144,178),1,1
(144,180),1,1
(144,193),1,1
(145,4),1,1
(145,11),1,1
(145,24),1,1
(145,41),1,1
(145,54),1,1
(145,58),1,1
(145,67),1,1
(145,75),1,1
(145,91),1,1
(145,94),1,1
(145,103),1,1
(145,107),1,1
(145,129),1,1
(145,136),1,1
(145,139),1,1
(145,146),1,1
(145,152),1,1
(145,162),1,1
(145,167),1,1
(145,168),1,1
(145,175),1,1
(145,181),1,1
(145,186),1,1
(146,1),1,1
(146,33),1,1
(146,41),1,1
(146,68),1,1
(146,69),1,1
(146,74),1,1
(146,82),1,1
(146,106),1,1
(146,131),1,1
(146,157),1,1
(146,158),1,1
(146,168),1,1
(146,180),1,1
(146,182),1,1
(146,185),1,1
(147,4),1,1
(147,10),1,1
(147,16),1,1
(147,17),1,1
(147,38),1,1
(147,61),1,1
(147,89),1,1
(147,96),1,1
(147,98),1,1
(147,99),1,1
(147,100),1,1
(147,109),1,1
(147,122),1,1
(147,143),1,1
(147,151),1,1
(147,166),1,1
(147,171),1,1
(147,186),1,1
(147,190),1,1
(147,192),1,1
(147,194),1,1
(148,6),1,1
(148,8),1,1
(148,9),1,1
(148,11),1,1
(148,16),1,1
(148,49),1,1
(148,52),1,1
(148,66),1,1
(148,78),1,1
(148,80),1,1
(148,92),1,1
(148,95),1,1
(148,98),1,1
(148,102),1,1
(148,103),1,1
(148,112),1,1
(148,121),1,1
(148,128),1,1
(148,139),1,1
(148,143),1,1
(148,145),1,1
(148,156),1,1
(148,164),1,1
(148,169),1,1
(148,177),1,1
(148,189),1,1
(148,196),1,1
(148,199),1,1
(149,2),1,1
(149,3),1,1
(149,10),1,1
(149,18),1,1
(149,22),1,1
(149,27),1,1
(149,37),1,1
(149,43),1,1
(149,51),1,1
(149,99),1,1
(149,125),1,1
(149,131),1,1
(149,136),1,1
(149,139),1,1
(149,155),1,1
(149,161),1,1
(149,164),1,1
(149,169),1,1
(149,178),1,1
(149,179),1,1
(150,9),1,1
(150,10),1,1
(150,14),1,1
(150,57),1,1
(150,71),1,1
(150,91),1,1
(150,108),1,1
(150,118),1,1
(150,124),1,1
(150,126),1,1
(150,128),1,1
(150,131),1,1
(150,146),1,1
(150,149),1,1
(150,158),1,1
(150,171),1,1
(150,174),1,1
(150,175),1,1
(150,177),1,1
(150,178),1,1
(150,192),1,1
(151,6),1,1
(151,32),1,1
(151,34),1,1
(151,37),1,1
(151,55),1,1
(151,58),1,1
(151,64),1,1
(151,82),1,1
(151,114),1,1
(151,128),1,1
(151,129),1,1
(151,144),1,1
(151,146),1,1
(151,164),1,1
(151,193),1,1
(151,196),1,1
(152,4),1,1
(152,14),1,1
(152,15),1,1
(152,28),1,1
(152,44),1,1
(152,55),1,1
(152,101),1,1
(152,102),1,1
(152,110),1,1
(152,135),1,1
(152,146),1,1
(152,153),1,1
(152,167),1,1
(152,186),1,1
(152,191),1,1
(152,193),1,1
(152,199),1,1
(153,10),1,1
(153,15),1,1
(153,26),1,1
(153,31),1,1
(153,45),1,1
(153,48),1,1
(153,53),1,1
(153,81),1,1
(153,89),1,1
(153,91),1,1
(153,92),1,1
(153,95),1,1
(153,98),1,1
(153,137),1,1
(153,146),1,1
(153,150),1,1
(153,180),1,1
(153,184),1,1
(154,6),1,1
(154,22),1,1
(154,30),1,1
(154,34),1,1
(154,38),1,1
(154,42),1,1
(154,46),1,1
(154,49),1,1
(154,75),1,1
(154,88),1,1
(154,96),1,1
(154,98),1,1
(154,112),1,1
(154,113),1,1
(154,122),1,1
(154,150),1,1
(154,152),1,1
(154,155),1,1
(154,160),1,1
(154,164),1,1
(154,165),1,1
(154,167),1,1
(154,168),1,1
(154,176),1,1
(154,182),1,1
(154,190),1,1
(155,4),1,1
(155,7),1,1
(155,13),1,1
(155,18),1,1
(155,20),1,1
(155,23),1,1
(155,26),1,1
(155,30),1,1
(155,38),1,1
(155,57),1,1
(155,60),1,1
(155,69),1,1
(155,80),1,1
(155,85),1,1
(155,87),1,1
(155,88),1,1
(155,110),1,1
(155,111),1,1
(155,113),1,1
(155,118),1,1
(155,131),1,1
(155,159),1,1
(155,175),1,1
(155,178),1,1
(155,189),1,1
(155,192),1,1
(155,199),1,1
(156,17),1,1
(156,21),1,1
(156,34),1,1
(156,42),1,1
(156,45),1,1
(156,46),1,1
(156,50),1,1
(156,52),1,1
(156,59),1,1
(156,84),1,1
(156,90),1,1
(156,99),1,1
(156,120),1,1
(156,123),1,1
(156,126),1,1
(156,130),1,1
(156,136),1,1
(156,139),1,1
(156,162),1,1
(156,163),1,1
(157,20),1,1
(157,28),1,1
(157,45),1,1
(157,54),1,1
(157,61),1,1
(157,72),1,1
(157,88),1,1
(157,93),1,1
(157,99),1,1
(157,124),1,1
(157,140),1,1
(157,145),1,1
(157,154),1,1
(157,166),1,1
(157,167),1,1
(157,171),1,1
(157,189),1,1
(157,191),1,1
(157,194),1,1
(158,16),1,1
(158,20),1,1
(158,37),1,1
(158,38),1,1
(158,53),1,1
(158,64),1,1
(158,65),1,1
(158,67),1,1
(158,68),1,1
(158,69),1,1
(158,71),1,1
(158,85),1,1
(158,87),1,1
(158,95),1,1
(158,107),1,1
(158,112),1,1
(158,118),1,1
(158,140),1,1
(158,146),1,1
(158,178),1,1
(158,187),1,1
(158,189),1,1
(159,78),1,1
(159,89),1,1
(159,91),1,1
(159,131),1,1
(159,186),1,1
(159,196),1,1
(160,18),1,1
(160,20),1,1
(160,24),1,1
(160,25),1,1
(160,33),1,1
(160,48),1,1
(160,59),1,1
(160,65),1,1
(160,69),1,1
(160,81),1,1
(160,90),1,1
(160,96),1,1
(160,97),1,1
(160,99),1,1
(160,110),1,1
(160,114),1,1
(160,117),1,1
(160,119),1,1
(160,120),1,1
(160,121),1,1
(160,122),1,1
(160,129),1,1
(160,133),1,1
(160,149),1,1
(160,150),1,1
(160,153),1,1
(160,161),1,1
(160,164),1,1
(160,171),1,1
(160,173),1,1
(160,195),1,1
(161,0),1,1
(161,2),1,1
(161,28),1,1
(161,31),1,1
(161,36),1,1
(161,38),1,1
(161,45),1,1
(161,77),1,1
(161,79),1,1
(161,85),1,1
(161,107),1,1
(161,111),1,1
(161,123),1,1
(161,130),1,1
(161,131),1,1
(161,132),1,1
(161,140),1,1
(161,141),1,1
(161,147),1,1
(161,192),1,1
(162,3),1,1
(162,5),1,1
(162,49),1,1
(162,61),1,1
(162,78),1,1
(162,92),1,1
(162,93),1,1
(162,98),1,1
(162,101),1,1
(162,110),1,1
(162,111),1,1
(162,119),1,1
(162,128),1,1
(162,137),1,1
(162,152),1,1
(162,165),1,1
(162,187),1,1
(163,10),1,1
(163,15),1,1
(163,17),1,1
(163,20),1,1
(163,27),1,1
(163,43),1,1
(163,59),1,1
(163,61),1,1
(163,74),1,1
(163,75),1,1
(163,91),1,1
(163,95),1,1
(163,113),1,1
(163,115),1,1
(163,153),1,1
(163,177),1,1
(163,188),1,1
(163,195),1,1
(163,198),1,1
(164,9),1,1
(164,19),1,1
(164,32),1,1
(164,40),1,1
(164,42),1,1
(164,51),1,1
(164,52),1,1
(164,64),1,1
(164,70),1,1
(164,75),1,1
(164,113),1,1
(164,125),1,1
(164,129),1,1
(164,131),1,1
(164,148),1,1
(164,162),1,1
(164,173),1,1
(164,181),1,1
(164,184),1,1
(164,199),1,1
(165,3),1,1
(165,11),1,1
(165,24),1,1
(165,26),1,1
(165,52),1,1
(165,57),1,1
(165,59),1,1
(165,66),1,1
(165,67),1,1
(165,72),1,1
(165,79),1,1
(165,100),1,1
(165,120),1,1
(165,141),1,1
(165,144),1,1
(165,148),1,1
(165,155),1,1
(165,173),1,1
(165,184),1,1
(165,195),1,1
(165,197),1,1
(165,199),1,1
(166,15),1,1
(166,20),1,1
(166,39),1,1
(166,48),1,1
(166,49),1,1
(166,53),1,1
(166,77),1,1
(166,83),1,1
(166,85),1,1
(166,88),1,1
(166,96),1,1
(166,102),1,1
(166,106),1,1
(166,109),1,1
(166,111),1,1
(166,129),1,1
(166,135),1,1
(166,148),1,1
(166,185),1,1
(167,1),1,1
(167,6),1,1
(167,9),1,1
(167,27),1,1
(167,45),1,1
(167,56),1,1
(167,57),1,1
(167,73),1,1
(167,86),1,1
(167,87),1,1
(167,90),1,1
(167,103),1,1
(167,104),1,1
(167,127),1,1
(167,139),1,1
(167,144),1,1
(167,154),1,1
(167,159),1,1
(167,162),1,1
(167,168),1,1
(167,180),1,1
(167,190),1,1
(167,196),1,1
(168,4),1,1
(168,6),1,1
(168,8),1,1
(168,15),1,1
(168,16),1,1
(168,30),1,1
(168,32),1,1
(168,37),1,1
(168,38),1,1
(168,50),1,1
(168,59),1,1
(168,60),1,1
(168,63),1,1
(168,67),1,1
(168,69),1,1
(168,79),1,1
(168,80),1,1
(168,87),1,1
(168,89),1,1
(168,95),1,1
(168,99),1,1
(168,100),1,1
(168,118),1,1
(168,150),1,1
(168,160),1,1
(168,177),1,1
(169,25),1,1
(169,35),1,1
(169,61),1,1
(169,63),1,1
(169,69),1,1
(169,70),1,1
(169,98),1,1
(169,123),1,1
(169,148),1,1
(169,150),1,1
(169,153),1,1
(169,159),1,1
(169,160),1,1
(169,167),1,1
(169,180),1,1
(169,182),1,1
(169,191),1,1
(170,8),1,1
(170,11),1,1
(170,26),1,1
(170,30),1,1
(170,35),1,1
(170,75),1,1
(170,113),1,1
(170,145),1,1
(170,148),1,1
(170,151),1,1
(170,158),1,1
(170,166),1,1
(170,168),1,1
(170,190),1,1
(170,192),1,1
(170,194),1,1
(171,2),1,1
(171,3),1,1
(171,12),1,1
(171,41),1,1
(171,48),1,1
(171,50),1,1
(171,90),1,1
(171,110),1,1
(171,117),1,1
(171,141),1,1
(171,145),1,1
(171,149),1,1
(171,175),1,1
(171,193),1,1
(171,198),1,1
(172,3),1,1
(172,14),1,1
(172,21),1,1
(172,28),1,1
(172,34),1,1
(172,40),1,1
(172,41),1,1
(172,56),1,1
(172,83),1,1
(172,87),1,1
(172,90),1,1
(172,92),1,1
(172,94),1,1
(172,105),1,1
(172,113),1,1
(172,116),1,1
(172,131),1,1
(172,139),1,1
(172,141),1,1
(172,192),1,1
(172,195),1,1
(173,8),1,1
(173,10),1,1
(173,19),1,1
(173,70),1,1
(173,92),1,1
(173,107),1,1
(173,108),1,1
(173,110),1,1
(173,142),1,1
(173,195),1,1
(174,1),1,1
(174,42),1,1
(174,54),1,1
(174,67),1,1
(174,72),1,1
(174,82),1,1
(174,96),1,1
(174,97),1,1
(174,101),1,1
(174,118),1,1
(174,122),1,1
(174,124),1,1
(174,132),1,1
(174,133),1,1
(174,146),1,1
(174,149),1,1
(174,163),1,1
(174,177),1,1
(174,179),1,1
(174,187),1,1
(174,188),1,1
(174,192),1,1
(175,46),1,1
(175,56),1,1
(175,64),1,1
(175,65),1,1
(175,69),1,1
(175,72),1,1
(175,77),1,1
(175,89),1,1
(175,105),1,1
(175,118),1,1
(175,124),1,1
(175,127),1,1
(175,133),1,1
(175,138),1,1
(175,141),1,1
(175,148),1,1
(175,150),1,1
(175,172),1,1
(175,180),1,1
(175,181),1,1
(175,186),1,1
(175,191),1,1
(175,196),1,1
(176,1),1,1
(176,23),1,1
(176,24),1,1
(176,42),1,1
(176,51),1,1
(176,59),1,1
(176,64),1,1
(176,67),1,1
(176,89),1,1
(176,96),1,1
(176,102),1,1
(176,113),1,1
(176,115),1,1
(176,118),1,1
(176,140),1,1
(176,142),1,1
(176,159),1,1
(176,161),1,1
(176,162),1,1
(176,165),1,1
(176,169),1,1
(176,183),1,1
(176,190),1,1
(177,3),1,1
(177,5),1,1
(177,15),1,1
(177,17),1,1
(177,23),1,1
(177,33),1,1
(177,37),1,1
(177,39),1,1
(177,42),1,1
(177,43),1,1
(177,52),1,1
(177,77),1,1
(177,82),1,1
(177,86),1,1
(177,104),1,1
(177,113),1,1
(177,121),1,1
(177,124),1,1
(177,125),1,1
(177,130),1,1
(177,131),1,1
(177,134),1,1
(177,136),1,1
(177,144),1,1
(177,153),1,1
(177,156),1,1
(177,159),1,1
(177,168),1,1
(177,186),1,1
(177,190),1,1
(177,193),1,1
(177,194),1,1
(177,198),1,1
(178,2),1,1
(178,3),1,1
(178,7),1,1
(178,13),1,1
(178,32),1,1
(178,40),1,1
(178,59),1,1
(178,66),1,1
(178,74),1,1
(178,117),1,1
(178,119),1,1
(178,131),1,1
(178,133),1,1
(178,143),1,1
(178,152),1,1
(178,160),1,1
(178,174),1,1
(178,176),1,1
(178,177),1,1
(178,188),1,1
(178,197),1,1
(179,4),1,1
(179,10),1,1
(179,21),1,1
(179,25),1,1
(179,39),1,1
(179,49),1,1
(179,51),1,1
(179,66),1,1
(179,81),1,1
(179,86),1,1
(179,90),1,1
(179,101),1,1
(179,107),1,1
(179,113),1,1
(179,131),1,1
(179,143),1,1
(179,172),1,1
(179,174),1,1
(179,177),1,1
(180,42),1,1
(180,55),1,1
(180,92),1,1
(180,98),1,1
(180,101),1,1
(180,105),1,1
(180,108),1,1
(180,115),1,1
(180,116),1,1
(180,130),1,1
(180,138),1,1
(180,142),1,1
(180,143),1,1
(180,151),1,1
(180,159),1,1
(180,160),1,1
(180,196),1,1
(181,37),1,1
(181,43),1,1
(181,49),1,1
(181,56),1,1
(181,87),1,1
(181,90),1,1
(181,105),1,1
(181,111),1,1
(181,138),1,1
(181,149),1,1
(181,158),1,1
(181,170),1,1
(181,173),1,1
(181,187),1,1
(182,0),1,1
(182,14),1,1
(182,15),1,1
(182,31),1,1
(182,36),1,1
(182,43),1,1
(182,44),1,1
(182,45),1,1
(182,71),1,1
(182,87),1,1
(182,92),1,1
(182,114),1,1
(182,141),1,1
(182,144),1,1
(182,149),1,1
(182,172),1,1
(182,177),1,1
(182,188),1,1
(182,196),1,1
(182,197),1,1
(183,31),1,1
(183,37),1,1
(183,43),1,1
(183,60),1,1
(183,61),1,1
(183,67),1,1
(183,69),1,1
(183,70),1,1
(183,78),1,1
(183,80),1,1
(183,84),1,1
(183,102),1,1
(183,104),1,1
(183,120),1,1
(183,121),1,1
(183,123),1,1
(183,124),1,1
(183,144),1,1
(183,155),1,1
(183,172),1,1
(183,191),1,1
(184,4),1,1
(184,11),1,1
(184,15),1,1
(184,19),1,1
(184,20),1,1
(184,29),1,1
(184,30),1,1
(184,66),1,1
(184,79),1,1
(184,102),1,1
(184,113),1,1
(184,119),1,1
(184,120),1,1
(184,145),1,1
(184,149),1,1
(184,164),1,1
(184,165),1,1
(184,178),1,1
(184,190),1,1
(184,191),1,1
(185,6),1,1
(185,8),1,1
(185,14),1,1
(185,19),1,1
(185,62),1,1
(185,71),1,1
(185,78),1,1
(185,86),1,1
(185,87),1,1
(185,96),1,1
(185,104),1,1
(185,140),1,1
(185,145),1,1
(185,161),1,1
(185,165),1,1
(185,173),1,1
(185,184),1,1
(185,195),1,1
(186,8),1,1
(186,12),1,1
(186,26),1,1
(186,29),1,1
(186,32),1,1
(186,38),1,1
(186,40),1,1
(186,48),1,1
(186,52),1,1
(186,63),1,1
(186,77),1,1
(186,78),1,1
(186,97),1,1
(186,111),1,1
(186,113),1,1
(186,126),1,1
(186,137),1,1
(186,138),1,1
(186,139),1,1
(186,141),1,1
(186,152),1,1
(186,168),1,1
(186,178),1,1
(186,182),1,1
(186,185),1,1
(186,196),1,1
(187,3),1,1
(187,10),1,1
(187,19),1,1
(187,37),1,1
(187,39),1,1
(187,42),1,1
(187,49),1,1
(187,67),1,1
(187,89),1,1
(187,99),1,1
(187,109),1,1
(187,117),1,1
(187,131),1,1
(187,144),1,1
(188,20),1,1
(188,24),1,1
(188,38),1,1
(188,45),1,1
(188,46),1,1
(188,54),1,1
(188,63),1,1
(188,65),1,1
(188,73),1,1
(188,87),1,1
(188,94),1,1
(188,103),1,1
(188,111),1,1
(188,134),1,1
(188,135),1,1
(188,157),1,1
(188,160),1,1
(188,161),1,1
(188,168),1,1
(188,169),1,1
(188,183),1,1
(188,199),1,1
(189,3),1,1
(189,7),1,1
(189,16),1,1
(189,32),1,1
(189,57),1,1
(189,66),1,1
(189,69),1,1
(189,86),1,1
(189,113),1,1
(189,126),1,1
(189,132),1,1
(189,134),1,1
(189,147),1,1
(189,148),1,1
(189,167),1,1
(189,178),1,1
(189,188),1,1
(189,192),1,1
(190,2),1,1
(190,15),1,1
(190,45),1,1
(190,50),1,1
(190,54),1,1
(190,56),1,1
(190,59),1,1
(190,61),1,1
(190,78),1,1
(190,80),1,1
(190,117),1,1
(190,127),1,1
(190,131),1,1
(190,134),1,1
(190,159),1,1
(190,170),1,1
(190,171),1,1
(190,173),1,1
(190,182),1,1
(190,195),1,1
(190,199),1,1
(191,1),1,1
(191,8),1,1
(191,17),1,1
(191,18),1,1
(191,35),1,1
(191,43),1,1
(191,45),1,1
(191,47),1,1
(191,70),1,1
(191,91),1,1
(191,113),1,1
(191,116),1,1
(191,128),1,1
(191,139),1,1
(191,173),1,1
(191,198),1,1
(192,13),1,1
(192,18),1,1
(192,20),1,1
(192,21),1,1
(192,24),1,1
(192,31),1,1
(192,37),1,1
(192,43),1,1
(192,50),1,1
(192,56),1,1
(192,58),1,1
(192,59),1,1
(192,81),1,1
(192,89),1,1
(192,90),1,1
(192,93),1,1
(192,96),1,1
(192,108),1,1
(192,109),1,1
(192,115),1,1
(192,119),1,1
(192,127),1,1
(192,138),1,1
(192,143),1,1
(192,146),1,1
(192,148),1,1
(192,152),1,1
(192,156),1,1
(192,157),1,1
(192,172),1,1
(192,179),1,1
(192,182),1,1
(193,21),1,1
(193,25),1,1
(193,26),1,1
(193,31),1,1
(193,35),1,1
(193,38),1,1
(193,74),1,1
(193,75),1,1
(193,86),1,1
(193,110),1,1
(193,120),1,1
(193,128),1,1
(193,140),1,1
(193,159),1,1
(193,169),1,1
(194,17),1,1
(194,32),1,1
(194,39),1,1
(194,40),1,1
(194,65),1,1
(194,69),1,1
(194,73),1,1
(194,105),1,1
(194,111),1,1
(194,144),1,1
(194,151),1,1
(194,159),1,1
(194,162),1,1
(194,165),1,1
(194,180),1,1
(195,8),1,1
(195,11),1,1
(195,33),1,1
(195,54),1,1
(195,62),1,1
(195,67),1,1
(195,71),1,1
(195,82),1,1
(195,94),1,1
(195,95),1,1
(195,97),1,1
(195,100),1,1
(195,101),1,1
(195,111),1,1
(195,112),1,1
(195,114),1,1
(195,131),1,1
(195,137),1,1
(195,143),1,1
(195,155),1,1
(195,160),1,1
(195,169),1,1
(195,174),1,1
(195,183),1,1
(195,185),1,1
(195,187),1,1
(195,192),1,1
(196,0),1,1
(196,1),1,1
(196,13),1,1
(196,17),1,1
(196,22),1,1
(196,28),1,1
(196,42),1,1
(196,54),1,1
(196,60),1,1
(196,72),1,1
(196,77),1,1
(196,79),1,1
(196,91),1,1
(196,95),1,1
(196,102),1,1
(196,122),1,1
(196,123),1,1
(196,130),1,1
(196,132),1,1
(196,138),1,1
(196,142),1,1
(196,156),1,1
(196,165),1,1
(196,166),1,1
(196,169),1,1
(196,179),1,1
(196,187),1,1
(197,12),1,1
(197,19),1,1
(197,36),1,1
(197,55),1,1
(197,59),1,1
(197,65),1,1
(197,82),1,1
(197,107),1,1
(197,178),1,1
(198,8),1,1
(198,14),1,1
(198,31),1,1
(198,40),1,1
(198,54),1,1
(198,60),1,1
(198,65),1,1
(198,77),1,1
(198,85),1,1
(198,88),1,1
(198,89),1,1
(198,93),1,1
(198,128),1,1
(198,129),1,1
(198,133),1,1
(198,148),1,1
(198,162),1,1
(198,165),1,1
(198,171),1,1
(199,11),1,1
(199,29),1,1
(199,30),1,1
(199,41),1,1
(199,43),1,1
(199,48),1,1
(199,50),1,1
(199,55),1,1
(199,63),1,1
(199,67),1,1
(199,68),1,1
(199,69),1,1
(199,75),1,1
(199,86),1,1
(199,106),1,1
(199,114),1,1
(199,115),1,1
(199,142),1,1
(199,161),1,1
(199,170),1,1
(199,172),1,1
(199,175),1,1
(199,181),1,1
(199,182),1,1
(199,193),1,1
(199,196),1,1
(199,197),1,1
