Nr_Pairs = 200
Nr_NDD = 0
Nr_Arcs = 3895
0,0,0,0,0
1,0,0,0,0
2,0,0,0,0
3,0,0,0,0
4,0,0,0,0
5,0,0,0,0
6,0,0,0,0
7,0,0,0,0
8,0,0,0,0
9,0,0,0,0
10,0,0,0,0
11,0,0,0,0
12,0,0,0,0
13,0,0,0,0
14,0,0,0,0
15,0,0,0,0
16,0,0,0,0
17,0,0,0,0
18,0,0,0,0
19,0,0,0,0
20,0,0,0,0
21,0,0,0,0
22,0,0,0,0
23,0,0,0,0
24,0,0,0,0
25,0,0,0,0
26,0,0,0,0
27,0,0,0,0
28,0,0,0,0
29,0,0,0,0
30,0,0,0,0
31,0,0,0,0
32,0,0,0,0
33,0,0,0,0
34,0,0,0,0
35,0,0,0,0
36,0,0,0,0
37,0,0,0,0
38,0,0,0,0
39,0,0,0,0
40,0,0,0,0
41,0,0,0,0
42,0,0,0,0
43,0,0,0,0
44,0,0,0,0
45,0,0,0,0
46,0,0,0,0
47,0,0,0,0
48,0,0,0,0
49,0,0,0,0
50,0,0,0,0
51,0,0,0,0
52,0,0,0,0
53,0,0,0,0
54,0,0,0,0
55,0,0,0,0
56,0,0,0,0
57,0,0,0,0
58,0,0,0,0
59,0,0,0,0
60,0,0,0,0
61,0,0,0,0
62,0,0,0,0
63,0,0,0,0
64,0,0,0,0
65,0,0,0,0
66,0,0,0,0
67,0,0,0,0
68,0,0,0,0
69,0,0,0,0
70,0,0,0,0
71,0,0,0,0
72,0,0,0,0
73,0,0,0,0
74,0,0,0,0
75,0,0,0,0
76,0,0,0,0
77,0,0,0,0
78,0,0,0,0
79,0,0,0,0
80,0,0,0,0
81,0,0,0,0
82,0,0,0,0
83,0,0,0,0
84,0,0,0,0
85,0,0,0,0
86,0,0,0,0
87,0,0,0,0
88,0,0,0,0
89,0,0,0,0
90,0,0,0,0
91,0,0,0,0
92,0,0,0,0
93,0,0,0,0
94,0,0,0,0
95,0,0,0,0
96,0,0,0,0
97,0,0,0,0
98,0,0,0,0
99,0,0,0,0
100,0,0,0,0
101,0,0,0,0
102,0,0,0,0
103,0,0,0,0
104,0,0,0,0
105,0,0,0,0
106,0,0,0,0
107,0,0,0,0
108,0,0,0,0
109,0,0,0,0
110,0,0,0,0
111,0,0,0,0
112,0,0,0,0
113,0,0,0,0
114,0,0,0,0
115,0,0,0,0
116,0,0,0,0
117,0,0,0,0
118,0,0,0,0
119,0,0,0,0
120,0,0,0,0
121,0,0,0,0
122,0,0,0,0
123,0,0,0,0
124,0,0,0,0
125,0,0,0,0
126,0,0,0,0
127,0,0,0,0
128,0,0,0,0
129,0,0,0,0
130,0,0,0,0
131,0,0,0,0
132,0,0,0,0
133,0,0,0,0
134,0,0,0,0
135,0,0,0,0
136,0,0,0,0
137,0,0,0,0
138,0,0,0,0
139,0,0,0,0
140,0,0,0,0
141,0,0,0,0
142,0,0,0,0
143,0,0,0,0
144,0,0,0,0
145,0,0,0,0
146,0,0,0,0
147,0,0,0,0
148,0,0,0,0
149,0,0,0,0
150,0,0,0,0
151,0,0,0,0
152,0,0,0,0
153,0,0,0,0
154,0,0,0,0
155,0,0,0,0
156,0,0,0,0
157,0,0,0,0
158,0,0,0,0
159,0,0,0,0
160,0,0,0,0
161,0,0,0,0
162,0,0,0,0
163,0,0,0,0
164,0,0,0,0
165,0,0,0,0
166,0,0,0,0
167,0,0,0,0
168,0,0,0,0
169,0,0,0,0
170,0,0,0,0
171,0,0,0,0
172,0,0,0,0
173,0,0,0,0
174,0,0,0,0
175,0,0,0,0
176,0,0,0,0
177,0,0,0,0
178,0,0,0,0
179,0,0,0,0
180,0,0,0,0
181,0,0,0,0
182,0,0,0,0
183,0,0,0,0
184,0,0,0,0
185,0,0,0,0
186,0,0,0,0
187,0,0,0,0
188,0,0,0,0
189,0,0,0,0
190,0,0,0,0
191,0,0,0,0
192,0,0,0,0
193,0,0,0,0
194,0,0,0,0
195,0,0,0,0
196,0,0,0,0
197,0,0,0,0
198,0,0,0,0
199,0,0,0,0
(0,2),1,1
(0,34),1,1
(0,63),1,1
(0,74),1,1
(0,84),1,1
(0,89),1,1
(0,102),1,1
(0,108),1,1
(0,112),1,1
(0,122),1,1
(0,123),1,1
(0,126),1,1
(0,144),1,1
(0,163),1,1
(0,190),1,1
(1,11),1,1
(1,20),1,1
(1,24),1,1
(1,78),1,1
(1,87),1,1
(1,88),1,1
(1,90),1,1
(1,92),1,1
(1,123),1,1
(1,146),1,1
(1,150),1,1
(1,152),1,1
(1,154),1,1
(1,170),1,1
(1,190),1,1
(1,191),1,1
(1,195),1,1
(1,199),1,1
(2,0),1,1
(2,14),1,1
(2,26),1,1
(2,38),1,1
(2,49),1,1
(2,51),1,1
(2,75),1,1
(2,90),1,1
(2,100),1,1
(2,113),1,1
(2,115),1,1
(2,116),1,1
(2,117),1,1
(2,120),1,1
(2,122),1,1
(2,129),1,1
(2,134),1,1
(2,154),1,1
(2,158),1,1
(2,160),1,1
(2,167),1,1
(2,172),1,1
(2,183),1,1
(2,187),1,1
(2,188),1,1
(2,189),1,1
(2,191),1,1
(2,198),1,1
(2,199),1,1
(3,4),1,1
(3,32),1,1
(3,38),1,1
(3,40),1,1
(3,44),1,1
(3,50),1,1
(3,62),1,1
(3,63),1,1
(3,77),1,1
(3,83),1,1
(3,89),1,1
(3,101),1,1
(3,111),1,1
(3,119),1,1
(3,120),1,1
(3,123),1,1
(3,124),1,1
(3,141),1,1
(3,156),1,1
(3,166),1,1
(3,175),1,1
(3,185),1,1
(3,195),1,1
(4,3),1,1
(4,9),1,1
(4,10),1,1
(4,36),1,1
(4,42),1,1
(4,43),1,1
(4,46),1,1
(4,47),1,1
(4,69),1,1
(4,73),1,1
(4,88),1,1
(4,93),1,1
(4,101),1,1
(4,119),1,1
(4,132),1,1
(4,133),1,1
(4,147),1,1
(4,164),1,1
(4,180),1,1
(4,189),1,1
(4,190),1,1
(4,194),1,1
(4,196),1,1
(4,197),1,1
(5,22),1,1
(5,29),1,1
(5,38),1,1
(5,41),1,1
(5,58),1,1
(5,61),1,1
(5,76),1,1
(5,83),1,1
(5,89),1,1
(5,92),1,1
(5,97),1,1
(5,121),1,1
(5,146),1,1
(5,153),1,1
(5,157),1,1
(5,171),1,1
(5,183),1,1
(5,188),1,1
(6,16),1,1
(6,22),1,1
(6,34),1,1
(6,53),1,1
(6,69),1,1
(6,70),1,1
(6,77),1,1
(6,79),1,1
(6,81),1,1
(6,84),1,1
(6,86),1,1
(6,87),1,1
(6,99),1,1
(6,104),1,1
(6,119),1,1
(6,127),1,1
(6,180),1,1
(6,186),1,1
(7,15),1,1
(7,19),1,1
(7,23),1,1
(7,46),1,1
(7,48),1,1
(7,50),1,1
(7,61),1,1
(7,80),1,1
(7,83),1,1
(7,88),1,1
(7,93),1,1
(7,94),1,1
(7,97),1,1
(7,111),1,1
(7,123),1,1
(7,132),1,1
(7,145),1,1
(7,167),1,1
(7,179),1,1
(7,194),1,1
(7,197),1,1
(8,1),1,1
(8,9),1,1
(8,14),1,1
(8,31),1,1
(8,38),1,1
(8,42),1,1
(8,45),1,1
(8,84),1,1
(8,90),1,1
(8,157),1,1
(8,170),1,1
(8,175),1,1
(9,15),1,1
(9,18),1,1
(9,41),1,1
(9,69),1,1
(9,104),1,1
(9,106),1,1
(9,107),1,1
(9,123),1,1
(9,124),1,1
(9,133),1,1
(9,150),1,1
(9,153),1,1
(9,159),1,1
(9,190),1,1
(9,193),1,1
(10,12),1,1
(10,16),1,1
(10,58),1,1
(10,61),1,1
(10,74),1,1
(10,86),1,1
(10,92),1,1
(10,99),1,1
(10,111),1,1
(10,129),1,1
(10,139),1,1
(10,154),1,1
(10,158),1,1
(10,170),1,1
(10,174),1,1
(10,176),1,1
(10,195),1,1
(11,9),1,1
(11,10),1,1
(11,12),1,1
(11,17),1,1
(11,38),1,1
(11,42),1,1
(11,51),1,1
(11,61),1,1
(11,63),1,1
(11,83),1,1
(11,84),1,1
(11,98),1,1
(11,105),1,1
(11,107),1,1
(11,110),1,1
(11,119),1,1
(11,151),1,1
(11,159),1,1
(11,160),1,1
(11,163),1,1
(12,3),1,1
(12,5),1,1
(12,18),1,1
(12,23),1,1
(12,28),1,1
(12,33),1,1
(12,53),1,1
(12,66),1,1
(12,67),1,1
(12,71),1,1
(12,73),1,1
(12,83),1,1
(12,85),1,1
(12,101),1,1
(12,104),1,1
(12,105),1,1
(12,120),1,1
(12,130),1,1
(12,137),1,1
(12,140),1,1
(12,152),1,1
(12,160),1,1
(12,167),1,1
(12,176),1,1
(12,178),1,1
(12,197),1,1
(13,6),1,1
(13,9),1,1
(13,22),1,1
(13,28),1,1
(13,42),1,1
(13,63),1,1
(13,67),1,1
(13,79),1,1
(13,93),1,1
(13,107),1,1
(13,112),1,1
(13,115),1,1
(13,126),1,1
(13,134),1,1
(13,142),1,1
(13,144),1,1
(13,153),1,1
(13,155),1,1
(13,161),1,1
(13,171),1,1
(13,179),1,1
(13,180),1,1
(14,11),1,1
(14,21),1,1
(14,44),1,1
(14,51),1,1
(14,53),1,1
(14,63),1,1
(14,74),1,1
(14,88),1,1
(14,91),1,1
(14,92),1,1
(14,95),1,1
(14,100),1,1
(14,101),1,1
(14,105),1,1
(14,115),1,1
(14,127),1,1
(14,129),1,1
(14,143),1,1
(14,150),1,1
(14,154),1,1
(14,157),1,1
(14,176),1,1
(14,182),1,1
(14,197),1,1
(15,5),1,1
(15,16),1,1
(15,30),1,1
(15,32),1,1
(15,41),1,1
(15,45),1,1
(15,49),1,1
(15,58),1,1
(15,74),1,1
(15,103),1,1
(15,117),1,1
(15,154),1,1
(15,193),1,1
(15,194),1,1
(15,199),1,1
(16,39),1,1
(16,55),1,1
(16,67),1,1
(16,70),1,1
(16,71),1,1
(16,87),1,1
(16,120),1,1
(16,134),1,1
(16,145),1,1
(16,189),1,1
(17,0),1,1
(17,22),1,1
(17,27),1,1
(17,34),1,1
(17,35),1,1
(17,52),1,1
(17,57),1,1
(17,62),1,1
(17,73),1,1
(17,75),1,1
(17,80),1,1
(17,110),1,1
(17,111),1,1
(17,114),1,1
(17,122),1,1
(17,135),1,1
(17,137),1,1
(17,169),1,1
(18,10),1,1
(18,15),1,1
(18,29),1,1
(18,36),1,1
(18,43),1,1
(18,52),1,1
(18,67),1,1
(18,70),1,1
(18,76),1,1
(18,120),1,1
(18,122),1,1
(18,124),1,1
(18,138),1,1
(18,142),1,1
(18,143),1,1
(18,171),1,1
(18,183),1,1
(18,193),1,1
(18,194),1,1
(18,197),1,1
(19,12),1,1
(19,22),1,1
(19,32),1,1
(19,36),1,1
(19,45),1,1
(19,50),1,1
(19,52),1,1
(19,65),1,1
(19,66),1,1
(19,80),1,1
(19,85),1,1
(19,89),1,1
(19,113),1,1
(19,116),1,1
(19,118),1,1
(19,120),1,1
(19,126),1,1
(19,127),1,1
(19,128),1,1
(19,129),1,1
(19,131),1,1
(19,141),1,1
(19,150),1,1
(19,156),1,1
(19,166),1,1
(19,167),1,1
(19,175),1,1
(19,181),1,1
(19,198),1,1
(20,3),1,1
(20,9),1,1
(20,24),1,1
(20,33),1,1
(20,34),1,1
(20,36),1,1
(20,51),1,1
(20,54),1,1
(20,66),1,1
(20,126),1,1
(20,130),1,1
(20,139),1,1
(20,155),1,1
(20,174),1,1
(20,178),1,1
(20,179),1,1
(20,182),1,1
(20,186),1,1
(20,189),1,1
(21,26),1,1
(21,33),1,1
(21,42),1,1
(21,43),1,1
(21,44),1,1
(21,55),1,1
(21,59),1,1
(21,60),1,1
(21,65),1,1
(21,77),1,1
(21,95),1,1
(21,96),1,1
(21,100),1,1
(21,119),1,1
(21,138),1,1
(21,144),1,1
(21,189),1,1
(21,191),1,1
(22,4),1,1
(22,10),1,1
(22,36),1,1
(22,73),1,1
(22,82),1,1
(22,86),1,1
(22,101),1,1
(22,108),1,1
(22,110),1,1
(22,132),1,1
(22,169),1,1
(22,174),1,1
(22,179),1,1
(22,187),1,1
(22,189),1,1
(23,6),1,1
(23,16),1,1
(23,32),1,1
(23,35),1,1
(23,47),1,1
(23,49),1,1
(23,54),1,1
(23,59),1,1
(23,60),1,1
(23,61),1,1
(23,69),1,1
(23,88),1,1
(23,93),1,1
(23,101),1,1
(23,108),1,1
(23,140),1,1
(23,150),1,1
(23,151),1,1
(23,154),1,1
(23,182),1,1
(23,191),1,1
(23,198),1,1
(24,9),1,1
(24,31),1,1
(24,36),1,1
(24,39),1,1
(24,53),1,1
(24,57),1,1
(24,58),1,1
(24,63),1,1
(24,66),1,1
(24,98),1,1
(24,121),1,1
(24,125),1,1
(24,130),1,1
(24,164),1,1
(24,170),1,1
(24,171),1,1
(24,179),1,1
(24,180),1,1
(24,183),1,1
(24,185),1,1
(25,2),1,1
(25,10),1,1
(25,16),1,1
(25,44),1,1
(25,45),1,1
(25,49),1,1
(25,61),1,1
(25,98),1,1
(25,126),1,1
(25,156),1,1
(25,159),1,1
(25,176),1,1
(26,8),1,1
(26,9),1,1
(26,30),1,1
(26,33),1,1
(26,53),1,1
(26,60),1,1
(26,61),1,1
(26,70),1,1
(26,81),1,1
(26,82),1,1
(26,104),1,1
(26,107),1,1
(26,113),1,1
(26,120),1,1
(26,128),1,1
(26,130),1,1
(26,135),1,1
(26,136),1,1
(26,155),1,1
(26,162),1,1
(26,165),1,1
(26,184),1,1
(26,190),1,1
(26,195),1,1
(27,2),1,1
(27,10),1,1
(27,28),1,1
(27,46),1,1
(27,47),1,1
(27,58),1,1
(27,73),1,1
(27,79),1,1
(27,90),1,1
(27,104),1,1
(27,107),1,1
(27,112),1,1
(27,130),1,1
(27,133),1,1
(27,138),1,1
(27,146),1,1
(27,149),1,1
(27,163),1,1
(27,166),1,1
(27,177),1,1
(27,179),1,1
(27,182),1,1
(28,33),1,1
(28,47),1,1
(28,48),1,1
(28,54),1,1
(28,55),1,1
(28,61),1,1
(28,62),1,1
(28,68),1,1
(28,73),1,1
(28,84),1,1
(28,92),1,1
(28,105),1,1
(28,113),1,1
(28,115),1,1
(28,127),1,1
(28,142),1,1
(28,143),1,1
(28,153),1,1
(28,156),1,1
(28,167),1,1
(28,170),1,1
(29,0),1,1
(29,3),1,1
(29,9),1,1
(29,20),1,1
(29,22),1,1
(29,26),1,1
(29,27),1,1
(29,34),1,1
(29,44),1,1
(29,59),1,1
(29,63),1,1
(29,72),1,1
(29,79),1,1
(29,84),1,1
(29,99),1,1
(29,100),1,1
(29,120),1,1
(29,124),1,1
(29,126),1,1
(29,162),1,1
(29,171),1,1
(29,173),1,1
(29,175),1,1
(29,183),1,1
(29,185),1,1
(29,190),1,1
(29,194),1,1
(29,195),1,1
(29,196),1,1
(30,9),1,1
(30,13),1,1
(30,16),1,1
(30,22),1,1
(30,24),1,1
(30,45),1,1
(30,53),1,1
(30,54),1,1
(30,55),1,1
(30,62),1,1
(30,64),1,1
(30,78),1,1
(30,79),1,1
(30,101),1,1
(30,110),1,1
(30,111),1,1
(30,136),1,1
(30,139),1,1
(30,145),1,1
(30,153),1,1
(30,170),1,1
(30,187),1,1
(31,8),1,1
(31,10),1,1
(31,17),1,1
(31,25),1,1
(31,30),1,1
(31,57),1,1
(31,60),1,1
(31,64),1,1
(31,78),1,1
(31,81),1,1
(31,82),1,1
(31,121),1,1
(31,133),1,1
(31,152),1,1
(31,169),1,1
(31,170),1,1
(31,185),1,1
(32,0),1,1
(32,3),1,1
(32,16),1,1
(32,18),1,1
(32,23),1,1
(32,29),1,1
(32,55),1,1
(32,57),1,1
(32,58),1,1
(32,61),1,1
(32,67),1,1
(32,70),1,1
(32,72),1,1
(32,91),1,1
(32,98),1,1
(32,119),1,1
(32,138),1,1
(32,140),1,1
(32,159),1,1
(32,167),1,1
(32,173),1,1
(32,182),1,1
(32,197),1,1
(33,2),1,1
(33,14),1,1
(33,35),1,1
(33,42),1,1
(33,58),1,1
(33,60),1,1
(33,65),1,1
(33,70),1,1
(33,78),1,1
(33,85),1,1
(33,120),1,1
(33,126),1,1
(33,136),1,1
(33,172),1,1
(33,182),1,1
(34,22),1,1
(34,32),1,1
(34,50),1,1
(34,54),1,1
(34,55),1,1
(34,61),1,1
(34,62),1,1
(34,67),1,1
(34,69),1,1
(34,71),1,1
(34,72),1,1
(34,73),1,1
(34,83),1,1
(34,89),1,1
(34,91),1,1
(34,97),1,1
(34,99),1,1
(34,103),1,1
(34,112),1,1
(34,145),1,1
(34,150),1,1
(34,159),1,1
(35,12),1,1
(35,28),1,1
(35,29),1,1
(35,49),1,1
(35,63),1,1
(35,100),1,1
(35,105),1,1
(35,120),1,1
(35,121),1,1
(35,127),1,1
(35,138),1,1
(35,151),1,1
(35,153),1,1
(35,171),1,1
(35,181),1,1
(35,182),1,1
(36,4),1,1
(36,8),1,1
(36,10),1,1
(36,22),1,1
(36,32),1,1
(36,58),1,1
(36,59),1,1
(36,68),1,1
(36,72),1,1
(36,76),1,1
(36,78),1,1
(36,83),1,1
(36,90),1,1
(36,96),1,1
(36,101),1,1
(36,107),1,1
(36,111),1,1
(36,120),1,1
(36,126),1,1
(36,128),1,1
(36,133),1,1
(36,134),1,1
(36,140),1,1
(36,142),1,1
(36,169),1,1
(36,172),1,1
(36,173),1,1
(36,196),1,1
(37,3),1,1
(37,4),1,1
(37,16),1,1
(37,33),1,1
(37,41),1,1
(37,45),1,1
(37,52),1,1
(37,53),1,1
(37,66),1,1
(37,81),1,1
(37,91),1,1
(37,105),1,1
(37,110),1,1
(37,112),1,1
(37,115),1,1
(37,118),1,1
(37,122),1,1
(37,125),1,1
(37,141),1,1
(37,146),1,1
(37,188),1,1
(37,194),1,1
(38,3),1,1
(38,5),1,1
(38,24),1,1
(38,44),1,1
(38,51),1,1
(38,60),1,1
(38,68),1,1
(38,69),1,1
(38,89),1,1
(38,108),1,1
(38,136),1,1
(38,143),1,1
(38,163),1,1
(38,164),1,1
(38,180),1,1
(39,6),1,1
(39,14),1,1
(39,16),1,1
(39,29),1,1
(39,34),1,1
(39,53),1,1
(39,74),1,1
(39,75),1,1
(39,99),1,1
(39,106),1,1
(39,109),1,1
(39,135),1,1
(39,143),1,1
(39,145),1,1
(39,159),1,1
(39,163),1,1
(39,168),1,1
(40,8),1,1
(40,10),1,1
(40,45),1,1
(40,51),1,1
(40,117),1,1
(40,120),1,1
(40,126),1,1
(40,127),1,1
(40,153),1,1
(40,154),1,1
(40,177),1,1
(40,188),1,1
(40,189),1,1
(40,190),1,1
(40,191),1,1
(41,7),1,1
(41,27),1,1
(41,47),1,1
(41,59),1,1
(41,69),1,1
(41,130),1,1
(41,145),1,1
(41,165),1,1
(41,170),1,1
(41,172),1,1
(41,185),1,1
(41,187),1,1
(42,1),1,1
(42,16),1,1
(42,17),1,1
(42,20),1,1
(42,32),1,1
(42,43),1,1
(42,61),1,1
(42,63),1,1
(42,86),1,1
(42,89),1,1
(42,95),1,1
(42,104),1,1
(42,126),1,1
(42,139),1,1
(42,152),1,1
(42,153),1,1
(42,165),1,1
(42,172),1,1
(42,174),1,1
(42,184),1,1
(43,3),1,1
(43,18),1,1
(43,21),1,1
(43,23),1,1
(43,30),1,1
(43,50),1,1
(43,59),1,1
(43,64),1,1
(43,65),1,1
(43,66),1,1
(43,73),1,1
(43,81),1,1
(43,96),1,1
(43,109),1,1
(43,111),1,1
(43,117),1,1
(43,122),1,1
(43,124),1,1
(43,141),1,1
(43,157),1,1
(43,159),1,1
(43,165),1,1
(43,189),1,1
(44,20),1,1
(44,23),1,1
(44,46),1,1
(44,62),1,1
(44,63),1,1
(44,64),1,1
(44,66),1,1
(44,68),1,1
(44,70),1,1
(44,79),1,1
(44,84),1,1
(44,96),1,1
(44,106),1,1
(44,116),1,1
(44,127),1,1
(44,145),1,1
(44,147),1,1
(44,156),1,1
(44,179),1,1
(44,189),1,1
(45,1),1,1
(45,28),1,1
(45,36),1,1
(45,43),1,1
(45,73),1,1
(45,80),1,1
(45,86),1,1
(45,88),1,1
(45,89),1,1
(45,92),1,1
(45,112),1,1
(45,116),1,1
(45,117),1,1
(45,121),1,1
(45,123),1,1
(45,126),1,1
(45,132),1,1
(45,142),1,1
(45,151),1,1
(45,157),1,1
(45,164),1,1
(45,165),1,1
(45,175),1,1
(45,176),1,1
(45,187),1,1
(45,196),1,1
(46,22),1,1
(46,62),1,1
(46,76),1,1
(46,82),1,1
(46,95),1,1
(46,141),1,1
(46,142),1,1
(46,151),1,1
(46,152),1,1
(46,157),1,1
(46,165),1,1
(46,170),1,1
(47,0),1,1
(47,3),1,1
(47,29),1,1
(47,39),1,1
(47,43),1,1
(47,49),1,1
(47,59),1,1
(47,62),1,1
(47,68),1,1
(47,74),1,1
(47,95),1,1
(47,125),1,1
(47,137),1,1
(47,144),1,1
(47,145),1,1
(47,147),1,1
(47,166),1,1
(47,181),1,1
(47,183),1,1
(47,193),1,1
(47,195),1,1
(48,14),1,1
(48,23),1,1
(48,32),1,1
(48,34),1,1
(48,64),1,1
(48,70),1,1
(48,87),1,1
(48,90),1,1
(48,129),1,1
(48,170),1,1
(48,172),1,1
(48,195),1,1
(49,9),1,1
(49,11),1,1
(49,27),1,1
(49,32),1,1
(49,44),1,1
(49,53),1,1
(49,61),1,1
(49,62),1,1
(49,77),1,1
(49,82),1,1
(49,113),1,1
(49,120),1,1
(49,124),1,1
(49,133),1,1
(49,134),1,1
(49,149),1,1
(49,174),1,1
(49,188),1,1
(49,191),1,1
(50,11),1,1
(50,20),1,1
(50,55),1,1
(50,56),1,1
(50,61),1,1
(50,66),1,1
(50,80),1,1
(50,81),1,1
(50,87),1,1
(50,95),1,1
(50,99),1,1
(50,104),1,1
(50,114),1,1
(50,117),1,1
(50,125),1,1
(50,126),1,1
(50,132),1,1
(50,133),1,1
(50,140),1,1
(50,149),1,1
(50,158),1,1
(50,167),1,1
(50,170),1,1
(50,177),1,1
(50,187),1,1
(50,188),1,1
(51,2),1,1
(51,5),1,1
(51,9),1,1
(51,24),1,1
(51,26),1,1
(51,34),1,1
(51,35),1,1
(51,43),1,1
(51,44),1,1
(51,69),1,1
(51,73),1,1
(51,90),1,1
(51,108),1,1
(51,114),1,1
(51,119),1,1
(51,120),1,1
(51,131),1,1
(51,132),1,1
(51,137),1,1
(51,138),1,1
(51,151),1,1
(51,162),1,1
(51,164),1,1
(51,181),1,1
(51,185),1,1
(51,191),1,1
(52,16),1,1
(52,60),1,1
(52,67),1,1
(52,69),1,1
(52,70),1,1
(52,100),1,1
(52,109),1,1
(52,119),1,1
(52,140),1,1
(52,143),1,1
(52,153),1,1
(52,170),1,1
(52,181),1,1
(52,193),1,1
(52,197),1,1
(53,10),1,1
(53,16),1,1
(53,20),1,1
(53,31),1,1
(53,35),1,1
(53,37),1,1
(53,43),1,1
(53,50),1,1
(53,56),1,1
(53,60),1,1
(53,62),1,1
(53,63),1,1
(53,78),1,1
(53,103),1,1
(53,114),1,1
(53,122),1,1
(53,137),1,1
(53,143),1,1
(53,163),1,1
(53,172),1,1
(53,177),1,1
(53,179),1,1
(53,185),1,1
(53,195),1,1
(54,26),1,1
(54,27),1,1
(54,29),1,1
(54,36),1,1
(54,49),1,1
(54,55),1,1
(54,68),1,1
(54,74),1,1
(54,87),1,1
(54,99),1,1
(54,102),1,1
(54,123),1,1
(54,132),1,1
(54,136),1,1
(54,157),1,1
(54,174),1,1
(54,186),1,1
(54,190),1,1
(54,194),1,1
(55,5),1,1
(55,23),1,1
(55,31),1,1
(55,40),1,1
(55,52),1,1
(55,57),1,1
(55,63),1,1
(55,64),1,1
(55,84),1,1
(55,99),1,1
(55,104),1,1
(55,108),1,1
(55,127),1,1
(55,135),1,1
(55,142),1,1
(55,144),1,1
(55,151),1,1
(55,154),1,1
(55,158),1,1
(55,160),1,1
(55,172),1,1
(55,179),1,1
(55,182),1,1
(56,10),1,1
(56,18),1,1
(56,26),1,1
(56,51),1,1
(56,53),1,1
(56,61),1,1
(56,74),1,1
(56,78),1,1
(56,87),1,1
(56,122),1,1
(56,135),1,1
(56,144),1,1
(56,162),1,1
(57,18),1,1
(57,20),1,1
(57,39),1,1
(57,50),1,1
(57,69),1,1
(57,82),1,1
(57,95),1,1
(57,98),1,1
(57,120),1,1
(57,126),1,1
(57,129),1,1
(57,133),1,1
(57,150),1,1
(57,169),1,1
(57,174),1,1
(57,184),1,1
(57,195),1,1
(57,199),1,1
(58,13),1,1
(58,36),1,1
(58,49),1,1
(58,55),1,1
(58,59),1,1
(58,69),1,1
(58,72),1,1
(58,130),1,1
(58,141),1,1
(58,142),1,1
(58,147),1,1
(58,150),1,1
(58,151),1,1
(58,157),1,1
(58,167),1,1
(58,169),1,1
(58,171),1,1
(59,7),1,1
(59,9),1,1
(59,15),1,1
(59,24),1,1
(59,37),1,1
(59,39),1,1
(59,41),1,1
(59,49),1,1
(59,54),1,1
(59,58),1,1
(59,65),1,1
(59,90),1,1
(59,91),1,1
(59,110),1,1
(59,117),1,1
(59,122),1,1
(59,144),1,1
(59,145),1,1
(59,161),1,1
(59,165),1,1
(59,170),1,1
(59,171),1,1
(59,185),1,1
(59,196),1,1
(60,33),1,1
(60,36),1,1
(60,55),1,1
(60,66),1,1
(60,73),1,1
(60,79),1,1
(60,80),1,1
(60,93),1,1
(60,95),1,1
(60,117),1,1
(60,129),1,1
(60,148),1,1
(60,175),1,1
(60,176),1,1
(60,183),1,1
(60,192),1,1
(61,4),1,1
(61,21),1,1
(61,28),1,1
(61,41),1,1
(61,42),1,1
(61,66),1,1
(61,82),1,1
(61,103),1,1
(61,106),1,1
(61,115),1,1
(61,123),1,1
(61,150),1,1
(61,159),1,1
(61,172),1,1
(61,173),1,1
(61,186),1,1
(62,9),1,1
(62,18),1,1
(62,20),1,1
(62,25),1,1
(62,38),1,1
(62,45),1,1
(62,56),1,1
(62,64),1,1
(62,74),1,1
(62,82),1,1
(62,83),1,1
(62,114),1,1
(62,119),1,1
(62,142),1,1
(62,163),1,1
(62,166),1,1
(62,175),1,1
(62,179),1,1
(62,180),1,1
(62,185),1,1
(62,189),1,1
(62,191),1,1
(62,196),1,1
(63,26),1,1
(63,34),1,1
(63,54),1,1
(63,62),1,1
(63,64),1,1
(63,75),1,1
(63,82),1,1
(63,84),1,1
(63,88),1,1
(63,98),1,1
(63,103),1,1
(63,106),1,1
(63,110),1,1
(63,117),1,1
(63,119),1,1
(63,136),1,1
(63,140),1,1
(63,141),1,1
(63,147),1,1
(63,149),1,1
(63,165),1,1
(63,166),1,1
(63,167),1,1
(63,175),1,1
(63,190),1,1
(64,28),1,1
(64,37),1,1
(64,56),1,1
(64,59),1,1
(64,62),1,1
(64,67),1,1
(64,70),1,1
(64,89),1,1
(64,90),1,1
(64,133),1,1
(64,140),1,1
(64,143),1,1
(64,153),1,1
(64,158),1,1
(64,163),1,1
(64,197),1,1
(65,25),1,1
(65,36),1,1
(65,45),1,1
(65,51),1,1
(65,60),1,1
(65,62),1,1
(65,73),1,1
(65,74),1,1
(65,75),1,1
(65,86),1,1
(65,92),1,1
(65,93),1,1
(65,100),1,1
(65,110),1,1
(65,117),1,1
(65,120),1,1
(65,133),1,1
(65,136),1,1
(65,138),1,1
(65,156),1,1
(65,160),1,1
(65,164),1,1
(65,180),1,1
(65,191),1,1
(65,198),1,1
(66,18),1,1
(66,20),1,1
(66,22),1,1
(66,25),1,1
(66,68),1,1
(66,75),1,1
(66,78),1,1
(66,103),1,1
(66,104),1,1
(66,106),1,1
(66,121),1,1
(66,124),1,1
(66,129),1,1
(66,132),1,1
(66,136),1,1
(66,154),1,1
(66,167),1,1
(66,172),1,1
(66,173),1,1
(66,179),1,1
(67,47),1,1
(67,51),1,1
(67,55),1,1
(67,56),1,1
(67,58),1,1
(67,86),1,1
(67,102),1,1
(67,105),1,1
(67,111),1,1
(67,127),1,1
(67,141),1,1
(67,144),1,1
(67,148),1,1
(67,151),1,1
(67,159),1,1
(67,186),1,1
(68,11),1,1
(68,41),1,1
(68,54),1,1
(68,74),1,1
(68,80),1,1
(68,82),1,1
(68,83),1,1
(68,94),1,1
(68,100),1,1
(68,117),1,1
(68,125),1,1
(68,132),1,1
(68,138),1,1
(68,148),1,1
(68,149),1,1
(68,154),1,1
(68,155),1,1
(68,161),1,1
(68,166),1,1
(68,172),1,1
(68,185),1,1
(68,191),1,1
(68,195),1,1
(69,10),1,1
(69,44),1,1
(69,45),1,1
(69,61),1,1
(69,66),1,1
(69,68),1,1
(69,70),1,1
(69,102),1,1
(69,123),1,1
(69,188),1,1
(70,4),1,1
(70,9),1,1
(70,18),1,1
(70,22),1,1
(70,24),1,1
(70,36),1,1
(70,38),1,1
(70,46),1,1
(70,51),1,1
(70,55),1,1
(70,64),1,1
(70,69),1,1
(70,80),1,1
(70,112),1,1
(70,123),1,1
(70,136),1,1
(70,170),1,1
(70,178),1,1
(70,189),1,1
(70,196),1,1
(70,197),1,1
(71,0),1,1
(71,12),1,1
(71,41),1,1
(71,48),1,1
(71,81),1,1
(71,83),1,1
(71,86),1,1
(71,90),1,1
(71,93),1,1
(71,101),1,1
(71,130),1,1
(71,162),1,1
(71,188),1,1
(71,193),1,1
(72,5),1,1
(72,6),1,1
(72,7),1,1
(72,13),1,1
(72,21),1,1
(72,31),1,1
(72,39),1,1
(72,51),1,1
(72,64),1,1
(72,67),1,1
(72,77),1,1
(72,87),1,1
(72,103),1,1
(72,122),1,1
(72,130),1,1
(72,141),1,1
(72,157),1,1
(72,161),1,1
(72,185),1,1
(73,59),1,1
(73,61),1,1
(73,86),1,1
(73,110),1,1
(73,113),1,1
(73,123),1,1
(73,156),1,1
(73,159),1,1
(73,164),1,1
(73,167),1,1
(73,168),1,1
(73,170),1,1
(73,171),1,1
(73,173),1,1
(73,185),1,1
(73,192),1,1
(74,33),1,1
(74,48),1,1
(74,51),1,1
(74,73),1,1
(74,78),1,1
(74,82),1,1
(74,88),1,1
(74,98),1,1
(74,107),1,1
(74,122),1,1
(74,128),1,1
(74,129),1,1
(74,136),1,1
(74,137),1,1
(74,164),1,1
(74,171),1,1
(74,172),1,1
(74,173),1,1
(74,180),1,1
(75,7),1,1
(75,12),1,1
(75,15),1,1
(75,22),1,1
(75,27),1,1
(75,29),1,1
(75,38),1,1
(75,46),1,1
(75,102),1,1
(75,103),1,1
(75,118),1,1
(75,120),1,1
(75,130),1,1
(75,148),1,1
(75,149),1,1
(75,151),1,1
(75,190),1,1
(76,12),1,1
(76,20),1,1
(76,32),1,1
(76,40),1,1
(76,47),1,1
(76,51),1,1
(76,55),1,1
(76,73),1,1
(76,74),1,1
(76,78),1,1
(76,94),1,1
(76,101),1,1
(76,105),1,1
(76,106),1,1
(76,111),1,1
(76,117),1,1
(76,119),1,1
(76,122),1,1
(76,128),1,1
(76,138),1,1
(76,146),1,1
(76,171),1,1
(76,177),1,1
(76,191),1,1
(76,198),1,1
(76,199),1,1
(77,14),1,1
(77,18),1,1
(77,25),1,1
(77,33),1,1
(77,73),1,1
(77,88),1,1
(77,100),1,1
(77,102),1,1
(77,121),1,1
(77,146),1,1
(77,151),1,1
(77,157),1,1
(77,165),1,1
(77,168),1,1
(77,169),1,1
(77,171),1,1
(77,175),1,1
(77,199),1,1
(78,4),1,1
(78,19),1,1
(78,33),1,1
(78,37),1,1
(78,43),1,1
(78,57),1,1
(78,58),1,1
(78,66),1,1
(78,80),1,1
(78,81),1,1
(78,86),1,1
(78,90),1,1
(78,103),1,1
(78,125),1,1
(78,127),1,1
(78,135),1,1
(78,141),1,1
(78,189),1,1
(79,12),1,1
(79,27),1,1
(79,40),1,1
(79,62),1,1
(79,67),1,1
(79,95),1,1
(79,110),1,1
(79,120),1,1
(79,122),1,1
(79,126),1,1
(79,134),1,1
(79,136),1,1
(79,137),1,1
(79,146),1,1
(79,173),1,1
(79,174),1,1
(79,178),1,1
(79,183),1,1
(79,199),1,1
(80,4),1,1
(80,13),1,1
(80,14),1,1
(80,16),1,1
(80,17),1,1
(80,18),1,1
(80,27),1,1
(80,40),1,1
(80,43),1,1
(80,45),1,1
(80,53),1,1
(80,74),1,1
(80,112),1,1
(80,114),1,1
(80,124),1,1
(80,134),1,1
(80,135),1,1
(80,150),1,1
(80,170),1,1
(80,177),1,1
(80,191),1,1
(80,193),1,1
(80,197),1,1
(80,198),1,1
(81,1),1,1
(81,7),1,1
(81,11),1,1
(81,26),1,1
(81,36),1,1
(81,37),1,1
(81,55),1,1
(81,68),1,1
(81,98),1,1
(81,114),1,1
(81,132),1,1
(81,146),1,1
(81,149),1,1
(81,150),1,1
(81,156),1,1
(81,166),1,1
(81,174),1,1
(81,175),1,1
(81,186),1,1
(81,189),1,1
(81,199),1,1
(82,18),1,1
(82,25),1,1
(82,31),1,1
(82,38),1,1
(82,75),1,1
(82,76),1,1
(82,83),1,1
(82,104),1,1
(82,114),1,1
(82,116),1,1
(82,138),1,1
(82,140),1,1
(82,147),1,1
(82,155),1,1
(82,177),1,1
(82,188),1,1
(82,194),1,1
(82,195),1,1
(82,199),1,1
(83,4),1,1
(83,6),1,1
(83,7),1,1
(83,14),1,1
(83,29),1,1
(83,40),1,1
(83,54),1,1
(83,56),1,1
(83,58),1,1
(83,65),1,1
(83,79),1,1
(83,80),1,1
(83,87),1,1
(83,88),1,1
(83,92),1,1
(83,101),1,1
(83,124),1,1
(83,125),1,1
(83,127),1,1
(83,138),1,1
(83,147),1,1
(83,164),1,1
(83,168),1,1
(83,184),1,1
(83,186),1,1
(83,187),1,1
(84,11),1,1
(84,15),1,1
(84,28),1,1
(84,58),1,1
(84,70),1,1
(84,75),1,1
(84,83),1,1
(84,87),1,1
(84,89),1,1
(84,101),1,1
(84,103),1,1
(84,108),1,1
(84,114),1,1
(84,116),1,1
(84,127),1,1
(84,140),1,1
(84,143),1,1
(84,149),1,1
(84,151),1,1
(84,152),1,1
(84,164),1,1
(84,188),1,1
(85,17),1,1
(85,22),1,1
(85,31),1,1
(85,33),1,1
(85,54),1,1
(85,65),1,1
(85,77),1,1
(85,82),1,1
(85,83),1,1
(85,86),1,1
(85,110),1,1
(85,121),1,1
(85,132),1,1
(85,135),1,1
(85,144),1,1
(85,147),1,1
(85,155),1,1
(85,161),1,1
(85,166),1,1
(85,171),1,1
(85,172),1,1
(85,190),1,1
(86,0),1,1
(86,3),1,1
(86,14),1,1
(86,25),1,1
(86,49),1,1
(86,56),1,1
(86,57),1,1
(86,83),1,1
(86,97),1,1
(86,102),1,1
(86,111),1,1
(86,116),1,1
(86,121),1,1
(86,133),1,1
(86,147),1,1
(86,181),1,1
(86,190),1,1
(87,4),1,1
(87,13),1,1
(87,27),1,1
(87,28),1,1
(87,42),1,1
(87,44),1,1
(87,45),1,1
(87,53),1,1
(87,55),1,1
(87,57),1,1
(87,61),1,1
(87,85),1,1
(87,96),1,1
(87,99),1,1
(87,100),1,1
(87,104),1,1
(87,105),1,1
(87,111),1,1
(87,112),1,1
(87,137),1,1
(87,140),1,1
(87,148),1,1
(87,149),1,1
(87,159),1,1
(87,164),1,1
(87,167),1,1
(87,170),1,1
(87,175),1,1
(87,177),1,1
(87,178),1,1
(87,182),1,1
(87,198),1,1
(88,7),1,1
(88,25),1,1
(88,33),1,1
(88,38),1,1
(88,48),1,1
(88,50),1,1
(88,57),1,1
(88,67),1,1
(88,83),1,1
(88,92),1,1
(88,102),1,1
(88,103),1,1
(88,112),1,1
(88,113),1,1
(88,118),1,1
(88,137),1,1
(88,158),1,1
(88,163),1,1
(88,173),1,1
(88,188),1,1
(88,195),1,1
(89,8),1,1
(89,25),1,1
(89,27),1,1
(89,31),1,1
(89,33),1,1
(89,38),1,1
(89,48),1,1
(89,57),1,1
(89,86),1,1
(89,101),1,1
(89,110),1,1
(89,127),1,1
(89,128),1,1
(89,144),1,1
(89,152),1,1
(89,156),1,1
(89,160),1,1
(89,168),1,1
(89,169),1,1
(89,173),1,1
(89,178),1,1
(89,188),1,1
(89,199),1,1
(90,1),1,1
(90,9),1,1
(90,14),1,1
(90,31),1,1
(90,37),1,1
(90,44),1,1
(90,47),1,1
(90,58),1,1
(90,61),1,1
(90,76),1,1
(90,78),1,1
(90,93),1,1
(90,119),1,1
(90,120),1,1
(90,132),1,1
(90,154),1,1
(90,183),1,1
(91,5),1,1
(91,6),1,1
(91,17),1,1
(91,25),1,1
(91,33),1,1
(91,38),1,1
(91,44),1,1
(91,62),1,1
(91,66),1,1
(91,70),1,1
(91,77),1,1
(91,98),1,1
(91,106),1,1
(91,126),1,1
(91,134),1,1
(91,138),1,1
(91,142),1,1
(91,176),1,1
(91,178),1,1
(91,181),1,1
(91,185),1,1
(91,186),1,1
(91,193),1,1
(91,195),1,1
(92,11),1,1
(92,25),1,1
(92,45),1,1
(92,53),1,1
(92,67),1,1
(92,68),1,1
(92,71),1,1
(92,72),1,1
(92,86),1,1
(92,94),1,1
(92,99),1,1
(92,114),1,1
(92,127),1,1
(92,132),1,1
(92,150),1,1
(92,158),1,1
(92,174),1,1
(92,181),1,1
(92,191),1,1
(93,1),1,1
(93,6),1,1
(93,18),1,1
(93,22),1,1
(93,26),1,1
(93,39),1,1
(93,55),1,1
(93,62),1,1
(93,66),1,1
(93,80),1,1
(93,85),1,1
(93,106),1,1
(93,114),1,1
(93,116),1,1
(93,120),1,1
(93,122),1,1
(93,131),1,1
(93,148),1,1
(93,162),1,1
(94,2),1,1
(94,3),1,1
(94,5),1,1
(94,14),1,1
(94,17),1,1
(94,20),1,1
(94,64),1,1
(94,71),1,1
(94,100),1,1
(94,116),1,1
(94,117),1,1
(94,118),1,1
(94,127),1,1
(94,150),1,1
(94,152),1,1
(94,176),1,1
(94,183),1,1
(94,185),1,1
(95,1),1,1
(95,24),1,1
(95,31),1,1
(95,41),1,1
(95,43),1,1
(95,61),1,1
(95,80),1,1
(95,85),1,1
(95,86),1,1
(95,91),1,1
(95,93),1,1
(95,98),1,1
(95,102),1,1
(95,112),1,1
(95,113),1,1
(95,130),1,1
(95,139),1,1
(95,140),1,1
(95,148),1,1
(95,153),1,1
(95,155),1,1
(95,158),1,1
(95,161),1,1
(95,167),1,1
(95,185),1,1
(96,15),1,1
(96,17),1,1
(96,23),1,1
(96,28),1,1
(96,34),1,1
(96,40),1,1
(96,55),1,1
(96,58),1,1
(96,64),1,1
(96,83),1,1
(96,95),1,1
(96,104),1,1
(96,111),1,1
(96,112),1,1
(96,130),1,1
(96,176),1,1
(96,179),1,1
(97,25),1,1
(97,30),1,1
(97,39),1,1
(97,45),1,1
(97,69),1,1
(97,73),1,1
(97,83),1,1
(97,90),1,1
(97,92),1,1
(97,102),1,1
(97,111),1,1
(97,115),1,1
(97,118),1,1
(97,120),1,1
(97,139),1,1
(97,145),1,1
(97,165),1,1
(97,172),1,1
(97,189),1,1
(97,194),1,1
(98,1),1,1
(98,10),1,1
(98,11),1,1
(98,52),1,1
(98,63),1,1
(98,71),1,1
(98,81),1,1
(98,101),1,1
(98,107),1,1
(98,123),1,1
(98,124),1,1
(98,136),1,1
(98,139),1,1
(98,154),1,1
(98,170),1,1
(98,178),1,1
(98,189),1,1
(98,194),1,1
(98,197),1,1
(99,1),1,1
(99,8),1,1
(99,20),1,1
(99,36),1,1
(99,64),1,1
(99,69),1,1
(99,75),1,1
(99,82),1,1
(99,92),1,1
(99,93),1,1
(99,131),1,1
(99,143),1,1
(99,146),1,1
(99,163),1,1
(99,167),1,1
(100,9),1,1
(100,13),1,1
(100,23),1,1
(100,36),1,1
(100,37),1,1
(100,43),1,1
(100,52),1,1
(100,57),1,1
(100,60),1,1
(100,64),1,1
(100,82),1,1
(100,93),1,1
(100,115),1,1
(100,118),1,1
(100,125),1,1
(100,128),1,1
(100,135),1,1
(100,138),1,1
(100,149),1,1
(100,158),1,1
(100,169),1,1
(100,173),1,1
(100,182),1,1
(100,187),1,1
(101,0),1,1
(101,3),1,1
(101,9),1,1
(101,38),1,1
(101,43),1,1
(101,44),1,1
(101,50),1,1
(101,58),1,1
(101,67),1,1
(101,68),1,1
(101,80),1,1
(101,82),1,1
(101,120),1,1
(101,139),1,1
(101,145),1,1
(101,161),1,1
(101,162),1,1
(101,168),1,1
(101,187),1,1
(101,197),1,1
(101,199),1,1
(102,0),1,1
(102,3),1,1
(102,33),1,1
(102,36),1,1
(102,40),1,1
(102,47),1,1
(102,48),1,1
(102,57),1,1
(102,59),1,1
(102,79),1,1
(102,95),1,1
(102,104),1,1
(102,125),1,1
(102,130),1,1
(102,132),1,1
(102,142),1,1
(102,151),1,1
(102,173),1,1
(102,177),1,1
(102,181),1,1
(102,195),1,1
(103,52),1,1
(103,64),1,1
(103,74),1,1
(103,94),1,1
(103,134),1,1
(103,145),1,1
(103,152),1,1
(103,185),1,1
(103,198),1,1
(104,20),1,1
(104,33),1,1
(104,39),1,1
(104,43),1,1
(104,56),1,1
(104,61),1,1
(104,64),1,1
(104,76),1,1
(104,83),1,1
(104,108),1,1
(104,152),1,1
(104,154),1,1
(104,163),1,1
(104,164),1,1
(104,168),1,1
(104,170),1,1
(105,33),1,1
(105,39),1,1
(105,45),1,1
(105,78),1,1
(105,79),1,1
(105,87),1,1
(105,117),1,1
(105,127),1,1
(105,137),1,1
(105,143),1,1
(105,147),1,1
(105,149),1,1
(105,166),1,1
(105,168),1,1
(105,180),1,1
(105,184),1,1
(105,192),1,1
(105,194),1,1
(106,12),1,1
(106,14),1,1
(106,32),1,1
(106,36),1,1
(106,46),1,1
(106,58),1,1
(106,119),1,1
(106,134),1,1
(106,136),1,1
(106,144),1,1
(106,169),1,1
(107,0),1,1
(107,3),1,1
(107,41),1,1
(107,54),1,1
(107,60),1,1
(107,90),1,1
(107,98),1,1
(107,108),1,1
(107,120),1,1
(107,136),1,1
(107,138),1,1
(107,144),1,1
(107,175),1,1
(107,179),1,1
(107,184),1,1
(107,185),1,1
(107,186),1,1
(107,187),1,1
(108,23),1,1
(108,76),1,1
(108,91),1,1
(108,97),1,1
(108,116),1,1
(108,117),1,1
(108,124),1,1
(108,127),1,1
(108,128),1,1
(108,130),1,1
(108,144),1,1
(108,165),1,1
(108,179),1,1
(108,196),1,1
(109,0),1,1
(109,1),1,1
(109,4),1,1
(109,31),1,1
(109,41),1,1
(109,55),1,1
(109,59),1,1
(109,74),1,1
(109,79),1,1
(109,80),1,1
(109,102),1,1
(109,122),1,1
(109,136),1,1
(109,138),1,1
(109,141),1,1
(109,164),1,1
(109,184),1,1
(109,193),1,1
(109,194),1,1
(110,4),1,1
(110,9),1,1
(110,36),1,1
(110,37),1,1
(110,60),1,1
(110,68),1,1
(110,79),1,1
(110,87),1,1
(110,91),1,1
(110,100),1,1
(110,108),1,1
(110,115),1,1
(110,124),1,1
(110,148),1,1
(110,182),1,1
(110,185),1,1
(110,194),1,1
(110,199),1,1
(111,9),1,1
(111,19),1,1
(111,21),1,1
(111,25),1,1
(111,31),1,1
(111,65),1,1
(111,81),1,1
(111,112),1,1
(111,121),1,1
(111,127),1,1
(111,131),1,1
(111,132),1,1
(111,163),1,1
(111,168),1,1
(111,176),1,1
(111,195),1,1
(112,23),1,1
(112,36),1,1
(112,46),1,1
(112,59),1,1
(112,69),1,1
(112,79),1,1
(112,84),1,1
(112,85),1,1
(112,88),1,1
(112,91),1,1
(112,95),1,1
(112,96),1,1
(112,100),1,1
(112,104),1,1
(112,119),1,1
(112,120),1,1
(112,137),1,1
(112,155),1,1
(112,188),1,1
(113,5),1,1
(113,12),1,1
(113,47),1,1
(113,64),1,1
(113,73),1,1
(113,77),1,1
(113,82),1,1
(113,110),1,1
(113,120),1,1
(113,153),1,1
(113,155),1,1
(113,166),1,1
(113,168),1,1
(113,192),1,1
(114,11),1,1
(114,38),1,1
(114,40),1,1
(114,42),1,1
(114,83),1,1
(114,88),1,1
(114,144),1,1
(114,153),1,1
(114,154),1,1
(114,175),1,1
(114,197),1,1
(115,3),1,1
(115,9),1,1
(115,53),1,1
(115,67),1,1
(115,94),1,1
(115,99),1,1
(115,104),1,1
(115,109),1,1
(115,110),1,1
(115,117),1,1
(115,120),1,1
(115,121),1,1
(115,124),1,1
(115,188),1,1
(116,23),1,1
(116,28),1,1
(116,39),1,1
(116,40),1,1
(116,44),1,1
(116,51),1,1
(116,60),1,1
(116,64),1,1
(116,70),1,1
(116,123),1,1
(116,141),1,1
(116,146),1,1
(116,147),1,1
(116,153),1,1
(116,154),1,1
(116,169),1,1
(116,172),1,1
(116,174),1,1
(116,176),1,1
(116,191),1,1
(117,62),1,1
(117,78),1,1
(117,81),1,1
(117,89),1,1
(117,100),1,1
(117,104),1,1
(117,140),1,1
(117,164),1,1
(117,174),1,1
(117,183),1,1
(118,6),1,1
(118,17),1,1
(118,34),1,1
(118,36),1,1
(118,44),1,1
(118,45),1,1
(118,48),1,1
(118,56),1,1
(118,73),1,1
(118,84),1,1
(118,85),1,1
(118,91),1,1
(118,96),1,1
(118,104),1,1
(118,113),1,1
(118,114),1,1
(118,129),1,1
(118,136),1,1
(118,145),1,1
(118,154),1,1
(118,158),1,1
(118,180),1,1
(119,2),1,1
(119,7),1,1
(119,19),1,1
(119,25),1,1
(119,36),1,1
(119,39),1,1
(119,40),1,1
(119,54),1,1
(119,69),1,1
(119,70),1,1
(119,83),1,1
(119,88),1,1
(119,93),1,1
(119,106),1,1
(119,123),1,1
(119,128),1,1
(119,130),1,1
(119,145),1,1
(119,146),1,1
(119,152),1,1
(119,158),1,1
(119,198),1,1
(120,17),1,1
(120,28),1,1
(120,33),1,1
(120,35),1,1
(120,37),1,1
(120,60),1,1
(120,81),1,1
(120,91),1,1
(120,98),1,1
(120,104),1,1
(120,116),1,1
(120,121),1,1
(120,124),1,1
(120,125),1,1
(120,127),1,1
(120,143),1,1
(120,153),1,1
(120,177),1,1
(120,182),1,1
(121,1),1,1
(121,7),1,1
(121,14),1,1
(121,18),1,1
(121,35),1,1
(121,36),1,1
(121,46),1,1
(121,50),1,1
(121,51),1,1
(121,57),1,1
(121,62),1,1
(121,96),1,1
(121,99),1,1
(121,104),1,1
(121,116),1,1
(121,125),1,1
(121,127),1,1
(121,129),1,1
(121,143),1,1
(121,144),1,1
(121,157),1,1
(121,170),1,1
(121,173),1,1
(121,176),1,1
(121,186),1,1
(121,190),1,1
(121,196),1,1
(121,199),1,1
(122,1),1,1
(122,36),1,1
(122,46),1,1
(122,59),1,1
(122,65),1,1
(122,67),1,1
(122,71),1,1
(122,78),1,1
(122,79),1,1
(122,94),1,1
(122,124),1,1
(122,145),1,1
(122,157),1,1
(122,158),1,1
(122,167),1,1
(122,176),1,1
(122,180),1,1
(122,193),1,1
(122,197),1,1
(123,0),1,1
(123,7),1,1
(123,22),1,1
(123,37),1,1
(123,70),1,1
(123,95),1,1
(123,116),1,1
(123,118),1,1
(123,138),1,1
(123,144),1,1
(123,145),1,1
(123,162),1,1
(123,175),1,1
(123,176),1,1
(123,190),1,1
(123,193),1,1
(124,14),1,1
(124,15),1,1
(124,27),1,1
(124,45),1,1
(124,60),1,1
(124,84),1,1
(124,90),1,1
(124,102),1,1
(124,115),1,1
(124,118),1,1
(124,125),1,1
(124,173),1,1
(124,175),1,1
(124,181),1,1
(124,182),1,1
(124,185),1,1
(124,192),1,1
(124,195),1,1
(125,6),1,1
(125,15),1,1
(125,18),1,1
(125,81),1,1
(125,90),1,1
(125,115),1,1
(125,120),1,1
(125,127),1,1
(125,129),1,1
(125,130),1,1
(125,134),1,1
(125,140),1,1
(125,152),1,1
(125,166),1,1
(125,180),1,1
(126,1),1,1
(126,2),1,1
(126,10),1,1
(126,18),1,1
(126,29),1,1
(126,44),1,1
(126,52),1,1
(126,64),1,1
(126,73),1,1
(126,92),1,1
(126,97),1,1
(126,114),1,1
(126,123),1,1
(126,131),1,1
(126,142),1,1
(126,148),1,1
(126,152),1,1
(126,160),1,1
(126,167),1,1
(126,171),1,1
(126,182),1,1
(126,187),1,1
(126,198),1,1
(127,8),1,1
(127,20),1,1
(127,29),1,1
(127,41),1,1
(127,52),1,1
(127,55),1,1
(127,57),1,1
(127,64),1,1
(127,71),1,1
(127,78),1,1
(127,84),1,1
(127,87),1,1
(127,96),1,1
(127,114),1,1
(127,117),1,1
(127,124),1,1
(127,138),1,1
(127,162),1,1
(127,192),1,1
(127,194),1,1
(128,6),1,1
(128,14),1,1
(128,38),1,1
(128,42),1,1
(128,44),1,1
(128,46),1,1
(128,47),1,1
(128,58),1,1
(128,59),1,1
(128,71),1,1
(128,73),1,1
(128,89),1,1
(128,92),1,1
(128,100),1,1
(128,110),1,1
(128,120),1,1
(128,138),1,1
(128,159),1,1
(128,168),1,1
(128,178),1,1
(128,181),1,1
(128,183),1,1
(128,185),1,1
(128,191),1,1
(128,197),1,1
(129,6),1,1
(129,25),1,1
(129,41),1,1
(129,47),1,1
(129,53),1,1
(129,67),1,1
(129,75),1,1
(129,94),1,1
(129,96),1,1
(129,107),1,1
(129,122),1,1
(129,161),1,1
(129,173),1,1
(129,174),1,1
(129,176),1,1
(129,181),1,1
(129,188),1,1
(129,191),1,1
(129,198),1,1
(130,10),1,1
(130,16),1,1
(130,20),1,1
(130,21),1,1
(130,25),1,1
(130,34),1,1
(130,57),1,1
(130,64),1,1
(130,69),1,1
(130,78),1,1
(130,84),1,1
(130,87),1,1
(130,97),1,1
(130,98),1,1
(130,125),1,1
(130,149),1,1
(130,153),1,1
(130,157),1,1
(130,178),1,1
(130,183),1,1
(130,199),1,1
(131,4),1,1
(131,6),1,1
(131,8),1,1
(131,9),1,1
(131,25),1,1
(131,34),1,1
(131,38),1,1
(131,41),1,1
(131,42),1,1
(131,51),1,1
(131,75),1,1
(131,85),1,1
(131,123),1,1
(131,147),1,1
(131,154),1,1
(131,156),1,1
(131,162),1,1
(131,168),1,1
(131,189),1,1
(131,196),1,1
(131,197),1,1
(131,199),1,1
(132,24),1,1
(132,34),1,1
(132,68),1,1
(132,70),1,1
(132,99),1,1
(132,102),1,1
(132,106),1,1
(132,120),1,1
(132,129),1,1
(132,139),1,1
(132,146),1,1
(132,151),1,1
(132,172),1,1
(132,173),1,1
(132,177),1,1
(132,180),1,1
(133,3),1,1
(133,4),1,1
(133,11),1,1
(133,13),1,1
(133,34),1,1
(133,41),1,1
(133,45),1,1
(133,62),1,1
(133,68),1,1
(133,88),1,1
(133,118),1,1
(133,121),1,1
(133,122),1,1
(133,151),1,1
(133,165),1,1
(133,181),1,1
(133,187),1,1
(133,189),1,1
(133,191),1,1
(134,4),1,1
(134,15),1,1
(134,17),1,1
(134,22),1,1
(134,23),1,1
(134,33),1,1
(134,37),1,1
(134,46),1,1
(134,52),1,1
(134,63),1,1
(134,65),1,1
(134,71),1,1
(134,94),1,1
(134,98),1,1
(134,100),1,1
(134,118),1,1
(134,121),1,1
(134,147),1,1
(134,148),1,1
(134,151),1,1
(134,158),1,1
(134,166),1,1
(135,4),1,1
(135,60),1,1
(135,97),1,1
(135,107),1,1
(135,108),1,1
(135,122),1,1
(135,130),1,1
(135,139),1,1
(135,152),1,1
(135,161),1,1
(135,162),1,1
(135,175),1,1
(135,179),1,1
(135,186),1,1
(135,187),1,1
(135,189),1,1
(136,7),1,1
(136,26),1,1
(136,38),1,1
(136,68),1,1
(136,80),1,1
(136,83),1,1
(136,85),1,1
(136,99),1,1
(136,133),1,1
(136,144),1,1
(136,149),1,1
(136,151),1,1
(136,156),1,1
(136,167),1,1
(136,169),1,1
(136,173),1,1
(136,188),1,1
(137,7),1,1
(137,11),1,1
(137,21),1,1
(137,38),1,1
(137,42),1,1
(137,63),1,1
(137,79),1,1
(137,85),1,1
(137,104),1,1
(137,109),1,1
(137,111),1,1
(137,120),1,1
(137,127),1,1
(137,132),1,1
(137,142),1,1
(137,160),1,1
(137,168),1,1
(137,172),1,1
(137,192),1,1
(138,0),1,1
(138,11),1,1
(138,17),1,1
(138,28),1,1
(138,35),1,1
(138,58),1,1
(138,83),1,1
(138,87),1,1
(138,98),1,1
(138,101),1,1
(138,140),1,1
(138,155),1,1
(138,160),1,1
(138,177),1,1
(138,180),1,1
(138,185),1,1
(138,190),1,1
(139,1),1,1
(139,3),1,1
(139,12),1,1
(139,13),1,1
(139,29),1,1
(139,33),1,1
(139,43),1,1
(139,66),1,1
(139,72),1,1
(139,86),1,1
(139,90),1,1
(139,98),1,1
(139,101),1,1
(139,113),1,1
(139,114),1,1
(139,141),1,1
(139,147),1,1
(139,159),1,1
(139,172),1,1
(139,194),1,1
(140,4),1,1
(140,7),1,1
(140,9),1,1
(140,14),1,1
(140,20),1,1
(140,22),1,1
(140,27),1,1
(140,31),1,1
(140,35),1,1
(140,47),1,1
(140,49),1,1
(140,71),1,1
(140,80),1,1
(140,85),1,1
(140,87),1,1
(140,101),1,1
(140,119),1,1
(140,122),1,1
(140,127),1,1
(140,128),1,1
(140,131),1,1
(140,134),1,1
(140,144),1,1
(140,155),1,1
(140,162),1,1
(140,182),1,1
(140,190),1,1
(140,192),1,1
(141,0),1,1
(141,3),1,1
(141,20),1,1
(141,29),1,1
(141,32),1,1
(141,36),1,1
(141,45),1,1
(141,51),1,1
(141,52),1,1
(141,58),1,1
(141,76),1,1
(141,80),1,1
(141,82),1,1
(141,93),1,1
(141,117),1,1
(141,172),1,1
(141,175),1,1
(141,176),1,1
(141,189),1,1
(141,194),1,1
(142,9),1,1
(142,10),1,1
(142,15),1,1
(142,52),1,1
(142,53),1,1
(142,56),1,1
(142,59),1,1
(142,72),1,1
(142,75),1,1
(142,87),1,1
(142,112),1,1
(142,115),1,1
(142,126),1,1
(142,131),1,1
(142,147),1,1
(142,166),1,1
(142,172),1,1
(142,174),1,1
(142,179),1,1
(142,193),1,1
(142,194),1,1
(143,3),1,1
(143,5),1,1
(143,6),1,1
(143,11),1,1
(143,13),1,1
(143,14),1,1
(143,27),1,1
(143,30),1,1
(143,34),1,1
(143,42),1,1
(143,43),1,1
(143,63),1,1
(143,64),1,1
(143,77),1,1
(143,88),1,1
(143,90),1,1
(143,96),1,1
(143,99),1,1
(143,114),1,1
(143,129),1,1
(143,145),1,1
(143,153),1,1
(143,167),1,1
(143,172),1,1
(144,0),1,1
(144,12),1,1
(144,48),1,1
(144,52),1,1
(144,58),1,1
(144,67),1,1
(144,71),1,1
(144,83),1,1
(144,85),1,1
(144,90),1,1
(144,95),1,1
(144,101),1,1
(144,112),1,1
(144,123),1,1
(144,129),1,1
(144,132),1,1
(144,138),1,1
(144,145),1,1
(144,157),1,1
(144,171),1,1
(144,197),1,1
(145,18),1,1
(145,70),1,1
(145,86),1,1
(145,95),1,1
(145,108),1,1
(145,113),1,1
(145,119),1,1
(145,135),1,1
(145,137),1,1
(145,140),1,1
(145,150),1,1
(145,157),1,1
(145,165),1,1
(145,168),1,1
(145,174),1,1
(145,177),1,1
(145,180),1,1
(145,184),1,1
(145,187),1,1
(146,8),1,1
(146,22),1,1
(146,31),1,1
(146,56),1,1
(146,67),1,1
(146,71),1,1
(146,76),1,1
(146,86),1,1
(146,98),1,1
(146,107),1,1
(146,114),1,1
(146,122),1,1
(146,134),1,1
(146,136),1,1
(146,139),1,1
(146,141),1,1
(146,154),1,1
(146,195),1,1
(146,197),1,1
(147,15),1,1
(147,22),1,1
(147,24),1,1
(147,29),1,1
(147,32),1,1
(147,71),1,1
(147,86),1,1
(147,111),1,1
(147,112),1,1
(147,140),1,1
(147,161),1,1
(147,168),1,1
(147,172),1,1
(147,180),1,1
(147,197),1,1
(147,198),1,1
(148,2),1,1
(148,3),1,1
(148,6),1,1
(148,12),1,1
(148,24),1,1
(148,48),1,1
(148,61),1,1
(148,65),1,1
(148,75),1,1
(148,88),1,1
(148,108),1,1
(148,110),1,1
(148,111),1,1
(148,124),1,1
(148,135),1,1
(148,145),1,1
(148,150),1,1
(148,156),1,1
(148,166),1,1
(148,167),1,1
(148,168),1,1
(148,183),1,1
(148,198),1,1
(149,12),1,1
(149,13),1,1
(149,15),1,1
(149,17),1,1
(149,21),1,1
(149,26),1,1
(149,40),1,1
(149,61),1,1
(149,68),1,1
(149,76),1,1
(149,81),1,1
(149,110),1,1
(149,128),1,1
(149,137),1,1
(149,138),1,1
(149,163),1,1
(149,164),1,1
(149,177),1,1
(150,2),1,1
(150,14),1,1
(150,21),1,1
(150,49),1,1
(150,53),1,1
(150,69),1,1
(150,78),1,1
(150,91),1,1
(150,100),1,1
(150,114),1,1
(150,124),1,1
(150,129),1,1
(150,133),1,1
(150,139),1,1
(150,172),1,1
(151,5),1,1
(151,23),1,1
(151,25),1,1
(151,39),1,1
(151,44),1,1
(151,47),1,1
(151,53),1,1
(151,54),1,1
(151,55),1,1
(151,65),1,1
(151,69),1,1
(151,82),1,1
(151,89),1,1
(151,118),1,1
(151,133),1,1
(151,134),1,1
(151,139),1,1
(151,144),1,1
(152,8),1,1
(152,11),1,1
(152,17),1,1
(152,22),1,1
(152,25),1,1
(152,26),1,1
(152,34),1,1
(152,35),1,1
(152,38),1,1
(152,44),1,1
(152,52),1,1
(152,60),1,1
(152,85),1,1
(152,115),1,1
(152,133),1,1
(152,145),1,1
(152,151),1,1
(152,156),1,1
(152,165),1,1
(152,177),1,1
(152,180),1,1
(152,186),1,1
(153,17),1,1
(153,22),1,1
(153,23),1,1
(153,24),1,1
(153,27),1,1
(153,42),1,1
(153,60),1,1
(153,62),1,1
(153,63),1,1
(153,67),1,1
(153,82),1,1
(153,119),1,1
(153,123),1,1
(153,131),1,1
(153,136),1,1
(153,147),1,1
(153,150),1,1
(153,167),1,1
(153,175),1,1
(153,198),1,1
(154,0),1,1
(154,10),1,1
(154,13),1,1
(154,28),1,1
(154,33),1,1
(154,41),1,1
(154,66),1,1
(154,69),1,1
(154,75),1,1
(154,85),1,1
(154,95),1,1
(154,142),1,1
(154,149),1,1
(154,153),1,1
(154,164),1,1
(154,167),1,1
(154,173),1,1
(154,182),1,1
(154,186),1,1
(154,194),1,1
(155,8),1,1
(155,16),1,1
(155,19),1,1
(155,27),1,1
(155,35),1,1
(155,48),1,1
(155,49),1,1
(155,59),1,1
(155,81),1,1
(155,85),1,1
(155,92),1,1
(155,94),1,1
(155,120),1,1
(155,127),1,1
(155,142),1,1
(155,145),1,1
(155,148),1,1
(155,163),1,1
(155,171),1,1
(155,176),1,1
(156,0),1,1
(156,25),1,1
(156,30),1,1
(156,36),1,1
(156,52),1,1
(156,61),1,1
(156,65),1,1
(156,68),1,1
(156,80),1,1
(156,108),1,1
(156,109),1,1
(156,111),1,1
(156,123),1,1
(156,124),1,1
(156,152),1,1
(156,157),1,1
(156,162),1,1
(157,8),1,1
(157,9),1,1
(157,11),1,1
(157,15),1,1
(157,41),1,1
(157,42),1,1
(157,50),1,1
(157,84),1,1
(157,123),1,1
(157,133),1,1
(157,169),1,1
(157,193),1,1
(157,197),1,1
(158,1),1,1
(158,8),1,1
(158,11),1,1
(158,20),1,1
(158,35),1,1
(158,43),1,1
(158,58),1,1
(158,72),1,1
(158,84),1,1
(158,88),1,1
(158,90),1,1
(158,92),1,1
(158,94),1,1
(158,103),1,1
(158,146),1,1
(158,156),1,1
(158,160),1,1
(158,161),1,1
(158,165),1,1
(158,175),1,1
(158,176),1,1
(158,189),1,1
(158,191),1,1
(159,1),1,1
(159,4),1,1
(159,17),1,1
(159,24),1,1
(159,40),1,1
(159,56),1,1
(159,69),1,1
(159,81),1,1
(159,99),1,1
(159,105),1,1
(159,108),1,1
(159,114),1,1
(159,141),1,1
(159,164),1,1
(159,166),1,1
(159,192),1,1
(159,193),1,1
(159,197),1,1
(160,5),1,1
(160,6),1,1
(160,59),1,1
(160,62),1,1
(160,87),1,1
(160,93),1,1
(160,95),1,1
(160,120),1,1
(160,123),1,1
(160,130),1,1
(160,133),1,1
(160,142),1,1
(160,153),1,1
(160,178),1,1
(160,188),1,1
(161,1),1,1
(161,3),1,1
(161,13),1,1
(161,19),1,1
(161,44),1,1
(161,62),1,1
(161,66),1,1
(161,68),1,1
(161,105),1,1
(161,131),1,1
(161,136),1,1
(161,138),1,1
(161,143),1,1
(161,162),1,1
(161,171),1,1
(161,173),1,1
(161,187),1,1
(161,188),1,1
(161,196),1,1
(162,16),1,1
(162,29),1,1
(162,34),1,1
(162,50),1,1
(162,59),1,1
(162,88),1,1
(162,90),1,1
(162,101),1,1
(162,114),1,1
(162,115),1,1
(162,121),1,1
(162,141),1,1
(162,147),1,1
(162,184),1,1
(162,192),1,1
(163,11),1,1
(163,29),1,1
(163,30),1,1
(163,34),1,1
(163,36),1,1
(163,55),1,1
(163,73),1,1
(163,77),1,1
(163,84),1,1
(163,91),1,1
(163,115),1,1
(163,116),1,1
(163,131),1,1
(163,147),1,1
(163,159),1,1
(163,160),1,1
(163,174),1,1
(163,179),1,1
(163,181),1,1
(163,186),1,1
(163,190),1,1
(163,196),1,1
(164,7),1,1
(164,21),1,1
(164,29),1,1
(164,43),1,1
(164,44),1,1
(164,49),1,1
(164,55),1,1
(164,74),1,1
(164,78),1,1
(164,89),1,1
(164,105),1,1
(164,119),1,1
(164,122),1,1
(164,129),1,1
(164,147),1,1
(164,155),1,1
(164,165),1,1
(164,167),1,1
(164,187),1,1
(164,189),1,1
(165,13),1,1
(165,16),1,1
(165,27),1,1
(165,38),1,1
(165,39),1,1
(165,43),1,1
(165,46),1,1
(165,74),1,1
(165,79),1,1
(165,83),1,1
(165,84),1,1
(165,90),1,1
(165,91),1,1
(165,115),1,1
(165,119),1,1
(165,126),1,1
(165,128),1,1
(165,144),1,1
(165,154),1,1
(165,155),1,1
(165,159),1,1
(165,186),1,1
(165,197),1,1
(166,2),1,1
(166,3),1,1
(166,5),1,1
(166,8),1,1
(166,15),1,1
(166,19),1,1
(166,39),1,1
(166,66),1,1
(166,96),1,1
(166,99),1,1
(166,103),1,1
(166,122),1,1
(166,128),1,1
(166,132),1,1
(166,133),1,1
(166,139),1,1
(166,156),1,1
(166,159),1,1
(166,170),1,1
(166,181),1,1
(166,183),1,1
(166,185),1,1
(166,195),1,1
(167,38),1,1
(167,40),1,1
(167,42),1,1
(167,56),1,1
(167,59),1,1
(167,65),1,1
(167,102),1,1
(167,117),1,1
(167,134),1,1
(167,152),1,1
(167,162),1,1
(167,171),1,1
(167,181),1,1
(167,185),1,1
(167,191),1,1
(167,192),1,1
(167,198),1,1
(168,30),1,1
(168,36),1,1
(168,56),1,1
(168,64),1,1
(168,75),1,1
(168,77),1,1
(168,87),1,1
(168,100),1,1
(168,108),1,1
(168,140),1,1
(168,153),1,1
(168,189),1,1
(168,191),1,1
(168,194),1,1
(168,197),1,1
(169,26),1,1
(169,29),1,1
(169,33),1,1
(169,39),1,1
(169,40),1,1
(169,70),1,1
(169,85),1,1
(169,93),1,1
(169,113),1,1
(169,117),1,1
(169,136),1,1
(169,157),1,1
(169,175),1,1
(169,180),1,1
(169,185),1,1
(170,14),1,1
(170,23),1,1
(170,35),1,1
(170,37),1,1
(170,43),1,1
(170,46),1,1
(170,48),1,1
(170,51),1,1
(170,52),1,1
(170,69),1,1
(170,82),1,1
(170,90),1,1
(170,92),1,1
(170,98),1,1
(170,105),1,1
(170,109),1,1
(170,127),1,1
(170,133),1,1
(170,165),1,1
(170,167),1,1
(170,168),1,1
(170,181),1,1
(170,196),1,1
(170,199),1,1
(171,14),1,1
(171,16),1,1
(171,31),1,1
(171,32),1,1
(171,39),1,1
(171,64),1,1
(171,101),1,1
(171,119),1,1
(171,122),1,1
(171,124),1,1
(171,126),1,1
(171,141),1,1
(171,145),1,1
(171,156),1,1
(171,161),1,1
(171,165),1,1
(171,193),1,1
(171,195),1,1
(171,198),1,1
(171,199),1,1
(172,20),1,1
(172,21),1,1
(172,28),1,1
(172,42),1,1
(172,64),1,1
(172,88),1,1
(172,97),1,1
(172,106),1,1
(172,119),1,1
(172,124),1,1
(172,138),1,1
(172,141),1,1
(172,155),1,1
(172,167),1,1
(172,186),1,1
(172,192),1,1
(173,9),1,1
(173,20),1,1
(173,25),1,1
(173,34),1,1
(173,45),1,1
(173,46),1,1
(173,78),1,1
(173,109),1,1
(173,128),1,1
(173,133),1,1
(173,143),1,1
(173,150),1,1
(173,152),1,1
(173,156),1,1
(173,167),1,1
(173,181),1,1
(173,190),1,1
(173,193),1,1
(173,195),1,1
(173,197),1,1
(174,3),1,1
(174,24),1,1
(174,40),1,1
(174,48),1,1
(174,51),1,1
(174,52),1,1
(174,64),1,1
(174,74),1,1
(174,80),1,1
(174,89),1,1
(174,92),1,1
(174,106),1,1
(174,110),1,1
(174,113),1,1
(174,118),1,1
(174,121),1,1
(174,132),1,1
(174,138),1,1
(174,139),1,1
(174,140),1,1
(174,145),1,1
(174,153),1,1
(174,198),1,1
(175,7),1,1
(175,23),1,1
(175,26),1,1
(175,64),1,1
(175,67),1,1
(175,69),1,1
(175,75),1,1
(175,102),1,1
(175,105),1,1
(175,117),1,1
(175,123),1,1
(175,124),1,1
(175,138),1,1
(175,145),1,1
(175,161),1,1
(175,163),1,1
(175,167),1,1
(175,178),1,1
(175,187),1,1
(175,197),1,1
(176,4),1,1
(176,10),1,1
(176,24),1,1
(176,32),1,1
(176,44),1,1
(176,46),1,1
(176,61),1,1
(176,101),1,1
(176,113),1,1
(176,140),1,1
(176,149),1,1
(176,159),1,1
(176,167),1,1
(176,173),1,1
(176,177),1,1
(176,180),1,1
(177,10),1,1
(177,16),1,1
(177,19),1,1
(177,29),1,1
(177,43),1,1
(177,46),1,1
(177,63),1,1
(177,69),1,1
(177,74),1,1
(177,77),1,1
(177,79),1,1
(177,80),1,1
(177,92),1,1
(177,101),1,1
(177,103),1,1
(177,123),1,1
(177,127),1,1
(177,130),1,1
(177,135),1,1
(177,137),1,1
(177,138),1,1
(177,140),1,1
(177,147),1,1
(177,155),1,1
(177,165),1,1
(177,167),1,1
(177,174),1,1
(177,175),1,1
(177,194),1,1
(177,199),1,1
(178,0),1,1
(178,13),1,1
(178,24),1,1
(178,43),1,1
(178,57),1,1
(178,59),1,1
(178,80),1,1
(178,93),1,1
(178,96),1,1
(178,107),1,1
(178,114),1,1
(178,123),1,1
(178,124),1,1
(178,158),1,1
(178,161),1,1
(178,172),1,1
(179,8),1,1
(179,23),1,1
(179,85),1,1
(179,97),1,1
(179,101),1,1
(179,110),1,1
(179,118),1,1
(179,126),1,1
(179,127),1,1
(179,138),1,1
(179,151),1,1
(179,166),1,1
(179,178),1,1
(179,190),1,1
(179,191),1,1
(180,15),1,1
(180,19),1,1
(180,51),1,1
(180,52),1,1
(180,56),1,1
(180,62),1,1
(180,67),1,1
(180,68),1,1
(180,73),1,1
(180,85),1,1
(180,87),1,1
(180,90),1,1
(180,91),1,1
(180,94),1,1
(180,100),1,1
(180,105),1,1
(180,109),1,1
(180,111),1,1
(180,113),1,1
(180,126),1,1
(180,129),1,1
(180,142),1,1
(180,146),1,1
(180,150),1,1
(180,168),1,1
(180,185),1,1
(180,199),1,1
(181,8),1,1
(181,21),1,1
(181,38),1,1
(181,48),1,1
(181,56),1,1
(181,68),1,1
(181,72),1,1
(181,88),1,1
(181,93),1,1
(181,125),1,1
(181,153),1,1
(181,161),1,1
(182,3),1,1
(182,4),1,1
(182,24),1,1
(182,39),1,1
(182,40),1,1
(182,51),1,1
(182,59),1,1
(182,64),1,1
(182,66),1,1
(182,80),1,1
(182,96),1,1
(182,102),1,1
(182,114),1,1
(182,124),1,1
(182,127),1,1
(182,135),1,1
(182,140),1,1
(182,151),1,1
(182,180),1,1
(182,188),1,1
(182,199),1,1
(183,2),1,1
(183,8),1,1
(183,23),1,1
(183,37),1,1
(183,48),1,1
(183,53),1,1
(183,56),1,1
(183,82),1,1
(183,90),1,1
(183,100),1,1
(183,106),1,1
(183,117),1,1
(183,136),1,1
(183,137),1,1
(183,139),1,1
(183,154),1,1
(183,155),1,1
(183,165),1,1
(183,166),1,1
(183,167),1,1
(183,171),1,1
(183,173),1,1
(183,182),1,1
(183,184),1,1
(183,186),1,1
(184,2),1,1
(184,17),1,1
(184,22),1,1
(184,24),1,1
(184,33),1,1
(184,37),1,1
(184,40),1,1
(184,68),1,1
(184,80),1,1
(184,111),1,1
(184,113),1,1
(184,117),1,1
(184,120),1,1
(184,122),1,1
(184,144),1,1
(184,150),1,1
(184,170),1,1
(184,171),1,1
(184,185),1,1
(184,186),1,1
(184,190),1,1
(185,0),1,1
(185,13),1,1
(185,25),1,1
(185,46),1,1
(185,52),1,1
(185,58),1,1
(185,65),1,1
(185,71),1,1
(185,78),1,1
(185,80),1,1
(185,89),1,1
(185,91),1,1
(185,95),1,1
(185,104),1,1
(185,106),1,1
(185,108),1,1
(185,112),1,1
(185,113),1,1
(185,124),1,1
(185,126),1,1
(185,133),1,1
(185,147),1,1
(185,154),1,1
(185,158),1,1
(185,160),1,1
(185,164),1,1
(185,193),1,1
(186,23),1,1
(186,32),1,1
(186,36),1,1
(186,53),1,1
(186,59),1,1
(186,68),1,1
(186,81),1,1
(186,93),1,1
(186,117),1,1
(186,124),1,1
(186,136),1,1
(186,169),1,1
(186,171),1,1
(186,198),1,1
(187,11),1,1
(187,15),1,1
(187,33),1,1
(187,38),1,1
(187,43),1,1
(187,61),1,1
(187,65),1,1
(187,103),1,1
(187,106),1,1
(187,127),1,1
(187,149),1,1
(187,175),1,1
(187,177),1,1
(187,179),1,1
(187,188),1,1
(187,194),1,1
(187,197),1,1
(188,0),1,1
(188,2),1,1
(188,16),1,1
(188,21),1,1
(188,32),1,1
(188,44),1,1
(188,55),1,1
(188,72),1,1
(188,83),1,1
(188,96),1,1
(188,106),1,1
(188,110),1,1
(188,113),1,1
(188,114),1,1
(188,119),1,1
(188,126),1,1
(188,135),1,1
(188,137),1,1
(188,156),1,1
(188,158),1,1
(188,170),1,1
(188,172),1,1
(188,180),1,1
(188,181),1,1
(188,182),1,1
(188,186),1,1
(188,196),1,1
(189,7),1,1
(189,18),1,1
(189,19),1,1
(189,21),1,1
(189,28),1,1
(189,31),1,1
(189,33),1,1
(189,40),1,1
(189,58),1,1
(189,62),1,1
(189,68),1,1
(189,74),1,1
(189,79),1,1
(189,81),1,1
(189,94),1,1
(189,120),1,1
(189,122),1,1
(189,124),1,1
(189,135),1,1
(189,138),1,1
(189,147),1,1
(189,148),1,1
(189,168),1,1
(189,179),1,1
(190,9),1,1
(190,11),1,1
(190,22),1,1
(190,24),1,1
(190,34),1,1
(190,36),1,1
(190,40),1,1
(190,42),1,1
(190,48),1,1
(190,63),1,1
(190,69),1,1
(190,73),1,1
(190,75),1,1
(190,87),1,1
(190,135),1,1
(190,147),1,1
(190,155),1,1
(190,157),1,1
(190,186),1,1
(191,0),1,1
(191,18),1,1
(191,20),1,1
(191,39),1,1
(191,46),1,1
(191,59),1,1
(191,72),1,1
(191,74),1,1
(191,86),1,1
(191,113),1,1
(191,124),1,1
(191,154),1,1
(191,159),1,1
(192,6),1,1
(192,11),1,1
(192,21),1,1
(192,35),1,1
(192,64),1,1
(192,83),1,1
(192,90),1,1
(192,99),1,1
(192,120),1,1
(192,123),1,1
(192,126),1,1
(192,133),1,1
(192,145),1,1
(192,146),1,1
(192,164),1,1
(192,171),1,1
(192,172),1,1
(192,176),1,1
(192,177),1,1
(192,182),1,1
(192,188),1,1
(192,193),1,1
(192,197),1,1
(193,3),1,1
(193,4),1,1
(193,12),1,1
(193,30),1,1
(193,37),1,1
(193,62),1,1
(193,70),1,1
(193,73),1,1
(193,74),1,1
(193,102),1,1
(193,103),1,1
(193,111),1,1
(193,124),1,1
(193,126),1,1
(193,130),1,1
(193,136),1,1
(193,139),1,1
(193,142),1,1
(193,143),1,1
(193,157),1,1
(193,161),1,1
(193,166),1,1
(193,167),1,1
(193,189),1,1
(193,197),1,1
(194,4),1,1
(194,7),1,1
(194,9),1,1
(194,38),1,1
(194,42),1,1
(194,44),1,1
(194,72),1,1
(194,74),1,1
(194,89),1,1
(194,91),1,1
(194,95),1,1
(194,110),1,1
(194,142),1,1
(194,143),1,1
(194,150),1,1
(194,158),1,1
(194,165),1,1
(194,174),1,1
(194,178),1,1
(194,187),1,1
(194,189),1,1
(194,193),1,1
(194,196),1,1
(194,197),1,1
(195,6),1,1
(195,30),1,1
(195,36),1,1
(195,61),1,1
(195,64),1,1
(195,80),1,1
(195,85),1,1
(195,92),1,1
(195,102),1,1
(195,108),1,1
(195,109),1,1
(195,124),1,1
(195,136),1,1
(195,152),1,1
(195,156),1,1
(195,158),1,1
(195,160),1,1
(195,161),1,1
(195,170),1,1
(195,171),1,1
(195,174),1,1
(195,197),1,1
(196,11),1,1
(196,28),1,1
(196,30),1,1
(196,38),1,1
(196,44),1,1
(196,76),1,1
(196,101),1,1
(196,106),1,1
(196,114),1,1
(196,125),1,1
(196,172),1,1
(197,45),1,1
(197,47),1,1
(197,60),1,1
(197,82),1,1
(197,101),1,1
(197,103),1,1
(197,109),1,1
(197,114),1,1
(197,139),1,1
(197,180),1,1
(197,182),1,1
(197,186),1,1
(198,5),1,1
(198,8),1,1
(198,10),1,1
(198,16),1,1
(198,18),1,1
(198,42),1,1
(198,43),1,1
(198,46),1,1
(198,47),1,1
(198,51),1,1
(198,62),1,1
(198,63),1,1
(198,70),1,1
(198,88),1,1
(198,90),1,1
(198,92),1,1
(198,99),1,1
(198,108),1,1
(198,110),1,1
(198,138),1,1
(198,142),1,1
(198,166),1,1
(198,170),1,1
(198,179),1,1
(198,187),1,1
(198,191),1,1
(199,4),1,1
(199,6),1,1
(199,9),1,1
(199,14),1,1
(199,15),1,1
(199,23),1,1
(199,30),1,1
(199,32),1,1
(199,66),1,1
(199,67),1,1
(199,84),1,1
(199,88),1,1
(199,94),1,1
(199,95),1,1
(199,98),1,1
(199,110),1,1
(199,120),1,1
(199,134),1,1
(199,146),1,1
(199,162),1,1
(199,170),1,1
(199,174),1,1
(199,190),1,1
