Nr_Pairs = 200
Nr_NDD = 0
Nr_Arcs = 3953
0,0,0,0,0
1,0,0,0,0
2,0,0,0,0
3,0,0,0,0
4,0,0,0,0
5,0,0,0,0
6,0,0,0,0
7,0,0,0,0
8,0,0,0,0
9,0,0,0,0
10,0,0,0,0
11,0,0,0,0
12,0,0,0,0
13,0,0,0,0
14,0,0,0,0
15,0,0,0,0
16,0,0,0,0
17,0,0,0,0
18,0,0,0,0
19,0,0,0,0
20,0,0,0,0
21,0,0,0,0
22,0,0,0,0
23,0,0,0,0
24,0,0,0,0
25,0,0,0,0
26,0,0,0,0
27,0,0,0,0
28,0,0,0,0
29,0,0,0,0
30,0,0,0,0
31,0,0,0,0
32,0,0,0,0
33,0,0,0,0
34,0,0,0,0
35,0,0,0,0
36,0,0,0,0
37,0,0,0,0
38,0,0,0,0
39,0,0,0,0
40,0,0,0,0
41,0,0,0,0
42,0,0,0,0
43,0,0,0,0
44,0,0,0,0
45,0,0,0,0
46,0,0,0,0
47,0,0,0,0
48,0,0,0,0
49,0,0,0,0
50,0,0,0,0
51,0,0,0,0
52,0,0,0,0
53,0,0,0,0
54,0,0,0,0
55,0,0,0,0
56,0,0,0,0
57,0,0,0,0
58,0,0,0,0
59,0,0,0,0
60,0,0,0,0
61,0,0,0,0
62,0,0,0,0
63,0,0,0,0
64,0,0,0,0
65,0,0,0,0
66,0,0,0,0
67,0,0,0,0
68,0,0,0,0
69,0,0,0,0
70,0,0,0,0
71,0,0,0,0
72,0,0,0,0
73,0,0,0,0
74,0,0,0,0
75,0,0,0,0
76,0,0,0,0
77,0,0,0,0
78,0,0,0,0
79,0,0,0,0
80,0,0,0,0
81,0,0,0,0
82,0,0,0,0
83,0,0,0,0
84,0,0,0,0
85,0,0,0,0
86,0,0,0,0
87,0,0,0,0
88,0,0,0,0
89,0,0,0,0
90,0,0,0,0
91,0,0,0,0
92,0,0,0,0
93,0,0,0,0
94,0,0,0,0
95,0,0,0,0
96,0,0,0,0
97,0,0,0,0
98,0,0,0,0
99,0,0,0,0
100,0,0,0,0
101,0,0,0,0
102,0,0,0,0
103,0,0,0,0
104,0,0,0,0
105,0,0,0,0
106,0,0,0,0
107,0,0,0,0
108,0,0,0,0
109,0,0,0,0
110,0,0,0,0
111,0,0,0,0
112,0,0,0,0
113,0,0,0,0
114,0,0,0,0
115,0,0,0,0
116,0,0,0,0
117,0,0,0,0
118,0,0,0,0
119,0,0,0,0
120,0,0,0,0
121,0,0,0,0
122,0,0,0,0
123,0,0,0,0
124,0,0,0,0
125,0,0,0,0
126,0,0,0,0
127,0,0,0,0
128,0,0,0,0
129,0,0,0,0
130,0,0,0,0
131,0,0,0,0
132,0,0,0,0
133,0,0,0,0
134,0,0,0,0
135,0,0,0,0
136,0,0,0,0
137,0,0,0,0
138,0,0,0,0
139,0,0,0,0
140,0,0,0,0
141,0,0,0,0
142,0,0,0,0
143,0,0,0,0
144,0,0,0,0
145,0,0,0,0
146,0,0,0,0
147,0,0,0,0
148,0,0,0,0
149,0,0,0,0
150,0,0,0,0
151,0,0,0,0
152,0,0,0,0
153,0,0,0,0
154,0,0,0,0
155,0,0,0,0
156,0,0,0,0
157,0,0,0,0
158,0,0,0,0
159,0,0,0,0
160,0,0,0,0
161,0,0,0,0
162,0,0,0,0
163,0,0,0,0
164,0,0,0,0
165,0,0,0,0
166,0,0,0,0
167,0,0,0,0
168,0,0,0,0
169,0,0,0,0
170,0,0,0,0
171,0,0,0,0
172,0,0,0,0
173,0,0,0,0
174,0,0,0,0
175,0,0,0,0
176,0,0,0,0
177,0,0,0,0
178,0,0,0,0
179,0,0,0,0
180,0,0,0,0
181,0,0,0,0
182,0,0,0,0
183,0,0,0,0
184,0,0,0,0
185,0,0,0,0
186,0,0,0,0
187,0,0,0,0
188,0,0,0,0
189,0,0,0,0
190,0,0,0,0
191,0,0,0,0
192,0,0,0,0
193,0,0,0,0
194,0,0,0,0
195,0,0,0,0
196,0,0,0,0
197,0,0,0,0
198,0,0,0,0
199,0,0,0,0
(0,2),1,1
(0,3),1,1
(0,8),1,1
(0,12),1,1
(0,13),1,1
(0,15),1,1
(0,26),1,1
(0,32),1,1
(0,51),1,1
(0,56),1,1
(0,68),1,1
(0,84),1,1
(0,101),1,1
(0,107),1,1
(0,109),1,1
(0,112),1,1
(0,130),1,1
(0,159),1,1
(0,164),1,1
(0,169),1,1
(0,175),1,1
(0,186),1,1
(0,199),1,1
(1,9),1,1
(1,12),1,1
(1,20),1,1
(1,31),1,1
(1,33),1,1
(1,36),1,1
(1,52),1,1
(1,53),1,1
(1,59),1,1
(1,62),1,1
(1,67),1,1
(1,86),1,1
(1,99),1,1
(1,133),1,1
(1,137),1,1
(1,141),1,1
(1,148),1,1
(1,151),1,1
(1,162),1,1
(1,163),1,1
(1,168),1,1
(1,174),1,1
(1,177),1,1
(1,190),1,1
(2,0),1,1
(2,20),1,1
(2,22),1,1
(2,23),1,1
(2,24),1,1
(2,51),1,1
(2,72),1,1
(2,93),1,1
(2,111),1,1
(2,140),1,1
(2,142),1,1
(2,146),1,1
(2,148),1,1
(2,152),1,1
(2,154),1,1
(2,159),1,1
(2,186),1,1
(2,195),1,1
(3,12),1,1
(3,16),1,1
(3,27),1,1
(3,59),1,1
(3,85),1,1
(3,94),1,1
(3,105),1,1
(3,154),1,1
(3,172),1,1
(3,177),1,1
(4,9),1,1
(4,14),1,1
(4,17),1,1
(4,42),1,1
(4,46),1,1
(4,50),1,1
(4,60),1,1
(4,63),1,1
(4,71),1,1
(4,75),1,1
(4,78),1,1
(4,91),1,1
(4,98),1,1
(4,115),1,1
(4,125),1,1
(4,142),1,1
(4,155),1,1
(4,160),1,1
(4,172),1,1
(4,177),1,1
(4,178),1,1
(4,179),1,1
(4,195),1,1
(4,199),1,1
(5,7),1,1
(5,39),1,1
(5,53),1,1
(5,64),1,1
(5,68),1,1
(5,73),1,1
(5,75),1,1
(5,96),1,1
(5,99),1,1
(5,162),1,1
(5,171),1,1
(5,183),1,1
(5,184),1,1
(5,187),1,1
(5,199),1,1
(6,9),1,1
(6,22),1,1
(6,26),1,1
(6,29),1,1
(6,32),1,1
(6,45),1,1
(6,61),1,1
(6,66),1,1
(6,71),1,1
(6,84),1,1
(6,104),1,1
(6,121),1,1
(6,125),1,1
(6,130),1,1
(6,137),1,1
(6,143),1,1
(6,144),1,1
(6,165),1,1
(6,174),1,1
(6,193),1,1
(7,11),1,1
(7,13),1,1
(7,18),1,1
(7,28),1,1
(7,30),1,1
(7,34),1,1
(7,40),1,1
(7,45),1,1
(7,47),1,1
(7,52),1,1
(7,87),1,1
(7,106),1,1
(7,109),1,1
(7,117),1,1
(7,126),1,1
(7,140),1,1
(7,144),1,1
(7,157),1,1
(7,158),1,1
(7,170),1,1
(7,179),1,1
(7,180),1,1
(8,37),1,1
(8,42),1,1
(8,49),1,1
(8,50),1,1
(8,52),1,1
(8,87),1,1
(8,113),1,1
(8,121),1,1
(8,130),1,1
(8,135),1,1
(8,150),1,1
(8,165),1,1
(8,171),1,1
(8,172),1,1
(8,175),1,1
(8,178),1,1
(8,183),1,1
(9,2),1,1
(9,12),1,1
(9,16),1,1
(9,21),1,1
(9,23),1,1
(9,31),1,1
(9,51),1,1
(9,58),1,1
(9,59),1,1
(9,67),1,1
(9,85),1,1
(9,91),1,1
(9,104),1,1
(9,123),1,1
(9,125),1,1
(9,130),1,1
(9,132),1,1
(9,144),1,1
(10,2),1,1
(10,17),1,1
(10,30),1,1
(10,35),1,1
(10,46),1,1
(10,65),1,1
(10,73),1,1
(10,80),1,1
(10,100),1,1
(10,104),1,1
(10,105),1,1
(10,106),1,1
(10,122),1,1
(10,126),1,1
(10,129),1,1
(10,132),1,1
(10,133),1,1
(10,136),1,1
(10,153),1,1
(10,160),1,1
(10,164),1,1
(10,168),1,1
(10,187),1,1
(10,192),1,1
(11,21),1,1
(11,23),1,1
(11,25),1,1
(11,31),1,1
(11,66),1,1
(11,83),1,1
(11,91),1,1
(11,94),1,1
(11,101),1,1
(11,114),1,1
(11,129),1,1
(11,160),1,1
(11,165),1,1
(11,176),1,1
(11,190),1,1
(12,13),1,1
(12,28),1,1
(12,29),1,1
(12,45),1,1
(12,69),1,1
(12,98),1,1
(12,123),1,1
(12,131),1,1
(12,141),1,1
(12,143),1,1
(12,145),1,1
(12,154),1,1
(12,156),1,1
(12,169),1,1
(12,189),1,1
(12,194),1,1
(12,197),1,1
(12,198),1,1
(13,4),1,1
(13,18),1,1
(13,24),1,1
(13,40),1,1
(13,42),1,1
(13,48),1,1
(13,54),1,1
(13,80),1,1
(13,93),1,1
(13,127),1,1
(13,130),1,1
(13,135),1,1
(13,138),1,1
(13,146),1,1
(13,147),1,1
(14,1),1,1
(14,2),1,1
(14,16),1,1
(14,31),1,1
(14,48),1,1
(14,65),1,1
(14,66),1,1
(14,79),1,1
(14,82),1,1
(14,90),1,1
(14,124),1,1
(14,129),1,1
(14,137),1,1
(14,140),1,1
(14,144),1,1
(14,149),1,1
(14,151),1,1
(14,152),1,1
(14,158),1,1
(14,165),1,1
(14,175),1,1
(14,186),1,1
(15,22),1,1
(15,26),1,1
(15,57),1,1
(15,58),1,1
(15,60),1,1
(15,101),1,1
(15,107),1,1
(15,110),1,1
(15,130),1,1
(15,144),1,1
(15,160),1,1
(15,174),1,1
(15,176),1,1
(15,187),1,1
(16,6),1,1
(16,38),1,1
(16,56),1,1
(16,66),1,1
(16,85),1,1
(16,90),1,1
(16,93),1,1
(16,95),1,1
(16,105),1,1
(16,106),1,1
(16,116),1,1
(16,120),1,1
(16,124),1,1
(16,134),1,1
(16,135),1,1
(16,163),1,1
(16,173),1,1
(16,176),1,1
(16,179),1,1
(16,192),1,1
(16,198),1,1
(17,9),1,1
(17,25),1,1
(17,26),1,1
(17,33),1,1
(17,46),1,1
(17,66),1,1
(17,78),1,1
(17,80),1,1
(17,95),1,1
(17,102),1,1
(17,114),1,1
(17,119),1,1
(17,133),1,1
(17,139),1,1
(17,142),1,1
(17,144),1,1
(17,168),1,1
(17,173),1,1
(17,177),1,1
(17,188),1,1
(17,191),1,1
(18,10),1,1
(18,12),1,1
(18,13),1,1
(18,16),1,1
(18,30),1,1
(18,31),1,1
(18,35),1,1
(18,47),1,1
(18,52),1,1
(18,60),1,1
(18,61),1,1
(18,64),1,1
(18,77),1,1
(18,104),1,1
(18,105),1,1
(18,107),1,1
(18,111),1,1
(18,116),1,1
(18,122),1,1
(18,158),1,1
(18,167),1,1
(18,183),1,1
(18,186),1,1
(18,188),1,1
(19,0),1,1
(19,18),1,1
(19,55),1,1
(19,65),1,1
(19,66),1,1
(19,76),1,1
(19,89),1,1
(19,94),1,1
(19,105),1,1
(19,131),1,1
(19,138),1,1
(19,143),1,1
(19,147),1,1
(19,148),1,1
(19,163),1,1
(19,170),1,1
(19,180),1,1
(19,185),1,1
(19,186),1,1
(19,189),1,1
(19,195),1,1
(20,1),1,1
(20,13),1,1
(20,31),1,1
(20,34),1,1
(20,44),1,1
(20,57),1,1
(20,58),1,1
(20,74),1,1
(20,80),1,1
(20,85),1,1
(20,94),1,1
(20,96),1,1
(20,109),1,1
(20,115),1,1
(20,131),1,1
(20,136),1,1
(20,143),1,1
(20,156),1,1
(20,164),1,1
(20,166),1,1
(20,193),1,1
(21,11),1,1
(21,15),1,1
(21,17),1,1
(21,26),1,1
(21,36),1,1
(21,51),1,1
(21,60),1,1
(21,130),1,1
(21,135),1,1
(21,140),1,1
(21,173),1,1
(21,174),1,1
(21,177),1,1
(21,178),1,1
(21,191),1,1
(22,9),1,1
(22,11),1,1
(22,25),1,1
(22,46),1,1
(22,49),1,1
(22,66),1,1
(22,68),1,1
(22,70),1,1
(22,72),1,1
(22,77),1,1
(22,80),1,1
(22,85),1,1
(22,98),1,1
(22,100),1,1
(22,110),1,1
(22,118),1,1
(22,136),1,1
(22,148),1,1
(22,151),1,1
(22,175),1,1
(22,176),1,1
(22,187),1,1
(22,192),1,1
(22,194),1,1
(23,5),1,1
(23,20),1,1
(23,21),1,1
(23,25),1,1
(23,35),1,1
(23,43),1,1
(23,45),1,1
(23,84),1,1
(23,88),1,1
(23,116),1,1
(23,135),1,1
(23,140),1,1
(23,160),1,1
(23,166),1,1
(23,173),1,1
(23,175),1,1
(23,177),1,1
(23,184),1,1
(23,186),1,1
(23,193),1,1
(23,199),1,1
(24,1),1,1
(24,5),1,1
(24,11),1,1
(24,13),1,1
(24,22),1,1
(24,25),1,1
(24,27),1,1
(24,30),1,1
(24,37),1,1
(24,39),1,1
(24,49),1,1
(24,72),1,1
(24,81),1,1
(24,90),1,1
(24,96),1,1
(24,102),1,1
(24,105),1,1
(24,121),1,1
(24,136),1,1
(24,141),1,1
(24,142),1,1
(24,146),1,1
(24,191),1,1
(24,194),1,1
(25,5),1,1
(25,21),1,1
(25,35),1,1
(25,41),1,1
(25,43),1,1
(25,52),1,1
(25,54),1,1
(25,58),1,1
(25,73),1,1
(25,74),1,1
(25,76),1,1
(25,86),1,1
(25,89),1,1
(25,96),1,1
(25,106),1,1
(25,114),1,1
(25,124),1,1
(25,129),1,1
(25,136),1,1
(25,138),1,1
(25,158),1,1
(25,160),1,1
(25,162),1,1
(25,170),1,1
(25,171),1,1
(25,183),1,1
(26,2),1,1
(26,5),1,1
(26,17),1,1
(26,27),1,1
(26,35),1,1
(26,45),1,1
(26,50),1,1
(26,56),1,1
(26,98),1,1
(26,102),1,1
(26,104),1,1
(26,114),1,1
(26,115),1,1
(26,124),1,1
(26,127),1,1
(26,129),1,1
(26,133),1,1
(26,152),1,1
(26,166),1,1
(26,169),1,1
(26,172),1,1
(26,179),1,1
(26,180),1,1
(26,195),1,1
(26,196),1,1
(27,4),1,1
(27,13),1,1
(27,71),1,1
(27,76),1,1
(27,90),1,1
(27,100),1,1
(27,105),1,1
(27,108),1,1
(27,120),1,1
(27,127),1,1
(27,141),1,1
(27,143),1,1
(27,147),1,1
(27,162),1,1
(27,168),1,1
(27,171),1,1
(27,175),1,1
(27,188),1,1
(27,198),1,1
(28,2),1,1
(28,20),1,1
(28,21),1,1
(28,22),1,1
(28,42),1,1
(28,46),1,1
(28,67),1,1
(28,70),1,1
(28,75),1,1
(28,95),1,1
(28,126),1,1
(28,128),1,1
(28,136),1,1
(28,152),1,1
(28,180),1,1
(28,183),1,1
(28,199),1,1
(29,7),1,1
(29,19),1,1
(29,24),1,1
(29,30),1,1
(29,52),1,1
(29,63),1,1
(29,66),1,1
(29,82),1,1
(29,103),1,1
(29,105),1,1
(29,107),1,1
(29,109),1,1
(29,121),1,1
(29,145),1,1
(29,156),1,1
(29,159),1,1
(29,169),1,1
(29,182),1,1
(29,186),1,1
(29,187),1,1
(29,199),1,1
(30,6),1,1
(30,29),1,1
(30,43),1,1
(30,44),1,1
(30,56),1,1
(30,57),1,1
(30,77),1,1
(30,83),1,1
(30,87),1,1
(30,109),1,1
(30,114),1,1
(30,119),1,1
(30,122),1,1
(30,133),1,1
(30,137),1,1
(30,189),1,1
(30,197),1,1
(31,0),1,1
(31,21),1,1
(31,34),1,1
(31,41),1,1
(31,60),1,1
(31,63),1,1
(31,71),1,1
(31,79),1,1
(31,111),1,1
(31,117),1,1
(31,130),1,1
(31,140),1,1
(31,145),1,1
(31,146),1,1
(31,154),1,1
(31,159),1,1
(31,160),1,1
(31,175),1,1
(31,182),1,1
(31,190),1,1
(32,6),1,1
(32,20),1,1
(32,31),1,1
(32,35),1,1
(32,49),1,1
(32,50),1,1
(32,73),1,1
(32,83),1,1
(32,90),1,1
(32,92),1,1
(32,96),1,1
(32,103),1,1
(32,114),1,1
(32,115),1,1
(32,117),1,1
(32,121),1,1
(32,133),1,1
(32,143),1,1
(32,144),1,1
(32,162),1,1
(32,169),1,1
(32,170),1,1
(32,175),1,1
(32,176),1,1
(33,15),1,1
(33,16),1,1
(33,20),1,1
(33,55),1,1
(33,58),1,1
(33,100),1,1
(33,120),1,1
(33,138),1,1
(33,140),1,1
(33,149),1,1
(33,151),1,1
(33,156),1,1
(33,161),1,1
(33,162),1,1
(33,169),1,1
(33,174),1,1
(33,175),1,1
(33,179),1,1
(34,5),1,1
(34,7),1,1
(34,31),1,1
(34,51),1,1
(34,63),1,1
(34,77),1,1
(34,83),1,1
(34,88),1,1
(34,103),1,1
(34,106),1,1
(34,155),1,1
(34,156),1,1
(34,176),1,1
(34,177),1,1
(34,196),1,1
(35,13),1,1
(35,21),1,1
(35,46),1,1
(35,52),1,1
(35,74),1,1
(35,122),1,1
(35,125),1,1
(35,135),1,1
(35,164),1,1
(35,174),1,1
(35,175),1,1
(35,180),1,1
(35,183),1,1
(35,191),1,1
(36,8),1,1
(36,13),1,1
(36,22),1,1
(36,26),1,1
(36,31),1,1
(36,33),1,1
(36,34),1,1
(36,35),1,1
(36,51),1,1
(36,101),1,1
(36,125),1,1
(36,135),1,1
(36,139),1,1
(36,192),1,1
(36,196),1,1
(37,0),1,1
(37,6),1,1
(37,10),1,1
(37,26),1,1
(37,27),1,1
(37,32),1,1
(37,38),1,1
(37,42),1,1
(37,65),1,1
(37,67),1,1
(37,78),1,1
(37,87),1,1
(37,108),1,1
(37,119),1,1
(37,120),1,1
(37,135),1,1
(37,155),1,1
(37,160),1,1
(37,188),1,1
(37,189),1,1
(37,191),1,1
(37,196),1,1
(38,3),1,1
(38,13),1,1
(38,15),1,1
(38,43),1,1
(38,44),1,1
(38,50),1,1
(38,56),1,1
(38,65),1,1
(38,78),1,1
(38,88),1,1
(38,97),1,1
(38,128),1,1
(38,151),1,1
(38,152),1,1
(38,184),1,1
(38,187),1,1
(38,196),1,1
(39,6),1,1
(39,26),1,1
(39,42),1,1
(39,57),1,1
(39,67),1,1
(39,69),1,1
(39,71),1,1
(39,72),1,1
(39,83),1,1
(39,110),1,1
(39,128),1,1
(39,138),1,1
(39,162),1,1
(39,163),1,1
(39,167),1,1
(39,179),1,1
(39,186),1,1
(39,187),1,1
(40,3),1,1
(40,6),1,1
(40,8),1,1
(40,10),1,1
(40,12),1,1
(40,22),1,1
(40,32),1,1
(40,33),1,1
(40,37),1,1
(40,39),1,1
(40,69),1,1
(40,73),1,1
(40,89),1,1
(40,100),1,1
(40,101),1,1
(40,106),1,1
(40,110),1,1
(40,134),1,1
(40,138),1,1
(40,147),1,1
(40,150),1,1
(40,179),1,1
(40,182),1,1
(40,184),1,1
(40,188),1,1
(41,2),1,1
(41,11),1,1
(41,26),1,1
(41,30),1,1
(41,51),1,1
(41,61),1,1
(41,66),1,1
(41,87),1,1
(41,108),1,1
(41,111),1,1
(41,130),1,1
(41,132),1,1
(41,158),1,1
(41,179),1,1
(41,188),1,1
(41,189),1,1
(41,190),1,1
(41,193),1,1
(42,36),1,1
(42,67),1,1
(42,68),1,1
(42,69),1,1
(42,87),1,1
(42,95),1,1
(42,110),1,1
(42,119),1,1
(42,126),1,1
(42,178),1,1
(42,183),1,1
(42,189),1,1
(42,193),1,1
(42,199),1,1
(43,5),1,1
(43,15),1,1
(43,21),1,1
(43,27),1,1
(43,39),1,1
(43,46),1,1
(43,51),1,1
(43,52),1,1
(43,63),1,1
(43,69),1,1
(43,70),1,1
(43,75),1,1
(43,89),1,1
(43,107),1,1
(43,114),1,1
(43,118),1,1
(43,128),1,1
(43,131),1,1
(43,140),1,1
(43,149),1,1
(43,158),1,1
(43,159),1,1
(43,170),1,1
(43,194),1,1
(43,198),1,1
(44,6),1,1
(44,14),1,1
(44,19),1,1
(44,25),1,1
(44,32),1,1
(44,48),1,1
(44,53),1,1
(44,72),1,1
(44,82),1,1
(44,107),1,1
(44,110),1,1
(44,118),1,1
(44,127),1,1
(44,134),1,1
(44,135),1,1
(44,142),1,1
(44,162),1,1
(44,174),1,1
(44,184),1,1
(45,25),1,1
(45,33),1,1
(45,71),1,1
(45,74),1,1
(45,100),1,1
(45,106),1,1
(45,123),1,1
(45,156),1,1
(45,161),1,1
(45,166),1,1
(45,167),1,1
(45,168),1,1
(45,169),1,1
(45,175),1,1
(45,186),1,1
(45,197),1,1
(46,1),1,1
(46,8),1,1
(46,39),1,1
(46,40),1,1
(46,55),1,1
(46,58),1,1
(46,62),1,1
(46,66),1,1
(46,67),1,1
(46,81),1,1
(46,94),1,1
(46,109),1,1
(46,124),1,1
(46,126),1,1
(46,132),1,1
(46,136),1,1
(46,151),1,1
(46,160),1,1
(46,164),1,1
(46,183),1,1
(46,190),1,1
(46,198),1,1
(47,0),1,1
(47,14),1,1
(47,19),1,1
(47,26),1,1
(47,36),1,1
(47,40),1,1
(47,49),1,1
(47,50),1,1
(47,55),1,1
(47,60),1,1
(47,69),1,1
(47,91),1,1
(47,94),1,1
(47,114),1,1
(47,116),1,1
(47,119),1,1
(47,129),1,1
(47,146),1,1
(47,155),1,1
(47,157),1,1
(47,164),1,1
(47,167),1,1
(47,181),1,1
(47,187),1,1
(47,190),1,1
(47,197),1,1
(47,198),1,1
(48,2),1,1
(48,39),1,1
(48,40),1,1
(48,41),1,1
(48,42),1,1
(48,73),1,1
(48,85),1,1
(48,106),1,1
(48,123),1,1
(48,131),1,1
(48,133),1,1
(48,134),1,1
(48,146),1,1
(48,154),1,1
(48,180),1,1
(48,186),1,1
(48,195),1,1
(49,3),1,1
(49,8),1,1
(49,12),1,1
(49,19),1,1
(49,53),1,1
(49,66),1,1
(49,69),1,1
(49,79),1,1
(49,98),1,1
(49,101),1,1
(49,102),1,1
(49,129),1,1
(49,131),1,1
(49,137),1,1
(49,144),1,1
(49,164),1,1
(49,166),1,1
(49,167),1,1
(49,174),1,1
(50,8),1,1
(50,11),1,1
(50,12),1,1
(50,20),1,1
(50,28),1,1
(50,42),1,1
(50,63),1,1
(50,68),1,1
(50,92),1,1
(50,97),1,1
(50,110),1,1
(50,127),1,1
(50,130),1,1
(50,138),1,1
(50,139),1,1
(50,141),1,1
(50,148),1,1
(50,159),1,1
(50,171),1,1
(50,176),1,1
(50,186),1,1
(50,199),1,1
(51,10),1,1
(51,23),1,1
(51,28),1,1
(51,31),1,1
(51,39),1,1
(51,50),1,1
(51,54),1,1
(51,63),1,1
(51,67),1,1
(51,80),1,1
(51,87),1,1
(51,115),1,1
(51,125),1,1
(51,137),1,1
(51,148),1,1
(51,156),1,1
(51,192),1,1
(52,16),1,1
(52,58),1,1
(52,64),1,1
(52,73),1,1
(52,79),1,1
(52,123),1,1
(52,130),1,1
(52,145),1,1
(52,194),1,1
(53,4),1,1
(53,18),1,1
(53,23),1,1
(53,60),1,1
(53,101),1,1
(53,106),1,1
(53,110),1,1
(53,121),1,1
(53,132),1,1
(53,157),1,1
(53,158),1,1
(53,163),1,1
(53,177),1,1
(53,182),1,1
(53,186),1,1
(53,189),1,1
(54,7),1,1
(54,12),1,1
(54,43),1,1
(54,63),1,1
(54,68),1,1
(54,72),1,1
(54,73),1,1
(54,110),1,1
(54,147),1,1
(54,157),1,1
(54,158),1,1
(54,177),1,1
(54,195),1,1
(55,18),1,1
(55,41),1,1
(55,52),1,1
(55,64),1,1
(55,73),1,1
(55,158),1,1
(55,173),1,1
(55,192),1,1
(55,196),1,1
(56,3),1,1
(56,4),1,1
(56,8),1,1
(56,17),1,1
(56,23),1,1
(56,36),1,1
(56,38),1,1
(56,42),1,1
(56,70),1,1
(56,77),1,1
(56,90),1,1
(56,99),1,1
(56,102),1,1
(56,107),1,1
(56,108),1,1
(56,117),1,1
(56,127),1,1
(56,140),1,1
(56,141),1,1
(56,142),1,1
(56,152),1,1
(56,156),1,1
(56,174),1,1
(56,183),1,1
(56,187),1,1
(57,5),1,1
(57,24),1,1
(57,27),1,1
(57,49),1,1
(57,53),1,1
(57,69),1,1
(57,75),1,1
(57,83),1,1
(57,85),1,1
(57,95),1,1
(57,110),1,1
(57,121),1,1
(57,125),1,1
(57,165),1,1
(57,177),1,1
(57,182),1,1
(58,2),1,1
(58,5),1,1
(58,24),1,1
(58,35),1,1
(58,38),1,1
(58,69),1,1
(58,92),1,1
(58,98),1,1
(58,100),1,1
(58,108),1,1
(58,114),1,1
(58,117),1,1
(58,122),1,1
(58,123),1,1
(58,127),1,1
(58,132),1,1
(58,135),1,1
(58,137),1,1
(58,150),1,1
(58,156),1,1
(58,158),1,1
(58,173),1,1
(58,176),1,1
(58,185),1,1
(58,186),1,1
(58,188),1,1
(58,192),1,1
(59,8),1,1
(59,15),1,1
(59,28),1,1
(59,36),1,1
(59,39),1,1
(59,48),1,1
(59,65),1,1
(59,80),1,1
(59,89),1,1
(59,91),1,1
(59,106),1,1
(59,108),1,1
(59,112),1,1
(59,113),1,1
(59,121),1,1
(59,124),1,1
(59,125),1,1
(59,150),1,1
(59,176),1,1
(59,180),1,1
(60,1),1,1
(60,9),1,1
(60,10),1,1
(60,15),1,1
(60,27),1,1
(60,42),1,1
(60,52),1,1
(60,56),1,1
(60,58),1,1
(60,62),1,1
(60,68),1,1
(60,101),1,1
(60,108),1,1
(60,111),1,1
(60,112),1,1
(60,116),1,1
(60,121),1,1
(60,133),1,1
(60,151),1,1
(60,166),1,1
(60,193),1,1
(60,195),1,1
(61,58),1,1
(61,59),1,1
(61,71),1,1
(61,87),1,1
(61,91),1,1
(61,94),1,1
(61,106),1,1
(61,116),1,1
(61,117),1,1
(61,121),1,1
(61,129),1,1
(61,131),1,1
(61,141),1,1
(61,157),1,1
(61,162),1,1
(61,173),1,1
(61,174),1,1
(61,176),1,1
(61,181),1,1
(62,4),1,1
(62,8),1,1
(62,9),1,1
(62,30),1,1
(62,46),1,1
(62,58),1,1
(62,90),1,1
(62,93),1,1
(62,109),1,1
(62,132),1,1
(62,144),1,1
(62,146),1,1
(62,180),1,1
(63,0),1,1
(63,5),1,1
(63,22),1,1
(63,29),1,1
(63,33),1,1
(63,40),1,1
(63,54),1,1
(63,56),1,1
(63,59),1,1
(63,73),1,1
(63,95),1,1
(63,108),1,1
(63,114),1,1
(63,115),1,1
(63,127),1,1
(63,131),1,1
(63,150),1,1
(63,153),1,1
(63,154),1,1
(63,180),1,1
(64,16),1,1
(64,19),1,1
(64,21),1,1
(64,74),1,1
(64,78),1,1
(64,86),1,1
(64,92),1,1
(64,98),1,1
(64,113),1,1
(64,142),1,1
(64,157),1,1
(64,161),1,1
(64,164),1,1
(64,192),1,1
(64,195),1,1
(64,198),1,1
(65,3),1,1
(65,16),1,1
(65,19),1,1
(65,22),1,1
(65,59),1,1
(65,91),1,1
(65,93),1,1
(65,98),1,1
(65,104),1,1
(65,109),1,1
(65,129),1,1
(65,135),1,1
(65,136),1,1
(65,138),1,1
(65,142),1,1
(65,143),1,1
(65,145),1,1
(65,167),1,1
(65,180),1,1
(65,184),1,1
(65,196),1,1
(65,198),1,1
(66,2),1,1
(66,13),1,1
(66,41),1,1
(66,48),1,1
(66,63),1,1
(66,80),1,1
(66,86),1,1
(66,91),1,1
(66,97),1,1
(66,107),1,1
(66,124),1,1
(66,129),1,1
(66,135),1,1
(66,140),1,1
(66,150),1,1
(66,152),1,1
(66,153),1,1
(66,170),1,1
(66,175),1,1
(66,182),1,1
(66,188),1,1
(67,17),1,1
(67,37),1,1
(67,77),1,1
(67,79),1,1
(67,81),1,1
(67,86),1,1
(67,100),1,1
(67,101),1,1
(67,132),1,1
(67,134),1,1
(67,135),1,1
(67,137),1,1
(67,155),1,1
(67,162),1,1
(67,163),1,1
(67,165),1,1
(67,187),1,1
(67,189),1,1
(67,197),1,1
(67,198),1,1
(68,5),1,1
(68,8),1,1
(68,11),1,1
(68,12),1,1
(68,13),1,1
(68,14),1,1
(68,18),1,1
(68,41),1,1
(68,58),1,1
(68,59),1,1
(68,75),1,1
(68,86),1,1
(68,106),1,1
(68,124),1,1
(68,125),1,1
(68,127),1,1
(68,128),1,1
(68,153),1,1
(68,154),1,1
(68,169),1,1
(68,175),1,1
(68,178),1,1
(68,181),1,1
(68,184),1,1
(68,186),1,1
(68,191),1,1
(69,2),1,1
(69,29),1,1
(69,32),1,1
(69,34),1,1
(69,55),1,1
(69,63),1,1
(69,67),1,1
(69,72),1,1
(69,74),1,1
(69,85),1,1
(69,90),1,1
(69,109),1,1
(69,110),1,1
(69,116),1,1
(69,144),1,1
(69,147),1,1
(69,148),1,1
(69,156),1,1
(69,162),1,1
(69,168),1,1
(69,176),1,1
(69,183),1,1
(70,8),1,1
(70,38),1,1
(70,44),1,1
(70,56),1,1
(70,67),1,1
(70,82),1,1
(70,85),1,1
(70,101),1,1
(70,124),1,1
(70,129),1,1
(70,140),1,1
(70,167),1,1
(70,173),1,1
(70,174),1,1
(70,182),1,1
(70,186),1,1
(70,192),1,1
(70,195),1,1
(71,15),1,1
(71,18),1,1
(71,34),1,1
(71,56),1,1
(71,69),1,1
(71,73),1,1
(71,99),1,1
(71,108),1,1
(71,117),1,1
(71,118),1,1
(71,130),1,1
(71,144),1,1
(71,162),1,1
(71,165),1,1
(71,180),1,1
(71,181),1,1
(71,188),1,1
(71,189),1,1
(71,195),1,1
(71,196),1,1
(72,4),1,1
(72,10),1,1
(72,36),1,1
(72,42),1,1
(72,44),1,1
(72,51),1,1
(72,59),1,1
(72,80),1,1
(72,89),1,1
(72,98),1,1
(72,100),1,1
(72,111),1,1
(72,116),1,1
(72,123),1,1
(72,144),1,1
(72,157),1,1
(72,160),1,1
(72,164),1,1
(72,166),1,1
(72,191),1,1
(72,193),1,1
(72,196),1,1
(73,19),1,1
(73,20),1,1
(73,29),1,1
(73,35),1,1
(73,47),1,1
(73,57),1,1
(73,62),1,1
(73,65),1,1
(73,71),1,1
(73,76),1,1
(73,90),1,1
(73,105),1,1
(73,106),1,1
(73,121),1,1
(73,132),1,1
(73,148),1,1
(73,168),1,1
(73,183),1,1
(73,184),1,1
(73,198),1,1
(74,22),1,1
(74,30),1,1
(74,42),1,1
(74,58),1,1
(74,78),1,1
(74,80),1,1
(74,116),1,1
(74,118),1,1
(74,126),1,1
(74,141),1,1
(74,148),1,1
(74,159),1,1
(74,166),1,1
(74,173),1,1
(74,174),1,1
(74,183),1,1
(74,184),1,1
(74,186),1,1
(74,197),1,1
(75,1),1,1
(75,18),1,1
(75,23),1,1
(75,36),1,1
(75,37),1,1
(75,39),1,1
(75,40),1,1
(75,54),1,1
(75,68),1,1
(75,71),1,1
(75,85),1,1
(75,113),1,1
(75,121),1,1
(75,125),1,1
(75,149),1,1
(75,156),1,1
(75,173),1,1
(75,180),1,1
(75,188),1,1
(76,6),1,1
(76,19),1,1
(76,24),1,1
(76,27),1,1
(76,34),1,1
(76,37),1,1
(76,44),1,1
(76,55),1,1
(76,59),1,1
(76,74),1,1
(76,80),1,1
(76,87),1,1
(76,88),1,1
(76,89),1,1
(76,93),1,1
(76,107),1,1
(76,114),1,1
(76,120),1,1
(76,124),1,1
(76,144),1,1
(76,145),1,1
(76,161),1,1
(76,168),1,1
(76,169),1,1
(76,170),1,1
(76,173),1,1
(76,177),1,1
(76,192),1,1
(76,198),1,1
(77,6),1,1
(77,9),1,1
(77,11),1,1
(77,28),1,1
(77,45),1,1
(77,78),1,1
(77,107),1,1
(77,110),1,1
(77,123),1,1
(77,124),1,1
(77,125),1,1
(77,153),1,1
(77,159),1,1
(77,170),1,1
(77,186),1,1
(77,196),1,1
(77,197),1,1
(78,10),1,1
(78,19),1,1
(78,33),1,1
(78,36),1,1
(78,44),1,1
(78,47),1,1
(78,90),1,1
(78,106),1,1
(78,114),1,1
(78,135),1,1
(78,139),1,1
(78,143),1,1
(78,149),1,1
(78,160),1,1
(78,171),1,1
(78,184),1,1
(78,186),1,1
(79,4),1,1
(79,13),1,1
(79,14),1,1
(79,27),1,1
(79,40),1,1
(79,48),1,1
(79,68),1,1
(79,80),1,1
(79,90),1,1
(79,164),1,1
(79,172),1,1
(79,183),1,1
(79,192),1,1
(79,197),1,1
(80,9),1,1
(80,21),1,1
(80,42),1,1
(80,48),1,1
(80,66),1,1
(80,68),1,1
(80,69),1,1
(80,127),1,1
(80,138),1,1
(80,142),1,1
(81,52),1,1
(81,56),1,1
(81,60),1,1
(81,68),1,1
(81,69),1,1
(81,80),1,1
(81,88),1,1
(81,89),1,1
(81,99),1,1
(81,122),1,1
(81,127),1,1
(81,128),1,1
(81,135),1,1
(81,147),1,1
(81,157),1,1
(81,167),1,1
(81,173),1,1
(81,183),1,1
(81,191),1,1
(81,192),1,1
(81,194),1,1
(81,197),1,1
(82,0),1,1
(82,5),1,1
(82,9),1,1
(82,25),1,1
(82,29),1,1
(82,68),1,1
(82,76),1,1
(82,77),1,1
(82,118),1,1
(82,121),1,1
(82,126),1,1
(82,142),1,1
(82,153),1,1
(82,164),1,1
(82,177),1,1
(82,189),1,1
(83,4),1,1
(83,6),1,1
(83,14),1,1
(83,18),1,1
(83,25),1,1
(83,28),1,1
(83,31),1,1
(83,34),1,1
(83,35),1,1
(83,43),1,1
(83,46),1,1
(83,53),1,1
(83,61),1,1
(83,64),1,1
(83,73),1,1
(83,80),1,1
(83,87),1,1
(83,96),1,1
(83,97),1,1
(83,104),1,1
(83,106),1,1
(83,108),1,1
(83,113),1,1
(83,118),1,1
(83,146),1,1
(83,149),1,1
(83,152),1,1
(83,154),1,1
(83,160),1,1
(83,164),1,1
(83,182),1,1
(83,185),1,1
(84,3),1,1
(84,9),1,1
(84,14),1,1
(84,21),1,1
(84,22),1,1
(84,29),1,1
(84,35),1,1
(84,36),1,1
(84,61),1,1
(84,64),1,1
(84,77),1,1
(84,98),1,1
(84,103),1,1
(84,120),1,1
(84,138),1,1
(84,147),1,1
(84,152),1,1
(84,171),1,1
(84,177),1,1
(84,193),1,1
(85,1),1,1
(85,38),1,1
(85,50),1,1
(85,52),1,1
(85,53),1,1
(85,54),1,1
(85,63),1,1
(85,64),1,1
(85,74),1,1
(85,80),1,1
(85,81),1,1
(85,88),1,1
(85,95),1,1
(85,108),1,1
(85,111),1,1
(85,125),1,1
(85,129),1,1
(85,136),1,1
(85,137),1,1
(85,151),1,1
(85,156),1,1
(85,176),1,1
(85,189),1,1
(85,195),1,1
(85,199),1,1
(86,4),1,1
(86,51),1,1
(86,53),1,1
(86,62),1,1
(86,64),1,1
(86,82),1,1
(86,97),1,1
(86,100),1,1
(86,101),1,1
(86,114),1,1
(86,132),1,1
(86,137),1,1
(86,157),1,1
(86,173),1,1
(86,181),1,1
(86,182),1,1
(86,195),1,1
(87,2),1,1
(87,4),1,1
(87,22),1,1
(87,29),1,1
(87,42),1,1
(87,46),1,1
(87,52),1,1
(87,56),1,1
(87,64),1,1
(87,74),1,1
(87,88),1,1
(87,95),1,1
(87,96),1,1
(87,129),1,1
(87,135),1,1
(87,141),1,1
(87,145),1,1
(87,151),1,1
(87,160),1,1
(87,162),1,1
(87,163),1,1
(87,164),1,1
(87,181),1,1
(87,184),1,1
(88,17),1,1
(88,33),1,1
(88,41),1,1
(88,43),1,1
(88,51),1,1
(88,60),1,1
(88,81),1,1
(88,109),1,1
(88,110),1,1
(88,121),1,1
(88,131),1,1
(88,143),1,1
(88,144),1,1
(88,146),1,1
(88,154),1,1
(88,166),1,1
(88,174),1,1
(88,175),1,1
(88,194),1,1
(88,196),1,1
(88,198),1,1
(89,19),1,1
(89,25),1,1
(89,28),1,1
(89,43),1,1
(89,50),1,1
(89,58),1,1
(89,72),1,1
(89,77),1,1
(89,83),1,1
(89,113),1,1
(89,119),1,1
(89,126),1,1
(89,131),1,1
(89,142),1,1
(89,149),1,1
(89,153),1,1
(89,155),1,1
(89,158),1,1
(89,161),1,1
(89,165),1,1
(89,167),1,1
(89,175),1,1
(90,24),1,1
(90,33),1,1
(90,47),1,1
(90,57),1,1
(90,58),1,1
(90,74),1,1
(90,81),1,1
(90,86),1,1
(90,94),1,1
(90,95),1,1
(90,98),1,1
(90,104),1,1
(90,112),1,1
(90,126),1,1
(90,153),1,1
(90,176),1,1
(90,180),1,1
(90,193),1,1
(91,5),1,1
(91,17),1,1
(91,21),1,1
(91,31),1,1
(91,37),1,1
(91,50),1,1
(91,53),1,1
(91,54),1,1
(91,63),1,1
(91,66),1,1
(91,72),1,1
(91,98),1,1
(91,105),1,1
(91,109),1,1
(91,111),1,1
(91,121),1,1
(91,157),1,1
(91,159),1,1
(91,163),1,1
(91,175),1,1
(92,11),1,1
(92,16),1,1
(92,33),1,1
(92,56),1,1
(92,67),1,1
(92,84),1,1
(92,117),1,1
(92,122),1,1
(92,131),1,1
(92,142),1,1
(92,159),1,1
(92,161),1,1
(92,164),1,1
(92,182),1,1
(92,189),1,1
(93,3),1,1
(93,7),1,1
(93,8),1,1
(93,12),1,1
(93,19),1,1
(93,21),1,1
(93,60),1,1
(93,69),1,1
(93,74),1,1
(93,77),1,1
(93,79),1,1
(93,109),1,1
(93,130),1,1
(93,133),1,1
(93,141),1,1
(93,157),1,1
(93,161),1,1
(93,166),1,1
(93,182),1,1
(94,1),1,1
(94,2),1,1
(94,22),1,1
(94,26),1,1
(94,43),1,1
(94,48),1,1
(94,64),1,1
(94,66),1,1
(94,70),1,1
(94,78),1,1
(94,81),1,1
(94,84),1,1
(94,104),1,1
(94,120),1,1
(94,152),1,1
(94,167),1,1
(94,168),1,1
(94,182),1,1
(94,185),1,1
(95,1),1,1
(95,21),1,1
(95,23),1,1
(95,25),1,1
(95,27),1,1
(95,33),1,1
(95,38),1,1
(95,42),1,1
(95,60),1,1
(95,75),1,1
(95,90),1,1
(95,91),1,1
(95,99),1,1
(95,115),1,1
(95,138),1,1
(95,147),1,1
(95,163),1,1
(95,172),1,1
(95,184),1,1
(95,194),1,1
(96,4),1,1
(96,10),1,1
(96,19),1,1
(96,24),1,1
(96,26),1,1
(96,38),1,1
(96,41),1,1
(96,49),1,1
(96,56),1,1
(96,61),1,1
(96,66),1,1
(96,82),1,1
(96,84),1,1
(96,86),1,1
(96,108),1,1
(96,110),1,1
(96,112),1,1
(96,117),1,1
(96,124),1,1
(96,174),1,1
(96,175),1,1
(96,178),1,1
(96,192),1,1
(96,195),1,1
(97,12),1,1
(97,15),1,1
(97,22),1,1
(97,61),1,1
(97,82),1,1
(97,122),1,1
(97,124),1,1
(97,128),1,1
(97,130),1,1
(97,150),1,1
(97,158),1,1
(97,164),1,1
(97,165),1,1
(97,171),1,1
(97,175),1,1
(97,179),1,1
(97,181),1,1
(97,194),1,1
(98,6),1,1
(98,12),1,1
(98,13),1,1
(98,14),1,1
(98,26),1,1
(98,31),1,1
(98,39),1,1
(98,56),1,1
(98,60),1,1
(98,78),1,1
(98,79),1,1
(98,86),1,1
(98,108),1,1
(98,115),1,1
(98,119),1,1
(98,120),1,1
(98,126),1,1
(98,134),1,1
(98,151),1,1
(98,172),1,1
(98,177),1,1
(98,189),1,1
(99,5),1,1
(99,11),1,1
(99,16),1,1
(99,18),1,1
(99,23),1,1
(99,26),1,1
(99,28),1,1
(99,46),1,1
(99,50),1,1
(99,66),1,1
(99,82),1,1
(99,83),1,1
(99,94),1,1
(99,102),1,1
(99,111),1,1
(99,112),1,1
(99,114),1,1
(99,119),1,1
(99,128),1,1
(99,130),1,1
(99,144),1,1
(99,160),1,1
(99,161),1,1
(99,166),1,1
(99,167),1,1
(99,173),1,1
(99,174),1,1
(99,180),1,1
(99,183),1,1
(99,184),1,1
(99,196),1,1
(100,3),1,1
(100,35),1,1
(100,36),1,1
(100,46),1,1
(100,90),1,1
(100,94),1,1
(100,102),1,1
(100,107),1,1
(100,141),1,1
(100,145),1,1
(100,149),1,1
(100,159),1,1
(100,162),1,1
(100,164),1,1
(100,165),1,1
(100,168),1,1
(100,173),1,1
(100,181),1,1
(101,12),1,1
(101,28),1,1
(101,42),1,1
(101,69),1,1
(101,77),1,1
(101,83),1,1
(101,122),1,1
(101,149),1,1
(101,153),1,1
(101,156),1,1
(101,169),1,1
(101,174),1,1
(101,182),1,1
(101,189),1,1
(102,0),1,1
(102,1),1,1
(102,2),1,1
(102,5),1,1
(102,7),1,1
(102,57),1,1
(102,89),1,1
(102,92),1,1
(102,114),1,1
(102,120),1,1
(102,143),1,1
(102,145),1,1
(102,146),1,1
(102,147),1,1
(102,148),1,1
(102,160),1,1
(102,168),1,1
(102,184),1,1
(102,190),1,1
(103,4),1,1
(103,15),1,1
(103,50),1,1
(103,51),1,1
(103,57),1,1
(103,66),1,1
(103,69),1,1
(103,77),1,1
(103,96),1,1
(103,98),1,1
(103,102),1,1
(103,117),1,1
(103,118),1,1
(103,121),1,1
(103,125),1,1
(103,126),1,1
(103,135),1,1
(103,140),1,1
(103,145),1,1
(103,162),1,1
(103,169),1,1
(103,195),1,1
(103,199),1,1
(104,4),1,1
(104,11),1,1
(104,17),1,1
(104,20),1,1
(104,22),1,1
(104,36),1,1
(104,50),1,1
(104,52),1,1
(104,63),1,1
(104,68),1,1
(104,72),1,1
(104,76),1,1
(104,79),1,1
(104,83),1,1
(104,85),1,1
(104,87),1,1
(104,110),1,1
(104,127),1,1
(104,132),1,1
(104,142),1,1
(104,144),1,1
(104,149),1,1
(104,166),1,1
(104,174),1,1
(104,180),1,1
(104,181),1,1
(104,194),1,1
(105,12),1,1
(105,14),1,1
(105,18),1,1
(105,19),1,1
(105,27),1,1
(105,44),1,1
(105,49),1,1
(105,50),1,1
(105,59),1,1
(105,72),1,1
(105,76),1,1
(105,79),1,1
(105,84),1,1
(105,90),1,1
(105,108),1,1
(105,122),1,1
(105,123),1,1
(105,125),1,1
(105,135),1,1
(105,136),1,1
(105,149),1,1
(105,158),1,1
(105,165),1,1
(105,173),1,1
(105,184),1,1
(105,196),1,1
(106,9),1,1
(106,16),1,1
(106,17),1,1
(106,37),1,1
(106,41),1,1
(106,44),1,1
(106,47),1,1
(106,51),1,1
(106,53),1,1
(106,61),1,1
(106,75),1,1
(106,83),1,1
(106,88),1,1
(106,90),1,1
(106,102),1,1
(106,103),1,1
(106,104),1,1
(106,109),1,1
(106,118),1,1
(106,131),1,1
(106,136),1,1
(106,153),1,1
(106,162),1,1
(106,189),1,1
(107,5),1,1
(107,7),1,1
(107,14),1,1
(107,45),1,1
(107,47),1,1
(107,51),1,1
(107,53),1,1
(107,61),1,1
(107,67),1,1
(107,68),1,1
(107,79),1,1
(107,87),1,1
(107,98),1,1
(107,108),1,1
(107,114),1,1
(107,133),1,1
(107,168),1,1
(107,169),1,1
(107,176),1,1
(107,177),1,1
(107,182),1,1
(107,187),1,1
(108,1),1,1
(108,6),1,1
(108,8),1,1
(108,13),1,1
(108,23),1,1
(108,55),1,1
(108,61),1,1
(108,88),1,1
(108,97),1,1
(108,103),1,1
(108,106),1,1
(108,113),1,1
(108,118),1,1
(108,150),1,1
(108,154),1,1
(108,162),1,1
(108,167),1,1
(108,175),1,1
(108,185),1,1
(108,186),1,1
(108,195),1,1
(109,5),1,1
(109,8),1,1
(109,12),1,1
(109,25),1,1
(109,37),1,1
(109,56),1,1
(109,60),1,1
(109,66),1,1
(109,81),1,1
(109,91),1,1
(109,125),1,1
(109,132),1,1
(109,134),1,1
(109,146),1,1
(109,154),1,1
(109,170),1,1
(109,185),1,1
(109,188),1,1
(109,195),1,1
(110,6),1,1
(110,16),1,1
(110,24),1,1
(110,39),1,1
(110,41),1,1
(110,55),1,1
(110,60),1,1
(110,63),1,1
(110,69),1,1
(110,70),1,1
(110,75),1,1
(110,76),1,1
(110,88),1,1
(110,111),1,1
(110,139),1,1
(110,140),1,1
(110,150),1,1
(110,158),1,1
(110,169),1,1
(110,175),1,1
(110,183),1,1
(110,197),1,1
(110,198),1,1
(111,2),1,1
(111,3),1,1
(111,4),1,1
(111,13),1,1
(111,17),1,1
(111,31),1,1
(111,52),1,1
(111,56),1,1
(111,65),1,1
(111,69),1,1
(111,79),1,1
(111,101),1,1
(111,104),1,1
(111,113),1,1
(111,118),1,1
(111,122),1,1
(111,127),1,1
(111,137),1,1
(111,146),1,1
(111,153),1,1
(111,155),1,1
(111,171),1,1
(111,180),1,1
(111,189),1,1
(112,2),1,1
(112,4),1,1
(112,20),1,1
(112,22),1,1
(112,31),1,1
(112,32),1,1
(112,41),1,1
(112,59),1,1
(112,61),1,1
(112,64),1,1
(112,65),1,1
(112,77),1,1
(112,81),1,1
(112,94),1,1
(112,103),1,1
(112,107),1,1
(112,116),1,1
(112,119),1,1
(112,134),1,1
(112,140),1,1
(112,144),1,1
(112,152),1,1
(112,157),1,1
(112,193),1,1
(113,7),1,1
(113,13),1,1
(113,16),1,1
(113,17),1,1
(113,19),1,1
(113,38),1,1
(113,54),1,1
(113,71),1,1
(113,78),1,1
(113,83),1,1
(113,94),1,1
(113,135),1,1
(113,136),1,1
(113,139),1,1
(113,140),1,1
(113,141),1,1
(113,144),1,1
(113,152),1,1
(113,156),1,1
(113,158),1,1
(113,184),1,1
(114,7),1,1
(114,11),1,1
(114,14),1,1
(114,22),1,1
(114,37),1,1
(114,42),1,1
(114,45),1,1
(114,61),1,1
(114,62),1,1
(114,72),1,1
(114,89),1,1
(114,101),1,1
(114,130),1,1
(114,135),1,1
(114,141),1,1
(114,145),1,1
(114,152),1,1
(114,178),1,1
(114,179),1,1
(114,190),1,1
(115,0),1,1
(115,12),1,1
(115,19),1,1
(115,31),1,1
(115,74),1,1
(115,84),1,1
(115,104),1,1
(115,120),1,1
(115,131),1,1
(115,133),1,1
(115,135),1,1
(115,148),1,1
(115,149),1,1
(115,161),1,1
(115,164),1,1
(116,3),1,1
(116,10),1,1
(116,25),1,1
(116,76),1,1
(116,95),1,1
(116,110),1,1
(116,120),1,1
(116,123),1,1
(116,125),1,1
(116,140),1,1
(116,145),1,1
(116,158),1,1
(116,160),1,1
(116,162),1,1
(116,167),1,1
(116,184),1,1
(116,195),1,1
(117,22),1,1
(117,25),1,1
(117,34),1,1
(117,43),1,1
(117,50),1,1
(117,79),1,1
(117,88),1,1
(117,99),1,1
(117,108),1,1
(117,163),1,1
(117,169),1,1
(117,185),1,1
(118,2),1,1
(118,20),1,1
(118,22),1,1
(118,23),1,1
(118,28),1,1
(118,35),1,1
(118,38),1,1
(118,100),1,1
(118,116),1,1
(118,124),1,1
(118,125),1,1
(118,133),1,1
(118,140),1,1
(118,145),1,1
(118,161),1,1
(118,168),1,1
(118,172),1,1
(119,26),1,1
(119,31),1,1
(119,34),1,1
(119,36),1,1
(119,38),1,1
(119,39),1,1
(119,46),1,1
(119,57),1,1
(119,67),1,1
(119,87),1,1
(119,94),1,1
(119,99),1,1
(119,106),1,1
(119,109),1,1
(119,126),1,1
(119,132),1,1
(119,139),1,1
(119,146),1,1
(119,148),1,1
(119,149),1,1
(119,151),1,1
(119,152),1,1
(119,154),1,1
(119,162),1,1
(119,175),1,1
(119,179),1,1
(119,185),1,1
(119,195),1,1
(120,15),1,1
(120,46),1,1
(120,47),1,1
(120,63),1,1
(120,86),1,1
(120,98),1,1
(120,116),1,1
(120,132),1,1
(120,137),1,1
(120,146),1,1
(120,152),1,1
(120,156),1,1
(120,158),1,1
(120,161),1,1
(120,177),1,1
(121,21),1,1
(121,26),1,1
(121,28),1,1
(121,34),1,1
(121,38),1,1
(121,46),1,1
(121,52),1,1
(121,55),1,1
(121,62),1,1
(121,66),1,1
(121,70),1,1
(121,73),1,1
(121,82),1,1
(121,83),1,1
(121,111),1,1
(121,119),1,1
(121,157),1,1
(121,171),1,1
(121,174),1,1
(121,176),1,1
(121,180),1,1
(121,181),1,1
(121,185),1,1
(121,186),1,1
(121,198),1,1
(122,16),1,1
(122,24),1,1
(122,25),1,1
(122,32),1,1
(122,43),1,1
(122,48),1,1
(122,50),1,1
(122,67),1,1
(122,70),1,1
(122,72),1,1
(122,98),1,1
(122,103),1,1
(122,107),1,1
(122,110),1,1
(122,130),1,1
(122,133),1,1
(122,135),1,1
(122,148),1,1
(122,152),1,1
(122,158),1,1
(122,162),1,1
(122,165),1,1
(122,176),1,1
(122,180),1,1
(123,12),1,1
(123,15),1,1
(123,17),1,1
(123,26),1,1
(123,31),1,1
(123,32),1,1
(123,34),1,1
(123,40),1,1
(123,52),1,1
(123,55),1,1
(123,74),1,1
(123,83),1,1
(123,86),1,1
(123,95),1,1
(123,96),1,1
(123,106),1,1
(123,112),1,1
(123,125),1,1
(123,151),1,1
(123,153),1,1
(123,156),1,1
(123,180),1,1
(123,184),1,1
(123,186),1,1
(123,198),1,1
(124,14),1,1
(124,59),1,1
(124,60),1,1
(124,72),1,1
(124,73),1,1
(124,90),1,1
(124,93),1,1
(124,97),1,1
(124,111),1,1
(124,121),1,1
(124,141),1,1
(124,151),1,1
(124,154),1,1
(124,161),1,1
(124,181),1,1
(124,184),1,1
(124,196),1,1
(125,0),1,1
(125,9),1,1
(125,16),1,1
(125,23),1,1
(125,32),1,1
(125,40),1,1
(125,45),1,1
(125,55),1,1
(125,58),1,1
(125,69),1,1
(125,90),1,1
(125,96),1,1
(125,98),1,1
(125,105),1,1
(125,111),1,1
(125,134),1,1
(125,140),1,1
(125,157),1,1
(125,159),1,1
(125,160),1,1
(125,166),1,1
(125,176),1,1
(125,184),1,1
(126,6),1,1
(126,7),1,1
(126,23),1,1
(126,24),1,1
(126,26),1,1
(126,38),1,1
(126,47),1,1
(126,78),1,1
(126,83),1,1
(126,101),1,1
(126,109),1,1
(126,113),1,1
(126,116),1,1
(126,125),1,1
(126,135),1,1
(126,147),1,1
(126,148),1,1
(126,155),1,1
(126,162),1,1
(126,176),1,1
(126,182),1,1
(126,186),1,1
(126,198),1,1
(127,13),1,1
(127,38),1,1
(127,42),1,1
(127,53),1,1
(127,65),1,1
(127,88),1,1
(127,91),1,1
(127,98),1,1
(127,105),1,1
(127,107),1,1
(127,110),1,1
(127,130),1,1
(127,162),1,1
(127,175),1,1
(127,179),1,1
(127,192),1,1
(128,9),1,1
(128,21),1,1
(128,30),1,1
(128,38),1,1
(128,45),1,1
(128,55),1,1
(128,56),1,1
(128,58),1,1
(128,64),1,1
(128,65),1,1
(128,76),1,1
(128,82),1,1
(128,85),1,1
(128,86),1,1
(128,96),1,1
(128,99),1,1
(128,110),1,1
(128,114),1,1
(128,132),1,1
(128,151),1,1
(128,152),1,1
(128,164),1,1
(128,170),1,1
(128,181),1,1
(128,182),1,1
(128,186),1,1
(128,187),1,1
(128,189),1,1
(128,199),1,1
(129,2),1,1
(129,12),1,1
(129,14),1,1
(129,23),1,1
(129,24),1,1
(129,26),1,1
(129,39),1,1
(129,51),1,1
(129,56),1,1
(129,74),1,1
(129,76),1,1
(129,92),1,1
(129,94),1,1
(129,95),1,1
(129,101),1,1
(129,124),1,1
(129,155),1,1
(129,159),1,1
(129,176),1,1
(130,2),1,1
(130,7),1,1
(130,27),1,1
(130,33),1,1
(130,38),1,1
(130,67),1,1
(130,74),1,1
(130,87),1,1
(130,97),1,1
(130,110),1,1
(130,113),1,1
(130,131),1,1
(130,161),1,1
(130,169),1,1
(130,179),1,1
(130,184),1,1
(131,6),1,1
(131,18),1,1
(131,31),1,1
(131,32),1,1
(131,56),1,1
(131,58),1,1
(131,82),1,1
(131,92),1,1
(131,108),1,1
(131,115),1,1
(131,120),1,1
(131,149),1,1
(131,165),1,1
(131,185),1,1
(131,193),1,1
(131,199),1,1
(132,25),1,1
(132,35),1,1
(132,39),1,1
(132,50),1,1
(132,55),1,1
(132,63),1,1
(132,66),1,1
(132,78),1,1
(132,94),1,1
(132,95),1,1
(132,104),1,1
(132,119),1,1
(132,121),1,1
(132,124),1,1
(132,128),1,1
(132,134),1,1
(132,152),1,1
(132,154),1,1
(132,184),1,1
(132,192),1,1
(132,195),1,1
(133,7),1,1
(133,9),1,1
(133,17),1,1
(133,31),1,1
(133,32),1,1
(133,40),1,1
(133,54),1,1
(133,63),1,1
(133,67),1,1
(133,74),1,1
(133,112),1,1
(133,115),1,1
(133,130),1,1
(133,132),1,1
(133,143),1,1
(133,194),1,1
(134,2),1,1
(134,8),1,1
(134,14),1,1
(134,24),1,1
(134,26),1,1
(134,32),1,1
(134,54),1,1
(134,68),1,1
(134,70),1,1
(134,82),1,1
(134,88),1,1
(134,108),1,1
(134,143),1,1
(134,164),1,1
(134,184),1,1
(134,194),1,1
(135,16),1,1
(135,25),1,1
(135,28),1,1
(135,48),1,1
(135,50),1,1
(135,58),1,1
(135,83),1,1
(135,84),1,1
(135,94),1,1
(135,97),1,1
(135,110),1,1
(135,126),1,1
(135,132),1,1
(135,139),1,1
(135,153),1,1
(135,159),1,1
(135,162),1,1
(135,165),1,1
(135,167),1,1
(135,169),1,1
(135,170),1,1
(135,176),1,1
(135,182),1,1
(135,186),1,1
(135,194),1,1
(136,30),1,1
(136,40),1,1
(136,48),1,1
(136,53),1,1
(136,59),1,1
(136,60),1,1
(136,67),1,1
(136,76),1,1
(136,77),1,1
(136,83),1,1
(136,88),1,1
(136,105),1,1
(136,118),1,1
(136,129),1,1
(136,131),1,1
(136,143),1,1
(136,145),1,1
(136,147),1,1
(136,155),1,1
(136,158),1,1
(136,166),1,1
(136,193),1,1
(136,199),1,1
(137,2),1,1
(137,12),1,1
(137,14),1,1
(137,23),1,1
(137,26),1,1
(137,46),1,1
(137,48),1,1
(137,73),1,1
(137,93),1,1
(137,95),1,1
(137,111),1,1
(137,165),1,1
(137,169),1,1
(137,177),1,1
(137,188),1,1
(137,193),1,1
(137,197),1,1
(138,2),1,1
(138,8),1,1
(138,28),1,1
(138,30),1,1
(138,35),1,1
(138,40),1,1
(138,68),1,1
(138,79),1,1
(138,96),1,1
(138,127),1,1
(138,137),1,1
(138,157),1,1
(138,180),1,1
(138,183),1,1
(139,19),1,1
(139,21),1,1
(139,52),1,1
(139,57),1,1
(139,63),1,1
(139,65),1,1
(139,68),1,1
(139,103),1,1
(139,105),1,1
(139,106),1,1
(139,114),1,1
(139,117),1,1
(139,133),1,1
(139,161),1,1
(139,164),1,1
(139,168),1,1
(139,170),1,1
(139,171),1,1
(139,189),1,1
(139,195),1,1
(140,23),1,1
(140,29),1,1
(140,51),1,1
(140,65),1,1
(140,90),1,1
(140,91),1,1
(140,134),1,1
(140,137),1,1
(140,151),1,1
(140,167),1,1
(140,183),1,1
(140,185),1,1
(140,193),1,1
(140,195),1,1
(141,2),1,1
(141,3),1,1
(141,5),1,1
(141,16),1,1
(141,37),1,1
(141,42),1,1
(141,50),1,1
(141,59),1,1
(141,63),1,1
(141,67),1,1
(141,84),1,1
(141,95),1,1
(141,108),1,1
(141,120),1,1
(141,122),1,1
(141,125),1,1
(141,135),1,1
(141,136),1,1
(141,143),1,1
(141,171),1,1
(141,173),1,1
(141,176),1,1
(142,6),1,1
(142,15),1,1
(142,21),1,1
(142,24),1,1
(142,29),1,1
(142,36),1,1
(142,60),1,1
(142,84),1,1
(142,87),1,1
(142,88),1,1
(142,110),1,1
(142,118),1,1
(142,129),1,1
(142,156),1,1
(142,165),1,1
(142,177),1,1
(142,179),1,1
(142,182),1,1
(142,189),1,1
(143,2),1,1
(143,6),1,1
(143,16),1,1
(143,18),1,1
(143,19),1,1
(143,23),1,1
(143,26),1,1
(143,32),1,1
(143,36),1,1
(143,44),1,1
(143,45),1,1
(143,55),1,1
(143,68),1,1
(143,71),1,1
(143,82),1,1
(143,83),1,1
(143,85),1,1
(143,90),1,1
(143,102),1,1
(143,118),1,1
(143,121),1,1
(143,132),1,1
(143,145),1,1
(143,165),1,1
(143,166),1,1
(143,168),1,1
(143,169),1,1
(143,176),1,1
(143,195),1,1
(144,6),1,1
(144,15),1,1
(144,17),1,1
(144,30),1,1
(144,32),1,1
(144,54),1,1
(144,59),1,1
(144,66),1,1
(144,72),1,1
(144,75),1,1
(144,105),1,1
(144,106),1,1
(144,108),1,1
(144,114),1,1
(144,120),1,1
(144,121),1,1
(144,122),1,1
(144,183),1,1
(145,22),1,1
(145,68),1,1
(145,70),1,1
(145,77),1,1
(145,91),1,1
(145,96),1,1
(145,126),1,1
(145,127),1,1
(145,133),1,1
(145,152),1,1
(145,160),1,1
(145,167),1,1
(145,174),1,1
(145,180),1,1
(145,184),1,1
(145,197),1,1
(146,6),1,1
(146,52),1,1
(146,53),1,1
(146,62),1,1
(146,70),1,1
(146,79),1,1
(146,93),1,1
(146,111),1,1
(146,121),1,1
(146,128),1,1
(146,130),1,1
(146,137),1,1
(146,148),1,1
(146,151),1,1
(146,152),1,1
(146,168),1,1
(146,181),1,1
(146,186),1,1
(147,1),1,1
(147,3),1,1
(147,23),1,1
(147,38),1,1
(147,51),1,1
(147,77),1,1
(147,109),1,1
(147,117),1,1
(147,143),1,1
(147,156),1,1
(147,160),1,1
(147,170),1,1
(147,174),1,1
(147,175),1,1
(148,4),1,1
(148,14),1,1
(148,16),1,1
(148,18),1,1
(148,23),1,1
(148,26),1,1
(148,27),1,1
(148,29),1,1
(148,33),1,1
(148,40),1,1
(148,50),1,1
(148,63),1,1
(148,70),1,1
(148,86),1,1
(148,90),1,1
(148,93),1,1
(148,109),1,1
(148,126),1,1
(148,129),1,1
(148,130),1,1
(148,142),1,1
(148,152),1,1
(148,154),1,1
(148,160),1,1
(148,162),1,1
(148,173),1,1
(148,176),1,1
(148,182),1,1
(148,198),1,1
(149,0),1,1
(149,23),1,1
(149,25),1,1
(149,31),1,1
(149,33),1,1
(149,42),1,1
(149,45),1,1
(149,46),1,1
(149,47),1,1
(149,50),1,1
(149,78),1,1
(149,83),1,1
(149,84),1,1
(149,88),1,1
(149,98),1,1
(149,99),1,1
(149,115),1,1
(149,116),1,1
(149,131),1,1
(149,142),1,1
(149,143),1,1
(149,168),1,1
(149,174),1,1
(149,190),1,1
(149,194),1,1
(149,197),1,1
(149,199),1,1
(150,10),1,1
(150,15),1,1
(150,18),1,1
(150,19),1,1
(150,26),1,1
(150,108),1,1
(150,111),1,1
(150,129),1,1
(150,148),1,1
(150,178),1,1
(150,191),1,1
(151,29),1,1
(151,31),1,1
(151,36),1,1
(151,38),1,1
(151,58),1,1
(151,92),1,1
(151,105),1,1
(151,106),1,1
(151,111),1,1
(151,120),1,1
(151,131),1,1
(151,142),1,1
(151,156),1,1
(151,166),1,1
(151,171),1,1
(151,177),1,1
(151,178),1,1
(151,186),1,1
(151,187),1,1
(151,192),1,1
(152,2),1,1
(152,18),1,1
(152,25),1,1
(152,26),1,1
(152,28),1,1
(152,31),1,1
(152,44),1,1
(152,64),1,1
(152,72),1,1
(152,79),1,1
(152,83),1,1
(152,91),1,1
(152,101),1,1
(152,107),1,1
(152,116),1,1
(152,128),1,1
(152,143),1,1
(152,144),1,1
(152,153),1,1
(152,154),1,1
(152,159),1,1
(152,168),1,1
(152,187),1,1
(152,191),1,1
(152,192),1,1
(152,197),1,1
(153,9),1,1
(153,23),1,1
(153,26),1,1
(153,34),1,1
(153,37),1,1
(153,49),1,1
(153,67),1,1
(153,75),1,1
(153,89),1,1
(153,111),1,1
(153,137),1,1
(153,149),1,1
(153,151),1,1
(153,162),1,1
(153,164),1,1
(153,180),1,1
(153,188),1,1
(153,194),1,1
(154,7),1,1
(154,15),1,1
(154,28),1,1
(154,37),1,1
(154,38),1,1
(154,50),1,1
(154,63),1,1
(154,94),1,1
(154,100),1,1
(154,105),1,1
(154,107),1,1
(154,117),1,1
(154,121),1,1
(154,131),1,1
(154,147),1,1
(154,150),1,1
(154,161),1,1
(154,172),1,1
(154,181),1,1
(154,186),1,1
(154,187),1,1
(154,190),1,1
(154,198),1,1
(155,2),1,1
(155,3),1,1
(155,12),1,1
(155,15),1,1
(155,21),1,1
(155,59),1,1
(155,66),1,1
(155,69),1,1
(155,87),1,1
(155,100),1,1
(155,114),1,1
(155,117),1,1
(155,121),1,1
(155,133),1,1
(155,135),1,1
(155,169),1,1
(155,191),1,1
(155,192),1,1
(156,10),1,1
(156,12),1,1
(156,18),1,1
(156,24),1,1
(156,37),1,1
(156,49),1,1
(156,94),1,1
(156,97),1,1
(156,99),1,1
(156,115),1,1
(156,116),1,1
(156,122),1,1
(156,127),1,1
(156,129),1,1
(156,161),1,1
(157,3),1,1
(157,15),1,1
(157,24),1,1
(157,56),1,1
(157,57),1,1
(157,60),1,1
(157,73),1,1
(157,74),1,1
(157,77),1,1
(157,95),1,1
(157,101),1,1
(157,109),1,1
(157,118),1,1
(157,120),1,1
(157,124),1,1
(157,138),1,1
(157,141),1,1
(157,160),1,1
(157,170),1,1
(157,171),1,1
(157,179),1,1
(157,181),1,1
(157,191),1,1
(157,197),1,1
(158,9),1,1
(158,20),1,1
(158,23),1,1
(158,28),1,1
(158,31),1,1
(158,34),1,1
(158,56),1,1
(158,57),1,1
(158,69),1,1
(158,88),1,1
(158,93),1,1
(158,108),1,1
(158,116),1,1
(158,123),1,1
(158,128),1,1
(158,136),1,1
(158,164),1,1
(158,170),1,1
(158,179),1,1
(159,19),1,1
(159,31),1,1
(159,51),1,1
(159,55),1,1
(159,66),1,1
(159,68),1,1
(159,69),1,1
(159,76),1,1
(159,86),1,1
(159,104),1,1
(159,119),1,1
(159,129),1,1
(159,141),1,1
(159,171),1,1
(159,182),1,1
(159,188),1,1
(160,8),1,1
(160,12),1,1
(160,15),1,1
(160,25),1,1
(160,31),1,1
(160,55),1,1
(160,62),1,1
(160,84),1,1
(160,85),1,1
(160,91),1,1
(160,95),1,1
(160,97),1,1
(160,114),1,1
(160,137),1,1
(160,141),1,1
(160,149),1,1
(160,151),1,1
(160,157),1,1
(160,167),1,1
(160,185),1,1
(160,189),1,1
(161,5),1,1
(161,11),1,1
(161,37),1,1
(161,39),1,1
(161,46),1,1
(161,70),1,1
(161,82),1,1
(161,84),1,1
(161,91),1,1
(161,103),1,1
(161,105),1,1
(161,131),1,1
(161,134),1,1
(161,139),1,1
(161,140),1,1
(161,167),1,1
(161,180),1,1
(161,189),1,1
(161,190),1,1
(162,13),1,1
(162,15),1,1
(162,18),1,1
(162,19),1,1
(162,27),1,1
(162,32),1,1
(162,37),1,1
(162,43),1,1
(162,49),1,1
(162,53),1,1
(162,55),1,1
(162,61),1,1
(162,79),1,1
(162,86),1,1
(162,96),1,1
(162,107),1,1
(162,117),1,1
(162,121),1,1
(162,135),1,1
(162,150),1,1
(162,159),1,1
(162,163),1,1
(162,165),1,1
(162,179),1,1
(162,184),1,1
(162,195),1,1
(162,198),1,1
(163,23),1,1
(163,24),1,1
(163,28),1,1
(163,51),1,1
(163,69),1,1
(163,81),1,1
(163,120),1,1
(163,167),1,1
(163,170),1,1
(163,175),1,1
(163,189),1,1
(164,3),1,1
(164,8),1,1
(164,18),1,1
(164,21),1,1
(164,37),1,1
(164,58),1,1
(164,67),1,1
(164,78),1,1
(164,89),1,1
(164,92),1,1
(164,97),1,1
(164,103),1,1
(164,113),1,1
(164,114),1,1
(164,117),1,1
(164,126),1,1
(164,136),1,1
(164,142),1,1
(164,150),1,1
(164,151),1,1
(165,3),1,1
(165,20),1,1
(165,59),1,1
(165,68),1,1
(165,72),1,1
(165,73),1,1
(165,75),1,1
(165,96),1,1
(165,108),1,1
(165,125),1,1
(165,133),1,1
(165,139),1,1
(165,145),1,1
(165,170),1,1
(165,176),1,1
(165,192),1,1
(165,196),1,1
(166,25),1,1
(166,32),1,1
(166,33),1,1
(166,39),1,1
(166,45),1,1
(166,46),1,1
(166,59),1,1
(166,63),1,1
(166,66),1,1
(166,75),1,1
(166,92),1,1
(166,103),1,1
(166,126),1,1
(166,132),1,1
(166,146),1,1
(166,156),1,1
(166,158),1,1
(166,176),1,1
(166,180),1,1
(167,21),1,1
(167,22),1,1
(167,37),1,1
(167,45),1,1
(167,50),1,1
(167,56),1,1
(167,68),1,1
(167,70),1,1
(167,73),1,1
(167,79),1,1
(167,80),1,1
(167,88),1,1
(167,102),1,1
(167,122),1,1
(167,124),1,1
(167,137),1,1
(167,138),1,1
(167,150),1,1
(167,161),1,1
(167,168),1,1
(167,178),1,1
(167,180),1,1
(167,186),1,1
(167,190),1,1
(167,192),1,1
(167,198),1,1
(168,0),1,1
(168,11),1,1
(168,17),1,1
(168,29),1,1
(168,57),1,1
(168,70),1,1
(168,79),1,1
(168,96),1,1
(168,105),1,1
(168,106),1,1
(168,114),1,1
(168,120),1,1
(168,125),1,1
(168,130),1,1
(168,131),1,1
(168,142),1,1
(168,148),1,1
(168,149),1,1
(168,172),1,1
(168,180),1,1
(168,183),1,1
(168,185),1,1
(168,195),1,1
(169,17),1,1
(169,52),1,1
(169,53),1,1
(169,60),1,1
(169,83),1,1
(169,86),1,1
(169,99),1,1
(169,107),1,1
(169,124),1,1
(169,135),1,1
(169,136),1,1
(169,141),1,1
(169,144),1,1
(169,172),1,1
(169,175),1,1
(169,183),1,1
(169,197),1,1
(169,199),1,1
(170,1),1,1
(170,16),1,1
(170,28),1,1
(170,50),1,1
(170,52),1,1
(170,84),1,1
(170,93),1,1
(170,113),1,1
(170,164),1,1
(170,188),1,1
(170,189),1,1
(171,19),1,1
(171,21),1,1
(171,54),1,1
(171,55),1,1
(171,63),1,1
(171,69),1,1
(171,114),1,1
(171,117),1,1
(171,119),1,1
(171,123),1,1
(171,128),1,1
(171,133),1,1
(171,136),1,1
(171,140),1,1
(171,162),1,1
(171,172),1,1
(171,175),1,1
(171,190),1,1
(171,195),1,1
(172,10),1,1
(172,18),1,1
(172,31),1,1
(172,48),1,1
(172,51),1,1
(172,53),1,1
(172,62),1,1
(172,76),1,1
(172,77),1,1
(172,79),1,1
(172,86),1,1
(172,90),1,1
(172,91),1,1
(172,107),1,1
(172,108),1,1
(172,110),1,1
(172,121),1,1
(172,128),1,1
(172,140),1,1
(172,143),1,1
(172,146),1,1
(172,160),1,1
(172,198),1,1
(173,17),1,1
(173,21),1,1
(173,26),1,1
(173,30),1,1
(173,32),1,1
(173,34),1,1
(173,40),1,1
(173,71),1,1
(173,76),1,1
(173,105),1,1
(173,113),1,1
(173,132),1,1
(173,158),1,1
(173,163),1,1
(173,164),1,1
(173,166),1,1
(173,180),1,1
(173,183),1,1
(173,187),1,1
(173,193),1,1
(174,20),1,1
(174,21),1,1
(174,23),1,1
(174,31),1,1
(174,32),1,1
(174,47),1,1
(174,53),1,1
(174,63),1,1
(174,69),1,1
(174,71),1,1
(174,85),1,1
(174,86),1,1
(174,111),1,1
(174,140),1,1
(174,179),1,1
(175,9),1,1
(175,12),1,1
(175,18),1,1
(175,29),1,1
(175,36),1,1
(175,37),1,1
(175,48),1,1
(175,54),1,1
(175,61),1,1
(175,63),1,1
(175,66),1,1
(175,106),1,1
(175,116),1,1
(175,147),1,1
(175,154),1,1
(175,160),1,1
(175,164),1,1
(175,165),1,1
(175,168),1,1
(175,183),1,1
(175,190),1,1
(176,3),1,1
(176,30),1,1
(176,32),1,1
(176,43),1,1
(176,48),1,1
(176,51),1,1
(176,60),1,1
(176,61),1,1
(176,65),1,1
(176,67),1,1
(176,75),1,1
(176,85),1,1
(176,94),1,1
(176,109),1,1
(176,122),1,1
(176,128),1,1
(176,166),1,1
(176,171),1,1
(176,183),1,1
(177,8),1,1
(177,9),1,1
(177,10),1,1
(177,15),1,1
(177,23),1,1
(177,25),1,1
(177,28),1,1
(177,63),1,1
(177,66),1,1
(177,75),1,1
(177,80),1,1
(177,95),1,1
(177,117),1,1
(177,119),1,1
(177,131),1,1
(177,140),1,1
(177,158),1,1
(177,161),1,1
(177,172),1,1
(177,187),1,1
(177,195),1,1
(177,196),1,1
(178,1),1,1
(178,8),1,1
(178,15),1,1
(178,25),1,1
(178,33),1,1
(178,55),1,1
(178,56),1,1
(178,59),1,1
(178,69),1,1
(178,74),1,1
(178,76),1,1
(178,79),1,1
(178,87),1,1
(178,95),1,1
(178,112),1,1
(178,116),1,1
(178,121),1,1
(178,127),1,1
(178,140),1,1
(178,160),1,1
(178,169),1,1
(179,0),1,1
(179,5),1,1
(179,7),1,1
(179,9),1,1
(179,32),1,1
(179,53),1,1
(179,60),1,1
(179,65),1,1
(179,69),1,1
(179,70),1,1
(179,76),1,1
(179,83),1,1
(179,105),1,1
(179,111),1,1
(179,114),1,1
(179,119),1,1
(179,149),1,1
(179,151),1,1
(179,164),1,1
(179,192),1,1
(179,195),1,1
(180,0),1,1
(180,6),1,1
(180,13),1,1
(180,14),1,1
(180,18),1,1
(180,20),1,1
(180,33),1,1
(180,40),1,1
(180,41),1,1
(180,61),1,1
(180,81),1,1
(180,93),1,1
(180,95),1,1
(180,98),1,1
(180,105),1,1
(180,112),1,1
(180,117),1,1
(180,156),1,1
(180,173),1,1
(180,185),1,1
(180,187),1,1
(180,189),1,1
(181,3),1,1
(181,6),1,1
(181,18),1,1
(181,20),1,1
(181,66),1,1
(181,90),1,1
(181,92),1,1
(181,97),1,1
(181,118),1,1
(181,130),1,1
(181,135),1,1
(181,143),1,1
(181,147),1,1
(181,158),1,1
(181,176),1,1
(181,189),1,1
(181,194),1,1
(181,196),1,1
(182,12),1,1
(182,28),1,1
(182,30),1,1
(182,34),1,1
(182,47),1,1
(182,71),1,1
(182,78),1,1
(182,80),1,1
(182,114),1,1
(182,132),1,1
(182,137),1,1
(182,139),1,1
(182,144),1,1
(182,149),1,1
(182,165),1,1
(182,172),1,1
(182,173),1,1
(182,180),1,1
(182,186),1,1
(182,194),1,1
(182,196),1,1
(183,14),1,1
(183,19),1,1
(183,20),1,1
(183,26),1,1
(183,28),1,1
(183,34),1,1
(183,53),1,1
(183,58),1,1
(183,61),1,1
(183,74),1,1
(183,77),1,1
(183,92),1,1
(183,121),1,1
(183,129),1,1
(183,130),1,1
(183,138),1,1
(183,151),1,1
(183,154),1,1
(183,158),1,1
(183,169),1,1
(183,180),1,1
(183,182),1,1
(183,198),1,1
(184,8),1,1
(184,50),1,1
(184,59),1,1
(184,61),1,1
(184,83),1,1
(184,85),1,1
(184,88),1,1
(184,92),1,1
(184,98),1,1
(184,105),1,1
(184,124),1,1
(184,138),1,1
(184,139),1,1
(184,146),1,1
(184,156),1,1
(184,164),1,1
(184,173),1,1
(184,176),1,1
(184,178),1,1
(184,198),1,1
(185,21),1,1
(185,22),1,1
(185,28),1,1
(185,31),1,1
(185,32),1,1
(185,34),1,1
(185,38),1,1
(185,42),1,1
(185,48),1,1
(185,54),1,1
(185,56),1,1
(185,70),1,1
(185,107),1,1
(185,113),1,1
(185,120),1,1
(185,122),1,1
(185,165),1,1
(185,184),1,1
(185,194),1,1
(185,196),1,1
(186,0),1,1
(186,1),1,1
(186,4),1,1
(186,5),1,1
(186,16),1,1
(186,44),1,1
(186,46),1,1
(186,86),1,1
(186,87),1,1
(186,117),1,1
(186,135),1,1
(186,176),1,1
(186,192),1,1
(186,196),1,1
(187,0),1,1
(187,3),1,1
(187,11),1,1
(187,25),1,1
(187,31),1,1
(187,33),1,1
(187,48),1,1
(187,52),1,1
(187,61),1,1
(187,76),1,1
(187,81),1,1
(187,92),1,1
(187,109),1,1
(187,123),1,1
(187,152),1,1
(187,175),1,1
(187,177),1,1
(187,182),1,1
(188,14),1,1
(188,39),1,1
(188,48),1,1
(188,53),1,1
(188,56),1,1
(188,92),1,1
(188,102),1,1
(188,136),1,1
(188,137),1,1
(188,138),1,1
(188,146),1,1
(188,171),1,1
(188,189),1,1
(189,2),1,1
(189,10),1,1
(189,48),1,1
(189,72),1,1
(189,85),1,1
(189,105),1,1
(189,106),1,1
(189,117),1,1
(189,120),1,1
(189,141),1,1
(189,142),1,1
(189,169),1,1
(189,173),1,1
(189,186),1,1
(189,195),1,1
(189,198),1,1
(190,5),1,1
(190,13),1,1
(190,19),1,1
(190,64),1,1
(190,74),1,1
(190,87),1,1
(190,90),1,1
(190,95),1,1
(190,121),1,1
(190,141),1,1
(190,146),1,1
(190,157),1,1
(190,167),1,1
(190,183),1,1
(190,189),1,1
(190,193),1,1
(190,197),1,1
(190,199),1,1
(191,31),1,1
(191,37),1,1
(191,58),1,1
(191,61),1,1
(191,72),1,1
(191,73),1,1
(191,74),1,1
(191,84),1,1
(191,85),1,1
(191,121),1,1
(191,138),1,1
(191,149),1,1
(191,156),1,1
(191,171),1,1
(192,4),1,1
(192,17),1,1
(192,27),1,1
(192,57),1,1
(192,59),1,1
(192,60),1,1
(192,62),1,1
(192,72),1,1
(192,76),1,1
(192,78),1,1
(192,83),1,1
(192,93),1,1
(192,94),1,1
(192,111),1,1
(192,112),1,1
(192,115),1,1
(192,123),1,1
(192,158),1,1
(192,161),1,1
(192,166),1,1
(192,182),1,1
(192,191),1,1
(193,2),1,1
(193,10),1,1
(193,12),1,1
(193,15),1,1
(193,23),1,1
(193,25),1,1
(193,32),1,1
(193,38),1,1
(193,41),1,1
(193,60),1,1
(193,62),1,1
(193,65),1,1
(193,80),1,1
(193,88),1,1
(193,95),1,1
(193,96),1,1
(193,108),1,1
(193,131),1,1
(193,132),1,1
(193,134),1,1
(193,154),1,1
(193,155),1,1
(193,160),1,1
(193,166),1,1
(193,185),1,1
(193,190),1,1
(194,21),1,1
(194,34),1,1
(194,36),1,1
(194,37),1,1
(194,43),1,1
(194,49),1,1
(194,56),1,1
(194,60),1,1
(194,72),1,1
(194,75),1,1
(194,80),1,1
(194,89),1,1
(194,102),1,1
(194,108),1,1
(194,118),1,1
(194,127),1,1
(194,131),1,1
(194,148),1,1
(194,158),1,1
(194,166),1,1
(194,176),1,1
(194,198),1,1
(195,5),1,1
(195,6),1,1
(195,11),1,1
(195,12),1,1
(195,28),1,1
(195,34),1,1
(195,47),1,1
(195,49),1,1
(195,51),1,1
(195,72),1,1
(195,81),1,1
(195,108),1,1
(195,114),1,1
(195,116),1,1
(195,152),1,1
(195,162),1,1
(195,168),1,1
(195,173),1,1
(196,8),1,1
(196,24),1,1
(196,48),1,1
(196,62),1,1
(196,66),1,1
(196,70),1,1
(196,75),1,1
(196,85),1,1
(196,88),1,1
(196,90),1,1
(196,97),1,1
(196,115),1,1
(196,130),1,1
(196,133),1,1
(196,136),1,1
(196,147),1,1
(196,151),1,1
(196,153),1,1
(196,163),1,1
(196,170),1,1
(197,3),1,1
(197,16),1,1
(197,29),1,1
(197,34),1,1
(197,37),1,1
(197,52),1,1
(197,79),1,1
(197,81),1,1
(197,115),1,1
(197,118),1,1
(197,126),1,1
(197,134),1,1
(197,141),1,1
(197,145),1,1
(197,170),1,1
(197,183),1,1
(197,187),1,1
(197,190),1,1
(197,192),1,1
(198,8),1,1
(198,21),1,1
(198,23),1,1
(198,27),1,1
(198,30),1,1
(198,39),1,1
(198,44),1,1
(198,48),1,1
(198,57),1,1
(198,65),1,1
(198,71),1,1
(198,101),1,1
(198,104),1,1
(198,124),1,1
(198,128),1,1
(198,146),1,1
(198,156),1,1
(198,190),1,1
(198,193),1,1
(199,9),1,1
(199,20),1,1
(199,21),1,1
(199,28),1,1
(199,39),1,1
(199,53),1,1
(199,54),1,1
(199,58),1,1
(199,59),1,1
(199,84),1,1
(199,86),1,1
(199,100),1,1
(199,103),1,1
(199,131),1,1
(199,148),1,1
(199,154),1,1
(199,156),1,1
(199,172),1,1
(199,173),1,1
(199,182),1,1
(199,185),1,1
