Nr_Pairs = 200
Nr_NDD = 0
Nr_Arcs = 3957
0,0,0,0,0
1,0,0,0,0
2,0,0,0,0
3,0,0,0,0
4,0,0,0,0
5,0,0,0,0
6,0,0,0,0
7,0,0,0,0
8,0,0,0,0
9,0,0,0,0
10,0,0,0,0
11,0,0,0,0
12,0,0,0,0
13,0,0,0,0
14,0,0,0,0
15,0,0,0,0
16,0,0,0,0
17,0,0,0,0
18,0,0,0,0
19,0,0,0,0
20,0,0,0,0
21,0,0,0,0
22,0,0,0,0
23,0,0,0,0
24,0,0,0,0
25,0,0,0,0
26,0,0,0,0
27,0,0,0,0
28,0,0,0,0
29,0,0,0,0
30,0,0,0,0
31,0,0,0,0
32,0,0,0,0
33,0,0,0,0
34,0,0,0,0
35,0,0,0,0
36,0,0,0,0
37,0,0,0,0
38,0,0,0,0
39,0,0,0,0
40,0,0,0,0
41,0,0,0,0
42,0,0,0,0
43,0,0,0,0
44,0,0,0,0
45,0,0,0,0
46,0,0,0,0
47,0,0,0,0
48,0,0,0,0
49,0,0,0,0
50,0,0,0,0
51,0,0,0,0
52,0,0,0,0
53,0,0,0,0
54,0,0,0,0
55,0,0,0,0
56,0,0,0,0
57,0,0,0,0
58,0,0,0,0
59,0,0,0,0
60,0,0,0,0
61,0,0,0,0
62,0,0,0,0
63,0,0,0,0
64,0,0,0,0
65,0,0,0,0
66,0,0,0,0
67,0,0,0,0
68,0,0,0,0
69,0,0,0,0
70,0,0,0,0
71,0,0,0,0
72,0,0,0,0
73,0,0,0,0
74,0,0,0,0
75,0,0,0,0
76,0,0,0,0
77,0,0,0,0
78,0,0,0,0
79,0,0,0,0
80,0,0,0,0
81,0,0,0,0
82,0,0,0,0
83,0,0,0,0
84,0,0,0,0
85,0,0,0,0
86,0,0,0,0
87,0,0,0,0
88,0,0,0,0
89,0,0,0,0
90,0,0,0,0
91,0,0,0,0
92,0,0,0,0
93,0,0,0,0
94,0,0,0,0
95,0,0,0,0
96,0,0,0,0
97,0,0,0,0
98,0,0,0,0
99,0,0,0,0
100,0,0,0,0
101,0,0,0,0
102,0,0,0,0
103,0,0,0,0
104,0,0,0,0
105,0,0,0,0
106,0,0,0,0
107,0,0,0,0
108,0,0,0,0
109,0,0,0,0
110,0,0,0,0
111,0,0,0,0
112,0,0,0,0
113,0,0,0,0
114,0,0,0,0
115,0,0,0,0
116,0,0,0,0
117,0,0,0,0
118,0,0,0,0
119,0,0,0,0
120,0,0,0,0
121,0,0,0,0
122,0,0,0,0
123,0,0,0,0
124,0,0,0,0
125,0,0,0,0
126,0,0,0,0
127,0,0,0,0
128,0,0,0,0
129,0,0,0,0
130,0,0,0,0
131,0,0,0,0
132,0,0,0,0
133,0,0,0,0
134,0,0,0,0
135,0,0,0,0
136,0,0,0,0
137,0,0,0,0
138,0,0,0,0
139,0,0,0,0
140,0,0,0,0
141,0,0,0,0
142,0,0,0,0
143,0,0,0,0
144,0,0,0,0
145,0,0,0,0
146,0,0,0,0
147,0,0,0,0
148,0,0,0,0
149,0,0,0,0
150,0,0,0,0
151,0,0,0,0
152,0,0,0,0
153,0,0,0,0
154,0,0,0,0
155,0,0,0,0
156,0,0,0,0
157,0,0,0,0
158,0,0,0,0
159,0,0,0,0
160,0,0,0,0
161,0,0,0,0
162,0,0,0,0
163,0,0,0,0
164,0,0,0,0
165,0,0,0,0
166,0,0,0,0
167,0,0,0,0
168,0,0,0,0
169,0,0,0,0
170,0,0,0,0
171,0,0,0,0
172,0,0,0,0
173,0,0,0,0
174,0,0,0,0
175,0,0,0,0
176,0,0,0,0
177,0,0,0,0
178,0,0,0,0
179,0,0,0,0
180,0,0,0,0
181,0,0,0,0
182,0,0,0,0
183,0,0,0,0
184,0,0,0,0
185,0,0,0,0
186,0,0,0,0
187,0,0,0,0
188,0,0,0,0
189,0,0,0,0
190,0,0,0,0
191,0,0,0,0
192,0,0,0,0
193,0,0,0,0
194,0,0,0,0
195,0,0,0,0
196,0,0,0,0
197,0,0,0,0
198,0,0,0,0
199,0,0,0,0
(0,14),1,37
(0,18),1,57
(0,24),1,48
(0,49),1,49
(0,59),1,80
(0,68),1,28
(0,78),1,85
(0,85),1,64
(0,88),1,37
(0,91),1,97
(0,93),1,22
(0,100),1,19
(0,102),1,55
(0,107),1,2
(0,112),1,15
(0,116),1,25
(0,129),1,50
(0,138),1,82
(0,139),1,37
(0,142),1,84
(0,144),1,23
(0,146),1,63
(0,148),1,24
(0,158),1,34
(0,174),1,71
(0,184),1,51
(0,194),1,10
(1,5),1,23
(1,28),1,68
(1,49),1,56
(1,60),1,21
(1,71),1,59
(1,110),1,50
(1,125),1,66
(1,129),1,85
(1,135),1,65
(1,137),1,60
(1,146),1,51
(1,147),1,65
(1,156),1,25
(1,159),1,26
(1,162),1,75
(1,166),1,6
(1,169),1,10
(1,170),1,70
(1,179),1,73
(1,187),1,63
(1,188),1,92
(1,190),1,7
(2,5),1,32
(2,13),1,93
(2,47),1,83
(2,67),1,22
(2,70),1,59
(2,76),1,24
(2,100),1,65
(2,109),1,72
(2,111),1,14
(2,115),1,99
(2,123),1,12
(2,126),1,3
(2,155),1,54
(2,156),1,99
(2,184),1,42
(3,5),1,53
(3,9),1,98
(3,22),1,77
(3,27),1,48
(3,28),1,72
(3,29),1,25
(3,30),1,79
(3,37),1,80
(3,43),1,89
(3,47),1,9
(3,50),1,8
(3,55),1,55
(3,61),1,87
(3,63),1,61
(3,64),1,44
(3,71),1,37
(3,73),1,34
(3,88),1,11
(3,100),1,22
(3,109),1,77
(3,130),1,79
(3,149),1,95
(3,158),1,80
(3,170),1,54
(3,171),1,28
(3,173),1,10
(3,183),1,23
(3,192),1,36
(3,198),1,72
(4,14),1,25
(4,23),1,46
(4,27),1,15
(4,35),1,68
(4,66),1,84
(4,84),1,54
(4,88),1,37
(4,108),1,19
(4,113),1,83
(4,128),1,71
(4,189),1,41
(5,9),1,25
(5,11),1,30
(5,34),1,3
(5,38),1,14
(5,39),1,58
(5,43),1,56
(5,48),1,33
(5,56),1,7
(5,60),1,29
(5,84),1,1
(5,90),1,51
(5,91),1,49
(5,95),1,34
(5,116),1,83
(5,117),1,22
(5,126),1,86
(5,138),1,49
(5,147),1,3
(5,165),1,100
(5,168),1,10
(5,174),1,5
(5,182),1,68
(5,188),1,31
(6,0),1,80
(6,29),1,86
(6,33),1,92
(6,40),1,24
(6,44),1,51
(6,46),1,27
(6,59),1,45
(6,60),1,65
(6,67),1,89
(6,69),1,8
(6,88),1,43
(6,103),1,58
(6,114),1,20
(6,129),1,73
(6,146),1,35
(6,162),1,37
(6,174),1,99
(6,187),1,9
(7,1),1,64
(7,12),1,57
(7,13),1,82
(7,14),1,56
(7,18),1,62
(7,35),1,8
(7,38),1,42
(7,47),1,79
(7,50),1,88
(7,73),1,23
(7,74),1,84
(7,110),1,44
(7,115),1,13
(7,134),1,56
(7,143),1,42
(7,151),1,87
(7,156),1,100
(7,172),1,63
(7,174),1,57
(7,188),1,8
(8,9),1,62
(8,20),1,79
(8,22),1,87
(8,24),1,10
(8,38),1,35
(8,42),1,98
(8,53),1,19
(8,69),1,2
(8,80),1,60
(8,81),1,84
(8,89),1,93
(8,94),1,74
(8,97),1,96
(8,109),1,65
(8,114),1,17
(8,144),1,75
(8,152),1,99
(8,161),1,99
(8,171),1,57
(8,184),1,57
(8,186),1,67
(8,195),1,47
(8,197),1,81
(9,5),1,53
(9,17),1,56
(9,22),1,43
(9,24),1,71
(9,30),1,97
(9,38),1,11
(9,48),1,65
(9,50),1,17
(9,66),1,99
(9,69),1,26
(9,70),1,57
(9,85),1,66
(9,94),1,49
(9,96),1,77
(9,99),1,47
(9,123),1,6
(9,127),1,29
(9,149),1,10
(9,150),1,61
(9,159),1,82
(9,160),1,21
(9,173),1,15
(9,174),1,82
(9,178),1,85
(9,183),1,97
(9,185),1,11
(9,191),1,54
(10,0),1,75
(10,1),1,37
(10,37),1,19
(10,49),1,48
(10,57),1,84
(10,74),1,91
(10,82),1,84
(10,86),1,19
(10,94),1,3
(10,105),1,27
(10,122),1,34
(10,161),1,46
(10,169),1,30
(10,172),1,58
(10,173),1,80
(10,178),1,61
(10,181),1,8
(10,187),1,50
(11,31),1,66
(11,37),1,40
(11,50),1,15
(11,54),1,97
(11,74),1,36
(11,87),1,63
(11,103),1,73
(11,111),1,43
(11,120),1,76
(11,122),1,42
(11,127),1,72
(11,129),1,21
(11,142),1,28
(11,147),1,26
(11,149),1,100
(11,163),1,2
(11,168),1,98
(11,176),1,10
(11,177),1,25
(12,4),1,43
(12,11),1,96
(12,14),1,84
(12,17),1,82
(12,31),1,62
(12,32),1,76
(12,43),1,75
(12,50),1,90
(12,73),1,16
(12,77),1,48
(12,80),1,25
(12,83),1,56
(12,95),1,34
(12,103),1,24
(12,104),1,29
(12,108),1,90
(12,120),1,89
(12,129),1,8
(12,135),1,96
(12,136),1,91
(12,137),1,80
(12,141),1,95
(12,168),1,58
(12,170),1,5
(12,194),1,2
(12,197),1,64
(13,6),1,80
(13,38),1,22
(13,52),1,1
(13,53),1,20
(13,74),1,62
(13,76),1,0
(13,82),1,37
(13,87),1,57
(13,96),1,89
(13,127),1,75
(13,128),1,24
(13,133),1,10
(13,142),1,44
(13,164),1,24
(13,184),1,98
(13,192),1,91
(13,197),1,27
(14,3),1,10
(14,4),1,48
(14,23),1,64
(14,32),1,89
(14,38),1,21
(14,42),1,34
(14,44),1,63
(14,51),1,68
(14,60),1,53
(14,67),1,4
(14,72),1,2
(14,74),1,23
(14,76),1,86
(14,78),1,53
(14,81),1,41
(14,95),1,62
(14,126),1,83
(14,127),1,50
(14,132),1,83
(14,149),1,13
(14,153),1,83
(14,158),1,0
(14,180),1,71
(14,181),1,63
(15,33),1,12
(15,43),1,31
(15,50),1,50
(15,55),1,57
(15,59),1,33
(15,61),1,59
(15,63),1,45
(15,92),1,39
(15,98),1,42
(15,110),1,6
(15,123),1,17
(15,137),1,29
(15,144),1,14
(15,152),1,38
(15,155),1,24
(15,158),1,4
(15,198),1,35
(16,4),1,52
(16,10),1,51
(16,13),1,100
(16,15),1,53
(16,27),1,74
(16,44),1,40
(16,46),1,25
(16,60),1,52
(16,90),1,72
(16,111),1,30
(16,122),1,76
(16,136),1,32
(16,140),1,90
(16,145),1,91
(16,149),1,55
(16,181),1,65
(16,184),1,23
(16,187),1,12
(16,193),1,93
(16,194),1,54
(16,195),1,4
(17,9),1,78
(17,19),1,69
(17,20),1,67
(17,28),1,29
(17,40),1,82
(17,49),1,49
(17,53),1,54
(17,82),1,58
(17,96),1,71
(17,98),1,38
(17,138),1,51
(17,142),1,72
(17,152),1,98
(17,153),1,27
(17,158),1,74
(17,162),1,92
(17,164),1,33
(17,177),1,20
(17,178),1,16
(17,182),1,58
(17,189),1,15
(17,191),1,71
(17,194),1,84
(18,19),1,80
(18,20),1,13
(18,33),1,46
(18,38),1,69
(18,47),1,95
(18,66),1,83
(18,97),1,58
(18,105),1,34
(18,107),1,73
(18,121),1,41
(18,131),1,26
(18,147),1,37
(18,149),1,84
(18,169),1,15
(18,180),1,24
(18,190),1,3
(18,193),1,3
(19,1),1,92
(19,26),1,69
(19,27),1,35
(19,35),1,43
(19,55),1,61
(19,70),1,23
(19,94),1,87
(19,95),1,2
(19,102),1,0
(19,106),1,57
(19,108),1,12
(19,115),1,21
(19,117),1,100
(19,122),1,3
(19,126),1,69
(19,128),1,44
(19,131),1,15
(19,134),1,94
(19,178),1,64
(20,5),1,92
(20,9),1,22
(20,14),1,54
(20,21),1,43
(20,34),1,43
(20,37),1,80
(20,42),1,68
(20,45),1,97
(20,46),1,76
(20,56),1,94
(20,66),1,13
(20,68),1,31
(20,71),1,51
(20,82),1,99
(20,101),1,81
(20,122),1,68
(20,126),1,20
(20,147),1,4
(20,154),1,92
(20,174),1,88
(20,183),1,23
(21,0),1,64
(21,16),1,16
(21,18),1,27
(21,23),1,14
(21,28),1,99
(21,38),1,22
(21,73),1,100
(21,86),1,29
(21,91),1,79
(21,111),1,44
(21,124),1,83
(21,125),1,62
(21,132),1,7
(21,134),1,96
(21,140),1,10
(21,143),1,10
(21,153),1,22
(21,158),1,60
(21,162),1,28
(21,168),1,47
(21,172),1,10
(21,178),1,46
(21,184),1,2
(21,185),1,9
(22,4),1,10
(22,12),1,83
(22,31),1,70
(22,36),1,53
(22,37),1,39
(22,48),1,73
(22,59),1,6
(22,69),1,55
(22,80),1,96
(22,97),1,92
(22,111),1,14
(22,119),1,12
(22,143),1,13
(22,154),1,72
(22,160),1,50
(22,195),1,17
(23,13),1,89
(23,20),1,19
(23,24),1,17
(23,27),1,74
(23,29),1,62
(23,32),1,21
(23,42),1,27
(23,44),1,59
(23,50),1,76
(23,88),1,20
(23,90),1,70
(23,106),1,52
(23,107),1,33
(23,139),1,66
(23,142),1,25
(23,144),1,100
(23,147),1,13
(23,154),1,46
(23,181),1,53
(23,186),1,20
(23,193),1,17
(23,196),1,60
(24,9),1,87
(24,10),1,39
(24,19),1,63
(24,20),1,83
(24,27),1,18
(24,34),1,8
(24,42),1,50
(24,55),1,44
(24,57),1,10
(24,60),1,99
(24,63),1,29
(24,71),1,4
(24,78),1,14
(24,96),1,100
(24,97),1,94
(24,112),1,20
(24,133),1,62
(24,143),1,31
(24,151),1,13
(24,152),1,4
(24,163),1,90
(24,169),1,78
(24,171),1,93
(24,182),1,95
(24,185),1,5
(24,191),1,82
(25,3),1,51
(25,27),1,27
(25,35),1,42
(25,49),1,30
(25,52),1,86
(25,53),1,56
(25,60),1,27
(25,68),1,54
(25,75),1,81
(25,81),1,3
(25,92),1,99
(25,94),1,3
(25,107),1,73
(25,134),1,15
(25,160),1,57
(25,161),1,54
(25,163),1,8
(25,167),1,53
(25,183),1,10
(25,184),1,38
(25,185),1,5
(25,187),1,9
(25,198),1,35
(26,28),1,7
(26,33),1,11
(26,65),1,94
(26,67),1,40
(26,70),1,42
(26,72),1,43
(26,94),1,35
(26,108),1,98
(26,123),1,66
(26,198),1,70
(27,3),1,14
(27,5),1,19
(27,17),1,47
(27,21),1,38
(27,38),1,20
(27,42),1,51
(27,44),1,33
(27,45),1,58
(27,60),1,85
(27,62),1,44
(27,63),1,43
(27,100),1,0
(27,103),1,8
(27,112),1,22
(27,117),1,60
(27,121),1,61
(27,149),1,42
(27,155),1,92
(27,158),1,35
(27,169),1,37
(27,175),1,67
(27,192),1,30
(27,196),1,89
(28,5),1,23
(28,24),1,25
(28,62),1,71
(28,70),1,44
(28,77),1,39
(28,108),1,25
(28,111),1,49
(28,113),1,92
(28,119),1,59
(28,130),1,34
(28,138),1,7
(28,148),1,34
(28,150),1,84
(28,164),1,35
(28,171),1,61
(28,186),1,35
(28,194),1,47
(28,197),1,10
(29,0),1,62
(29,3),1,9
(29,11),1,46
(29,35),1,9
(29,60),1,50
(29,75),1,86
(29,108),1,70
(29,126),1,61
(29,129),1,98
(29,130),1,61
(29,135),1,43
(29,157),1,0
(29,199),1,78
(30,0),1,20
(30,12),1,42
(30,13),1,90
(30,14),1,47
(30,15),1,58
(30,20),1,33
(30,61),1,46
(30,85),1,79
(30,89),1,10
(30,98),1,9
(30,105),1,62
(30,116),1,6
(30,132),1,68
(30,134),1,54
(30,146),1,40
(30,153),1,36
(30,172),1,14
(30,186),1,82
(31,18),1,43
(31,29),1,90
(31,44),1,52
(31,58),1,72
(31,67),1,46
(31,97),1,37
(31,98),1,1
(31,124),1,84
(31,136),1,77
(31,145),1,54
(31,146),1,81
(31,158),1,64
(31,168),1,11
(31,182),1,6
(31,189),1,83
(32,3),1,87
(32,10),1,62
(32,11),1,47
(32,12),1,46
(32,14),1,65
(32,28),1,44
(32,43),1,22
(32,46),1,75
(32,60),1,89
(32,65),1,43
(32,72),1,42
(32,74),1,41
(32,94),1,99
(32,100),1,80
(32,101),1,97
(32,104),1,32
(32,107),1,87
(32,111),1,31
(32,141),1,95
(32,153),1,72
(32,154),1,98
(32,155),1,98
(32,164),1,62
(32,184),1,46
(32,189),1,84
(32,196),1,19
(33,1),1,2
(33,6),1,62
(33,10),1,43
(33,11),1,64
(33,13),1,31
(33,26),1,5
(33,44),1,17
(33,58),1,34
(33,64),1,82
(33,69),1,23
(33,75),1,31
(33,89),1,92
(33,99),1,87
(33,130),1,6
(33,166),1,39
(33,171),1,58
(33,189),1,45
(34,6),1,94
(34,15),1,3
(34,21),1,76
(34,25),1,83
(34,27),1,80
(34,39),1,7
(34,41),1,74
(34,42),1,41
(34,61),1,9
(34,68),1,37
(34,77),1,71
(34,78),1,81
(34,95),1,29
(34,98),1,35
(34,123),1,78
(34,139),1,33
(34,142),1,74
(34,148),1,95
(34,151),1,48
(34,164),1,19
(34,187),1,25
(34,188),1,40
(34,191),1,80
(34,198),1,63
(35,8),1,12
(35,42),1,78
(35,45),1,16
(35,49),1,38
(35,56),1,86
(35,59),1,43
(35,73),1,3
(35,97),1,9
(35,102),1,64
(35,105),1,9
(35,110),1,81
(35,136),1,52
(35,139),1,18
(35,159),1,33
(35,163),1,92
(35,171),1,81
(35,199),1,8
(36,9),1,38
(36,11),1,81
(36,14),1,53
(36,16),1,59
(36,17),1,5
(36,28),1,5
(36,49),1,69
(36,52),1,31
(36,56),1,80
(36,59),1,69
(36,78),1,53
(36,79),1,13
(36,80),1,1
(36,84),1,91
(36,128),1,19
(36,133),1,86
(36,140),1,37
(36,145),1,83
(36,159),1,37
(36,160),1,76
(36,164),1,82
(36,170),1,9
(36,177),1,15
(36,192),1,33
(37,1),1,49
(37,63),1,72
(37,66),1,40
(37,71),1,60
(37,82),1,91
(37,87),1,85
(37,89),1,80
(37,90),1,56
(37,93),1,44
(37,111),1,32
(37,115),1,47
(37,121),1,4
(37,124),1,76
(37,127),1,40
(37,140),1,52
(37,151),1,61
(37,160),1,48
(37,182),1,7
(37,183),1,13
(37,189),1,35
(38,1),1,72
(38,21),1,19
(38,42),1,54
(38,52),1,22
(38,55),1,57
(38,58),1,33
(38,68),1,63
(38,98),1,56
(38,112),1,52
(38,116),1,6
(38,117),1,16
(38,126),1,49
(38,138),1,28
(38,142),1,35
(38,154),1,66
(38,156),1,87
(38,173),1,77
(38,175),1,6
(38,182),1,23
(38,183),1,49
(38,186),1,35
(38,188),1,67
(38,194),1,69
(39,17),1,54
(39,21),1,98
(39,23),1,69
(39,58),1,63
(39,63),1,35
(39,80),1,93
(39,95),1,87
(39,106),1,47
(39,119),1,99
(39,123),1,82
(39,126),1,50
(39,143),1,73
(39,155),1,42
(39,170),1,37
(39,180),1,18
(39,183),1,64
(39,192),1,74
(39,193),1,4
(39,195),1,38
(40,21),1,97
(40,38),1,36
(40,70),1,41
(40,73),1,56
(40,77),1,90
(40,81),1,18
(40,83),1,49
(40,85),1,24
(40,96),1,1
(40,115),1,11
(40,120),1,12
(40,134),1,89
(40,169),1,39
(40,187),1,77
(40,188),1,55
(40,193),1,4
(41,12),1,13
(41,24),1,46
(41,29),1,80
(41,49),1,52
(41,50),1,100
(41,52),1,78
(41,60),1,54
(41,64),1,21
(41,65),1,26
(41,85),1,92
(41,106),1,45
(41,111),1,85
(41,112),1,11
(41,123),1,10
(41,124),1,54
(41,147),1,95
(41,150),1,40
(41,154),1,86
(41,159),1,93
(41,163),1,37
(41,164),1,43
(41,182),1,15
(41,186),1,80
(42,2),1,27
(42,4),1,3
(42,10),1,49
(42,11),1,82
(42,23),1,48
(42,30),1,41
(42,33),1,71
(42,50),1,63
(42,72),1,71
(42,76),1,4
(42,79),1,22
(42,89),1,88
(42,108),1,92
(42,133),1,21
(42,143),1,66
(42,151),1,88
(42,164),1,98
(42,169),1,5
(42,179),1,54
(42,184),1,72
(43,9),1,66
(43,13),1,49
(43,16),1,0
(43,38),1,68
(43,47),1,17
(43,50),1,97
(43,53),1,79
(43,71),1,82
(43,74),1,55
(43,77),1,61
(43,93),1,24
(43,102),1,70
(43,118),1,95
(43,121),1,70
(43,134),1,88
(43,156),1,78
(44,4),1,2
(44,9),1,15
(44,10),1,89
(44,12),1,98
(44,13),1,47
(44,23),1,33
(44,45),1,74
(44,53),1,22
(44,76),1,75
(44,82),1,72
(44,83),1,88
(44,114),1,65
(44,116),1,100
(44,117),1,81
(44,125),1,51
(44,130),1,26
(44,132),1,75
(44,134),1,44
(44,181),1,34
(44,182),1,15
(44,185),1,75
(45,0),1,26
(45,6),1,52
(45,10),1,75
(45,48),1,45
(45,50),1,100
(45,77),1,11
(45,87),1,83
(45,106),1,9
(45,125),1,37
(45,126),1,50
(45,167),1,59
(45,193),1,32
(46,12),1,13
(46,19),1,68
(46,21),1,70
(46,33),1,24
(46,36),1,94
(46,40),1,84
(46,79),1,25
(46,84),1,35
(46,90),1,71
(46,91),1,7
(46,96),1,87
(46,105),1,48
(46,123),1,60
(46,137),1,52
(46,139),1,26
(46,141),1,90
(46,149),1,31
(47,5),1,81
(47,7),1,49
(47,15),1,25
(47,25),1,83
(47,32),1,33
(47,43),1,52
(47,73),1,67
(47,94),1,83
(47,106),1,85
(47,122),1,56
(47,123),1,65
(47,129),1,63
(47,135),1,91
(47,136),1,36
(47,137),1,52
(47,146),1,74
(47,149),1,37
(47,159),1,22
(47,170),1,57
(47,173),1,16
(47,188),1,54
(48,20),1,81
(48,41),1,72
(48,64),1,14
(48,66),1,78
(48,71),1,99
(48,91),1,42
(48,104),1,39
(48,128),1,63
(48,134),1,4
(48,140),1,42
(48,141),1,30
(48,143),1,91
(48,162),1,74
(48,177),1,9
(48,181),1,85
(48,188),1,67
(48,191),1,62
(48,193),1,18
(48,197),1,35
(49,8),1,96
(49,9),1,75
(49,14),1,99
(49,36),1,90
(49,62),1,89
(49,67),1,23
(49,83),1,67
(49,97),1,87
(49,100),1,49
(49,117),1,9
(49,120),1,81
(49,122),1,79
(49,129),1,27
(49,147),1,44
(49,165),1,19
(49,199),1,88
(50,29),1,38
(50,34),1,84
(50,42),1,47
(50,44),1,83
(50,56),1,65
(50,64),1,34
(50,93),1,5
(50,103),1,47
(50,128),1,100
(50,142),1,68
(50,160),1,32
(50,179),1,10
(51,20),1,17
(51,23),1,25
(51,27),1,12
(51,34),1,84
(51,49),1,37
(51,53),1,97
(51,61),1,89
(51,82),1,65
(51,84),1,65
(51,86),1,16
(51,99),1,7
(51,110),1,3
(51,114),1,93
(51,117),1,49
(51,155),1,59
(51,159),1,92
(51,175),1,98
(51,180),1,42
(51,182),1,57
(51,192),1,33
(51,198),1,3
(52,12),1,2
(52,24),1,99
(52,27),1,85
(52,29),1,60
(52,31),1,25
(52,33),1,83
(52,40),1,38
(52,44),1,70
(52,45),1,68
(52,50),1,71
(52,53),1,91
(52,87),1,24
(52,89),1,89
(52,114),1,60
(52,132),1,20
(52,168),1,89
(52,186),1,57
(53,19),1,75
(53,20),1,51
(53,26),1,95
(53,28),1,69
(53,32),1,77
(53,33),1,36
(53,43),1,12
(53,62),1,49
(53,70),1,92
(53,75),1,95
(53,78),1,90
(53,95),1,92
(53,99),1,49
(53,118),1,61
(53,125),1,90
(53,140),1,100
(53,142),1,80
(53,151),1,0
(53,181),1,53
(53,186),1,64
(53,188),1,83
(53,189),1,76
(53,194),1,52
(54,22),1,7
(54,24),1,75
(54,29),1,81
(54,32),1,1
(54,38),1,85
(54,46),1,16
(54,70),1,40
(54,74),1,17
(54,76),1,17
(54,78),1,100
(54,85),1,7
(54,91),1,72
(54,100),1,2
(54,107),1,1
(54,111),1,22
(54,132),1,87
(54,138),1,15
(54,159),1,79
(54,161),1,20
(54,170),1,84
(54,177),1,10
(54,189),1,7
(54,199),1,21
(55,5),1,32
(55,15),1,46
(55,18),1,72
(55,31),1,86
(55,39),1,30
(55,53),1,49
(55,60),1,44
(55,88),1,88
(55,101),1,29
(55,131),1,26
(55,138),1,31
(55,140),1,0
(55,148),1,100
(55,149),1,92
(55,174),1,15
(55,180),1,3
(56,18),1,97
(56,39),1,14
(56,40),1,38
(56,55),1,81
(56,71),1,31
(56,77),1,55
(56,82),1,14
(56,86),1,10
(56,102),1,86
(56,109),1,61
(56,110),1,69
(56,115),1,59
(56,117),1,88
(56,130),1,13
(56,135),1,62
(56,140),1,78
(56,147),1,55
(56,150),1,46
(56,167),1,79
(56,185),1,25
(56,191),1,53
(57,0),1,68
(57,14),1,27
(57,23),1,92
(57,24),1,50
(57,47),1,27
(57,61),1,19
(57,64),1,54
(57,71),1,57
(57,75),1,69
(57,79),1,22
(57,91),1,53
(57,102),1,72
(57,106),1,83
(57,115),1,100
(57,122),1,85
(57,135),1,91
(57,144),1,75
(57,146),1,59
(57,160),1,19
(57,171),1,81
(57,180),1,74
(57,184),1,89
(57,193),1,11
(58,7),1,67
(58,11),1,64
(58,41),1,10
(58,52),1,89
(58,57),1,38
(58,62),1,75
(58,69),1,86
(58,76),1,30
(58,77),1,84
(58,99),1,56
(58,105),1,77
(58,128),1,76
(58,148),1,41
(58,155),1,80
(58,158),1,86
(58,164),1,75
(58,165),1,20
(58,166),1,26
(58,179),1,83
(58,180),1,28
(58,182),1,89
(58,184),1,20
(58,189),1,14
(59,1),1,96
(59,8),1,83
(59,22),1,32
(59,29),1,83
(59,34),1,86
(59,41),1,25
(59,55),1,81
(59,70),1,88
(59,79),1,6
(59,85),1,4
(59,89),1,12
(59,99),1,73
(59,103),1,77
(59,139),1,87
(59,143),1,56
(59,147),1,68
(59,166),1,60
(59,169),1,57
(59,174),1,45
(59,177),1,37
(59,179),1,91
(59,183),1,51
(59,196),1,4
(60,7),1,43
(60,13),1,79
(60,20),1,29
(60,59),1,13
(60,68),1,66
(60,93),1,84
(60,105),1,67
(60,113),1,15
(60,121),1,57
(60,130),1,11
(60,131),1,23
(60,144),1,4
(60,160),1,63
(60,187),1,75
(61,3),1,33
(61,4),1,36
(61,14),1,31
(61,17),1,45
(61,18),1,6
(61,22),1,23
(61,28),1,59
(61,38),1,48
(61,50),1,51
(61,63),1,43
(61,66),1,54
(61,67),1,26
(61,70),1,17
(61,80),1,75
(61,82),1,90
(61,85),1,23
(61,114),1,52
(61,130),1,16
(61,132),1,44
(61,148),1,11
(61,157),1,91
(61,164),1,75
(61,165),1,93
(61,168),1,49
(62,15),1,93
(62,20),1,15
(62,29),1,5
(62,61),1,76
(62,66),1,93
(62,68),1,81
(62,86),1,51
(62,114),1,85
(62,127),1,19
(62,137),1,63
(62,144),1,58
(62,155),1,71
(62,169),1,67
(62,175),1,40
(62,184),1,72
(62,185),1,41
(62,189),1,87
(63,14),1,7
(63,22),1,56
(63,32),1,97
(63,38),1,61
(63,44),1,61
(63,62),1,49
(63,88),1,25
(63,92),1,50
(63,112),1,68
(63,138),1,80
(63,156),1,54
(63,160),1,22
(63,162),1,36
(63,177),1,1
(63,199),1,71
(64,0),1,45
(64,1),1,20
(64,2),1,79
(64,23),1,69
(64,34),1,79
(64,35),1,97
(64,37),1,64
(64,38),1,26
(64,40),1,32
(64,48),1,42
(64,50),1,7
(64,57),1,61
(64,108),1,25
(64,112),1,90
(64,117),1,0
(64,129),1,66
(64,133),1,71
(64,138),1,6
(64,152),1,15
(64,158),1,64
(64,171),1,36
(64,178),1,13
(64,192),1,1
(64,193),1,48
(64,198),1,71
(65,3),1,8
(65,29),1,21
(65,32),1,93
(65,41),1,17
(65,44),1,30
(65,69),1,61
(65,71),1,36
(65,74),1,18
(65,76),1,36
(65,84),1,37
(65,85),1,74
(65,94),1,71
(65,97),1,96
(65,111),1,11
(65,119),1,56
(65,133),1,54
(65,134),1,81
(65,149),1,42
(65,162),1,57
(65,197),1,43
(66,6),1,97
(66,19),1,20
(66,20),1,32
(66,43),1,86
(66,52),1,89
(66,58),1,11
(66,62),1,96
(66,64),1,26
(66,68),1,32
(66,88),1,54
(66,104),1,73
(66,113),1,32
(66,119),1,54
(66,120),1,10
(66,124),1,49
(66,132),1,90
(66,140),1,34
(66,146),1,66
(66,148),1,4
(66,154),1,75
(66,159),1,80
(66,165),1,21
(66,166),1,88
(66,173),1,10
(66,178),1,18
(66,182),1,78
(66,193),1,19
(67,1),1,28
(67,8),1,31
(67,9),1,78
(67,17),1,58
(67,22),1,77
(67,37),1,99
(67,47),1,90
(67,62),1,2
(67,94),1,44
(67,99),1,27
(67,104),1,13
(67,105),1,79
(67,108),1,81
(67,114),1,61
(67,125),1,16
(67,133),1,83
(67,136),1,99
(67,140),1,80
(67,147),1,72
(67,171),1,89
(67,176),1,65
(67,187),1,79
(67,190),1,70
(67,192),1,36
(68,0),1,24
(68,9),1,31
(68,67),1,48
(68,71),1,17
(68,86),1,15
(68,109),1,71
(68,127),1,35
(68,132),1,37
(68,144),1,87
(68,154),1,24
(68,165),1,94
(68,166),1,67
(68,176),1,82
(68,182),1,53
(68,187),1,74
(68,192),1,31
(69,5),1,42
(69,18),1,5
(69,19),1,23
(69,26),1,21
(69,27),1,65
(69,29),1,34
(69,55),1,12
(69,72),1,47
(69,75),1,65
(69,77),1,82
(69,82),1,68
(69,104),1,38
(69,106),1,81
(69,131),1,92
(69,157),1,44
(69,166),1,67
(69,188),1,0
(69,199),1,99
(70,22),1,81
(70,23),1,69
(70,26),1,60
(70,37),1,52
(70,43),1,24
(70,52),1,81
(70,58),1,76
(70,64),1,47
(70,82),1,21
(70,98),1,15
(70,116),1,98
(70,125),1,81
(70,131),1,47
(70,134),1,70
(70,140),1,17
(70,143),1,93
(70,148),1,9
(70,153),1,71
(70,179),1,80
(70,182),1,69
(70,190),1,0
(70,192),1,67
(71,6),1,13
(71,8),1,70
(71,14),1,71
(71,18),1,30
(71,19),1,100
(71,22),1,75
(71,27),1,69
(71,44),1,14
(71,49),1,15
(71,54),1,18
(71,55),1,44
(71,59),1,69
(71,62),1,82
(71,83),1,92
(71,106),1,57
(71,129),1,48
(71,155),1,22
(71,181),1,39
(72,9),1,6
(72,20),1,52
(72,30),1,61
(72,63),1,26
(72,71),1,46
(72,73),1,32
(72,80),1,24
(72,86),1,74
(72,95),1,100
(72,100),1,49
(72,103),1,10
(72,104),1,99
(72,113),1,42
(72,119),1,6
(72,141),1,54
(72,148),1,88
(72,170),1,35
(72,182),1,33
(72,192),1,73
(73,5),1,22
(73,7),1,14
(73,33),1,43
(73,36),1,80
(73,38),1,19
(73,45),1,7
(73,46),1,1
(73,50),1,36
(73,79),1,15
(73,80),1,49
(73,98),1,72
(73,107),1,74
(73,115),1,29
(73,128),1,4
(73,169),1,5
(73,174),1,85
(73,179),1,20
(74,20),1,98
(74,21),1,83
(74,31),1,12
(74,35),1,80
(74,43),1,24
(74,53),1,66
(74,64),1,71
(74,77),1,78
(74,86),1,5
(74,91),1,47
(74,94),1,12
(74,132),1,14
(74,135),1,42
(74,142),1,80
(74,149),1,30
(74,157),1,75
(74,163),1,32
(74,164),1,91
(74,166),1,84
(74,171),1,21
(75,1),1,19
(75,15),1,36
(75,16),1,39
(75,22),1,42
(75,59),1,85
(75,66),1,62
(75,100),1,94
(75,103),1,6
(75,110),1,51
(75,120),1,50
(75,123),1,11
(75,143),1,66
(75,144),1,13
(75,150),1,9
(75,155),1,91
(75,189),1,60
(76,18),1,58
(76,25),1,55
(76,29),1,67
(76,35),1,18
(76,47),1,0
(76,62),1,31
(76,91),1,63
(76,100),1,41
(76,104),1,24
(76,115),1,0
(76,118),1,64
(76,121),1,76
(76,123),1,25
(76,124),1,77
(76,128),1,24
(76,134),1,6
(76,152),1,80
(76,157),1,100
(76,172),1,17
(76,184),1,8
(76,194),1,69
(77,5),1,94
(77,8),1,11
(77,18),1,41
(77,39),1,14
(77,60),1,72
(77,64),1,73
(77,71),1,5
(77,75),1,66
(77,92),1,47
(77,116),1,65
(77,125),1,39
(77,158),1,21
(77,164),1,2
(77,165),1,62
(77,175),1,98
(77,186),1,100
(77,190),1,35
(78,10),1,16
(78,40),1,98
(78,46),1,91
(78,58),1,23
(78,75),1,28
(78,93),1,10
(78,96),1,86
(78,102),1,84
(78,109),1,1
(78,113),1,63
(78,124),1,0
(78,127),1,94
(78,144),1,79
(78,145),1,51
(78,161),1,40
(78,170),1,70
(78,177),1,24
(78,178),1,1
(78,181),1,3
(79,17),1,62
(79,27),1,4
(79,39),1,53
(79,65),1,6
(79,77),1,75
(79,89),1,5
(79,121),1,82
(79,134),1,21
(79,138),1,80
(79,152),1,82
(79,154),1,82
(79,174),1,9
(80,5),1,26
(80,32),1,17
(80,34),1,60
(80,38),1,79
(80,48),1,14
(80,70),1,19
(80,76),1,54
(80,92),1,53
(80,104),1,41
(80,106),1,21
(80,115),1,33
(80,121),1,100
(80,125),1,91
(80,129),1,73
(80,131),1,49
(80,132),1,80
(80,147),1,3
(80,157),1,100
(80,176),1,67
(80,180),1,69
(80,181),1,22
(80,182),1,50
(81,5),1,26
(81,11),1,7
(81,32),1,25
(81,39),1,57
(81,43),1,86
(81,50),1,82
(81,64),1,88
(81,78),1,96
(81,100),1,20
(81,137),1,12
(81,138),1,55
(81,141),1,54
(81,150),1,88
(81,163),1,84
(81,170),1,25
(81,171),1,91
(81,198),1,11
(82,10),1,85
(82,13),1,58
(82,38),1,79
(82,39),1,28
(82,40),1,19
(82,50),1,38
(82,52),1,79
(82,57),1,75
(82,61),1,36
(82,67),1,7
(82,75),1,25
(82,91),1,76
(82,93),1,25
(82,103),1,22
(82,114),1,19
(82,120),1,77
(82,131),1,59
(82,133),1,64
(82,135),1,63
(82,143),1,65
(82,173),1,70
(82,175),1,50
(83,2),1,55
(83,20),1,83
(83,21),1,75
(83,44),1,99
(83,46),1,92
(83,57),1,39
(83,60),1,59
(83,68),1,34
(83,70),1,17
(83,74),1,37
(83,75),1,70
(83,77),1,44
(83,81),1,43
(83,82),1,0
(83,123),1,81
(83,152),1,19
(83,154),1,21
(83,171),1,52
(83,181),1,1
(83,183),1,50
(83,198),1,56
(84,13),1,94
(84,16),1,29
(84,29),1,70
(84,43),1,6
(84,60),1,82
(84,83),1,0
(84,89),1,74
(84,90),1,43
(84,91),1,79
(84,109),1,61
(84,138),1,52
(84,150),1,92
(84,175),1,47
(85,15),1,87
(85,21),1,21
(85,35),1,40
(85,42),1,68
(85,60),1,5
(85,65),1,78
(85,68),1,56
(85,83),1,13
(85,98),1,64
(85,104),1,79
(85,128),1,6
(85,145),1,87
(85,146),1,65
(85,152),1,84
(85,153),1,56
(85,159),1,72
(85,161),1,19
(85,176),1,78
(85,183),1,70
(85,184),1,80
(85,188),1,69
(85,196),1,18
(86,12),1,38
(86,25),1,53
(86,30),1,58
(86,39),1,80
(86,42),1,62
(86,45),1,33
(86,64),1,13
(86,73),1,98
(86,80),1,38
(86,81),1,15
(86,99),1,87
(86,102),1,83
(86,103),1,46
(86,107),1,73
(86,111),1,44
(86,113),1,8
(86,124),1,83
(86,130),1,49
(86,146),1,67
(86,150),1,30
(86,166),1,71
(86,172),1,41
(86,173),1,22
(86,177),1,18
(86,184),1,55
(86,190),1,83
(86,191),1,93
(86,199),1,97
(87,0),1,95
(87,2),1,51
(87,6),1,71
(87,7),1,52
(87,30),1,9
(87,41),1,55
(87,42),1,50
(87,45),1,33
(87,46),1,60
(87,57),1,14
(87,77),1,58
(87,85),1,76
(87,90),1,15
(87,93),1,64
(87,94),1,99
(87,99),1,21
(87,103),1,96
(87,124),1,51
(87,125),1,53
(87,133),1,70
(87,139),1,76
(87,151),1,56
(87,166),1,86
(87,171),1,99
(87,187),1,94
(88,5),1,25
(88,10),1,69
(88,13),1,81
(88,14),1,87
(88,17),1,52
(88,31),1,35
(88,38),1,59
(88,44),1,1
(88,69),1,17
(88,80),1,95
(88,87),1,8
(88,96),1,4
(88,99),1,34
(88,106),1,43
(88,128),1,75
(88,164),1,41
(88,194),1,59
(88,196),1,2
(88,197),1,64
(89,1),1,35
(89,33),1,26
(89,38),1,40
(89,41),1,69
(89,47),1,54
(89,91),1,28
(89,129),1,31
(89,149),1,69
(89,156),1,38
(89,158),1,8
(89,161),1,54
(89,164),1,19
(89,165),1,11
(89,171),1,98
(90,2),1,46
(90,35),1,72
(90,48),1,77
(90,56),1,45
(90,97),1,14
(90,105),1,32
(90,110),1,22
(90,112),1,82
(90,120),1,78
(90,124),1,23
(90,135),1,55
(90,158),1,27
(90,172),1,4
(90,183),1,58
(90,190),1,6
(90,193),1,14
(90,194),1,60
(90,198),1,41
(91,10),1,59
(91,16),1,50
(91,19),1,7
(91,20),1,80
(91,31),1,72
(91,32),1,31
(91,42),1,14
(91,56),1,42
(91,73),1,9
(91,93),1,79
(91,102),1,10
(91,116),1,19
(91,119),1,86
(91,122),1,99
(91,153),1,13
(91,174),1,68
(91,177),1,96
(91,183),1,34
(91,196),1,70
(92,27),1,84
(92,64),1,88
(92,67),1,62
(92,70),1,84
(92,108),1,73
(92,114),1,77
(92,125),1,37
(92,132),1,71
(92,144),1,8
(92,149),1,50
(92,153),1,71
(92,167),1,31
(92,184),1,14
(92,185),1,18
(92,190),1,92
(93,2),1,1
(93,6),1,95
(93,17),1,3
(93,20),1,49
(93,48),1,88
(93,55),1,88
(93,67),1,51
(93,100),1,12
(93,113),1,43
(93,117),1,98
(93,135),1,99
(93,140),1,62
(93,145),1,6
(93,170),1,79
(93,171),1,35
(93,174),1,97
(93,188),1,27
(93,189),1,23
(94,4),1,71
(94,12),1,18
(94,21),1,31
(94,25),1,30
(94,26),1,5
(94,27),1,19
(94,49),1,31
(94,55),1,87
(94,80),1,73
(94,98),1,60
(94,99),1,33
(94,102),1,63
(94,114),1,28
(94,115),1,92
(94,119),1,41
(94,127),1,99
(94,134),1,17
(94,135),1,25
(94,146),1,22
(94,151),1,72
(94,181),1,98
(94,189),1,49
(95,20),1,19
(95,22),1,16
(95,32),1,84
(95,34),1,0
(95,48),1,89
(95,62),1,25
(95,82),1,7
(95,93),1,71
(95,103),1,100
(95,147),1,77
(95,157),1,62
(95,164),1,7
(95,167),1,12
(95,171),1,18
(95,176),1,8
(95,189),1,56
(95,190),1,59
(96,4),1,72
(96,6),1,41
(96,15),1,51
(96,29),1,77
(96,46),1,53
(96,52),1,13
(96,68),1,77
(96,103),1,63
(96,112),1,72
(96,124),1,2
(96,125),1,30
(96,127),1,54
(96,159),1,53
(96,170),1,35
(97,4),1,32
(97,10),1,15
(97,28),1,21
(97,33),1,1
(97,41),1,67
(97,50),1,95
(97,64),1,32
(97,70),1,78
(97,88),1,34
(97,94),1,19
(97,120),1,49
(97,130),1,24
(97,139),1,100
(97,168),1,88
(97,173),1,79
(97,174),1,100
(97,192),1,52
(97,198),1,84
(98,20),1,53
(98,21),1,22
(98,37),1,72
(98,41),1,0
(98,51),1,74
(98,56),1,52
(98,62),1,88
(98,73),1,61
(98,92),1,80
(98,108),1,50
(98,111),1,100
(98,116),1,80
(98,139),1,92
(98,147),1,60
(98,148),1,63
(98,152),1,11
(98,153),1,58
(98,168),1,92
(98,178),1,46
(98,181),1,57
(98,184),1,74
(99,10),1,78
(99,17),1,0
(99,22),1,50
(99,51),1,65
(99,55),1,28
(99,69),1,35
(99,80),1,97
(99,83),1,30
(99,85),1,61
(99,94),1,53
(99,97),1,26
(99,114),1,40
(99,157),1,22
(99,164),1,89
(99,174),1,35
(99,179),1,60
(100,10),1,34
(100,12),1,30
(100,31),1,46
(100,49),1,78
(100,58),1,36
(100,64),1,32
(100,66),1,30
(100,68),1,21
(100,81),1,62
(100,89),1,11
(100,91),1,3
(100,94),1,0
(100,111),1,75
(100,115),1,98
(100,180),1,6
(100,196),1,52
(101,7),1,94
(101,24),1,93
(101,27),1,94
(101,30),1,84
(101,31),1,5
(101,33),1,15
(101,35),1,67
(101,40),1,85
(101,41),1,86
(101,52),1,98
(101,63),1,20
(101,64),1,81
(101,71),1,86
(101,75),1,3
(101,102),1,36
(101,105),1,50
(101,109),1,45
(101,118),1,11
(101,133),1,73
(101,134),1,74
(101,145),1,43
(101,159),1,89
(101,160),1,16
(101,176),1,81
(101,192),1,29
(101,193),1,60
(101,194),1,91
(102,29),1,65
(102,46),1,12
(102,76),1,91
(102,98),1,79
(102,112),1,36
(102,123),1,53
(102,124),1,4
(102,131),1,29
(102,142),1,38
(102,154),1,20
(102,172),1,75
(103,9),1,67
(103,16),1,57
(103,38),1,11
(103,42),1,53
(103,74),1,79
(103,83),1,63
(103,89),1,57
(103,90),1,98
(103,116),1,34
(103,124),1,69
(103,125),1,81
(103,129),1,73
(103,139),1,73
(103,143),1,50
(103,144),1,23
(103,153),1,46
(103,154),1,73
(103,164),1,73
(103,165),1,69
(103,182),1,55
(104,17),1,31
(104,22),1,54
(104,25),1,63
(104,39),1,62
(104,40),1,58
(104,50),1,49
(104,52),1,96
(104,65),1,98
(104,68),1,55
(104,72),1,95
(104,75),1,82
(104,77),1,33
(104,79),1,17
(104,83),1,18
(104,86),1,22
(104,96),1,46
(104,102),1,23
(104,113),1,34
(104,126),1,74
(104,138),1,79
(104,139),1,53
(104,162),1,89
(104,164),1,2
(104,168),1,62
(104,170),1,86
(104,172),1,16
(104,175),1,19
(104,185),1,62
(105,4),1,6
(105,9),1,3
(105,23),1,98
(105,25),1,96
(105,35),1,85
(105,39),1,61
(105,42),1,6
(105,51),1,92
(105,62),1,34
(105,72),1,49
(105,77),1,39
(105,109),1,46
(105,120),1,21
(105,124),1,89
(105,126),1,26
(105,130),1,81
(105,136),1,62
(105,138),1,97
(105,163),1,70
(105,174),1,97
(105,194),1,43
(105,197),1,40
(106,8),1,4
(106,11),1,80
(106,17),1,75
(106,20),1,92
(106,27),1,22
(106,32),1,58
(106,46),1,86
(106,55),1,89
(106,59),1,57
(106,61),1,82
(106,63),1,50
(106,77),1,19
(106,94),1,48
(106,108),1,59
(106,116),1,8
(106,119),1,85
(106,127),1,98
(106,131),1,5
(106,134),1,3
(106,137),1,10
(106,155),1,42
(106,163),1,68
(106,171),1,81
(106,172),1,7
(106,197),1,100
(107,0),1,18
(107,15),1,69
(107,39),1,99
(107,55),1,80
(107,56),1,8
(107,74),1,17
(107,81),1,8
(107,123),1,36
(107,147),1,23
(107,157),1,29
(107,162),1,11
(107,166),1,73
(107,169),1,18
(107,174),1,100
(107,177),1,59
(107,184),1,35
(107,185),1,40
(107,190),1,30
(107,191),1,6
(107,199),1,98
(108,24),1,9
(108,73),1,15
(108,94),1,11
(108,112),1,44
(108,125),1,10
(108,126),1,68
(108,131),1,31
(108,145),1,72
(108,146),1,18
(108,152),1,65
(108,154),1,11
(108,178),1,18
(109,25),1,77
(109,28),1,36
(109,36),1,87
(109,60),1,9
(109,69),1,27
(109,70),1,48
(109,82),1,98
(109,107),1,59
(109,113),1,2
(109,124),1,96
(109,125),1,8
(109,132),1,60
(109,135),1,53
(109,145),1,10
(109,153),1,42
(109,157),1,20
(109,169),1,34
(109,173),1,20
(109,195),1,1
(110,3),1,89
(110,39),1,57
(110,48),1,26
(110,56),1,94
(110,61),1,10
(110,68),1,67
(110,70),1,56
(110,71),1,71
(110,80),1,67
(110,91),1,15
(110,95),1,3
(110,99),1,24
(110,100),1,92
(110,108),1,65
(110,136),1,86
(110,147),1,38
(110,148),1,45
(110,160),1,10
(110,163),1,53
(110,166),1,72
(110,170),1,23
(110,188),1,13
(110,193),1,77
(111,5),1,81
(111,17),1,42
(111,33),1,84
(111,39),1,36
(111,40),1,32
(111,41),1,80
(111,51),1,80
(111,77),1,10
(111,82),1,30
(111,90),1,76
(111,97),1,33
(111,109),1,4
(111,122),1,25
(111,126),1,100
(111,135),1,86
(111,143),1,87
(111,164),1,19
(112,2),1,56
(112,5),1,10
(112,8),1,96
(112,12),1,29
(112,36),1,95
(112,39),1,85
(112,54),1,21
(112,61),1,45
(112,69),1,72
(112,70),1,68
(112,72),1,49
(112,86),1,45
(112,94),1,34
(112,106),1,23
(112,110),1,72
(112,111),1,40
(112,121),1,78
(112,122),1,100
(112,147),1,76
(112,150),1,42
(112,157),1,32
(112,158),1,11
(112,179),1,31
(112,192),1,95
(112,196),1,88
(113,4),1,5
(113,11),1,100
(113,29),1,29
(113,54),1,36
(113,65),1,10
(113,66),1,34
(113,70),1,12
(113,78),1,73
(113,84),1,50
(113,85),1,97
(113,92),1,24
(113,101),1,57
(113,110),1,11
(113,112),1,2
(113,138),1,6
(113,141),1,49
(113,142),1,55
(113,152),1,22
(113,155),1,7
(113,175),1,79
(113,185),1,82
(114,7),1,9
(114,14),1,39
(114,28),1,69
(114,35),1,56
(114,44),1,62
(114,51),1,70
(114,53),1,17
(114,56),1,46
(114,65),1,71
(114,71),1,71
(114,72),1,91
(114,84),1,70
(114,87),1,31
(114,92),1,93
(114,96),1,97
(114,126),1,90
(114,155),1,45
(114,182),1,27
(114,191),1,48
(115,8),1,41
(115,40),1,10
(115,60),1,45
(115,61),1,77
(115,64),1,42
(115,69),1,83
(115,93),1,20
(115,94),1,80
(115,101),1,66
(115,104),1,60
(115,110),1,4
(115,120),1,23
(115,122),1,50
(115,123),1,58
(115,125),1,78
(115,145),1,11
(115,159),1,4
(115,169),1,10
(115,176),1,50
(115,199),1,17
(116,9),1,23
(116,13),1,61
(116,16),1,25
(116,19),1,44
(116,21),1,49
(116,28),1,93
(116,29),1,49
(116,41),1,42
(116,60),1,25
(116,97),1,20
(116,114),1,81
(116,123),1,65
(116,126),1,57
(116,137),1,9
(116,139),1,93
(116,142),1,66
(116,146),1,1
(116,150),1,48
(116,151),1,53
(116,153),1,88
(116,167),1,84
(116,171),1,38
(116,185),1,95
(116,189),1,34
(117,6),1,34
(117,13),1,76
(117,18),1,13
(117,22),1,92
(117,23),1,76
(117,30),1,56
(117,42),1,17
(117,48),1,26
(117,51),1,99
(117,62),1,19
(117,73),1,66
(117,95),1,83
(117,118),1,1
(117,119),1,95
(117,122),1,97
(117,128),1,78
(117,143),1,33
(117,144),1,51
(117,150),1,4
(117,155),1,15
(117,168),1,96
(117,171),1,9
(117,176),1,26
(117,179),1,16
(117,198),1,97
(118,2),1,98
(118,16),1,76
(118,38),1,62
(118,48),1,33
(118,50),1,74
(118,68),1,53
(118,79),1,90
(118,95),1,5
(118,107),1,18
(118,111),1,86
(118,120),1,51
(118,124),1,50
(118,125),1,63
(118,147),1,63
(118,156),1,78
(118,157),1,66
(118,171),1,79
(118,180),1,44
(118,192),1,35
(118,195),1,92
(118,199),1,29
(119,11),1,72
(119,16),1,54
(119,27),1,57
(119,28),1,72
(119,38),1,33
(119,59),1,28
(119,69),1,91
(119,73),1,29
(119,87),1,54
(119,88),1,43
(119,112),1,21
(119,133),1,81
(119,144),1,99
(119,156),1,50
(119,171),1,43
(119,181),1,41
(119,194),1,81
(119,195),1,80
(120,3),1,85
(120,20),1,9
(120,29),1,71
(120,31),1,43
(120,49),1,83
(120,50),1,79
(120,53),1,9
(120,59),1,83
(120,63),1,46
(120,65),1,26
(120,74),1,23
(120,80),1,6
(120,89),1,32
(120,98),1,61
(120,99),1,40
(120,117),1,47
(120,148),1,7
(120,158),1,47
(120,162),1,87
(120,178),1,75
(120,189),1,76
(120,190),1,5
(120,199),1,27
(121,4),1,86
(121,11),1,40
(121,13),1,83
(121,15),1,33
(121,23),1,39
(121,39),1,98
(121,44),1,22
(121,46),1,91
(121,51),1,0
(121,52),1,14
(121,77),1,1
(121,87),1,85
(121,89),1,66
(121,107),1,49
(121,132),1,89
(121,141),1,14
(121,151),1,88
(122,0),1,63
(122,14),1,18
(122,50),1,90
(122,52),1,52
(122,56),1,68
(122,58),1,50
(122,66),1,25
(122,67),1,41
(122,71),1,100
(122,72),1,75
(122,75),1,9
(122,77),1,30
(122,83),1,9
(122,92),1,93
(122,95),1,6
(122,97),1,90
(122,118),1,79
(122,120),1,52
(122,126),1,75
(122,136),1,89
(122,146),1,44
(122,147),1,77
(122,148),1,91
(122,157),1,5
(122,171),1,59
(122,173),1,98
(122,182),1,49
(122,189),1,16
(122,190),1,4
(122,199),1,14
(123,38),1,77
(123,42),1,89
(123,60),1,70
(123,71),1,22
(123,73),1,19
(123,90),1,70
(123,91),1,93
(123,93),1,49
(123,104),1,19
(123,112),1,23
(123,113),1,16
(123,114),1,18
(123,115),1,4
(123,119),1,41
(123,146),1,70
(123,165),1,58
(123,181),1,54
(124,2),1,7
(124,23),1,38
(124,38),1,35
(124,41),1,89
(124,78),1,97
(124,110),1,53
(124,118),1,49
(124,150),1,99
(124,168),1,99
(124,189),1,35
(124,192),1,15
(124,193),1,80
(124,198),1,25
(125,0),1,59
(125,8),1,66
(125,13),1,61
(125,16),1,100
(125,31),1,24
(125,33),1,48
(125,53),1,97
(125,58),1,91
(125,67),1,9
(125,89),1,26
(125,92),1,50
(125,96),1,20
(125,98),1,80
(125,101),1,67
(125,105),1,28
(125,120),1,32
(125,123),1,81
(125,136),1,27
(125,143),1,44
(125,156),1,1
(125,165),1,38
(125,168),1,76
(125,189),1,57
(125,190),1,73
(125,195),1,40
(126,16),1,0
(126,35),1,70
(126,48),1,9
(126,53),1,69
(126,55),1,75
(126,56),1,3
(126,58),1,19
(126,66),1,29
(126,69),1,5
(126,83),1,74
(126,91),1,33
(126,92),1,10
(126,112),1,70
(126,113),1,37
(126,116),1,95
(126,118),1,41
(126,121),1,5
(126,122),1,98
(126,134),1,10
(126,140),1,99
(126,155),1,64
(126,161),1,25
(126,176),1,95
(126,185),1,57
(126,197),1,56
(126,199),1,43
(127,11),1,100
(127,13),1,61
(127,18),1,33
(127,22),1,51
(127,38),1,32
(127,43),1,40
(127,44),1,6
(127,46),1,93
(127,47),1,35
(127,67),1,15
(127,91),1,22
(127,92),1,41
(127,93),1,59
(127,106),1,77
(127,109),1,9
(127,122),1,2
(127,129),1,13
(127,145),1,61
(127,160),1,13
(127,199),1,28
(128,0),1,50
(128,6),1,25
(128,9),1,51
(128,18),1,37
(128,24),1,40
(128,36),1,76
(128,54),1,38
(128,63),1,42
(128,64),1,62
(128,69),1,0
(128,79),1,15
(128,94),1,91
(128,101),1,94
(128,104),1,84
(128,105),1,45
(128,110),1,2
(128,115),1,77
(128,117),1,72
(128,123),1,74
(128,134),1,45
(128,161),1,84
(128,162),1,25
(128,165),1,45
(128,181),1,87
(128,190),1,15
(128,193),1,58
(128,199),1,8
(129,15),1,75
(129,20),1,5
(129,35),1,86
(129,39),1,92
(129,43),1,97
(129,45),1,51
(129,46),1,64
(129,58),1,32
(129,66),1,25
(129,74),1,99
(129,92),1,13
(129,109),1,79
(129,115),1,93
(129,136),1,99
(129,171),1,80
(129,172),1,4
(129,175),1,90
(129,190),1,9
(130,0),1,20
(130,25),1,41
(130,32),1,81
(130,43),1,61
(130,51),1,67
(130,53),1,97
(130,62),1,32
(130,78),1,62
(130,87),1,51
(130,94),1,97
(130,104),1,57
(130,106),1,33
(130,117),1,79
(130,118),1,68
(130,119),1,67
(130,136),1,73
(130,137),1,88
(130,138),1,72
(130,164),1,72
(130,165),1,85
(130,177),1,90
(130,178),1,88
(130,183),1,0
(130,185),1,20
(130,191),1,50
(131,23),1,66
(131,24),1,30
(131,27),1,36
(131,59),1,63
(131,62),1,88
(131,69),1,90
(131,72),1,84
(131,77),1,1
(131,81),1,31
(131,94),1,87
(131,101),1,97
(131,110),1,28
(131,135),1,10
(131,143),1,71
(131,144),1,13
(131,149),1,1
(131,153),1,94
(131,176),1,90
(131,183),1,39
(131,191),1,64
(132,2),1,83
(132,8),1,22
(132,10),1,0
(132,13),1,64
(132,15),1,77
(132,33),1,75
(132,38),1,44
(132,39),1,78
(132,53),1,13
(132,62),1,66
(132,63),1,76
(132,66),1,71
(132,91),1,9
(132,92),1,91
(132,97),1,39
(132,99),1,2
(132,148),1,89
(132,157),1,23
(132,169),1,85
(132,184),1,58
(132,190),1,83
(133,21),1,81
(133,34),1,53
(133,55),1,3
(133,78),1,80
(133,85),1,54
(133,87),1,7
(133,89),1,54
(133,92),1,37
(133,104),1,59
(133,120),1,33
(133,122),1,1
(133,124),1,67
(133,155),1,79
(133,171),1,59
(133,185),1,4
(133,187),1,63
(133,191),1,74
(134,45),1,75
(134,51),1,91
(134,89),1,99
(134,99),1,45
(134,103),1,21
(134,119),1,13
(134,120),1,50
(134,124),1,100
(134,126),1,99
(134,132),1,96
(134,136),1,71
(134,139),1,24
(134,145),1,3
(134,146),1,90
(134,171),1,0
(134,176),1,72
(134,182),1,28
(135,10),1,72
(135,11),1,10
(135,13),1,55
(135,22),1,92
(135,25),1,58
(135,31),1,48
(135,56),1,50
(135,105),1,65
(135,109),1,90
(135,117),1,41
(135,127),1,86
(135,138),1,7
(135,141),1,96
(135,163),1,39
(135,168),1,88
(135,189),1,76
(136,3),1,83
(136,6),1,40
(136,14),1,86
(136,15),1,46
(136,23),1,9
(136,34),1,2
(136,45),1,88
(136,52),1,41
(136,70),1,84
(136,72),1,44
(136,104),1,96
(136,110),1,29
(136,128),1,13
(136,140),1,61
(136,142),1,70
(136,166),1,30
(136,187),1,96
(136,190),1,94
(136,196),1,36
(137,4),1,30
(137,9),1,19
(137,14),1,25
(137,37),1,17
(137,49),1,6
(137,50),1,74
(137,53),1,99
(137,86),1,70
(137,93),1,78
(137,99),1,100
(137,105),1,10
(137,122),1,2
(137,155),1,57
(137,162),1,81
(137,176),1,86
(137,196),1,43
(138,3),1,29
(138,4),1,53
(138,18),1,17
(138,49),1,88
(138,73),1,54
(138,82),1,30
(138,88),1,7
(138,98),1,19
(138,105),1,64
(138,107),1,70
(138,116),1,31
(138,131),1,80
(138,135),1,5
(138,139),1,4
(138,140),1,14
(138,144),1,7
(138,145),1,48
(138,155),1,20
(138,158),1,95
(138,159),1,70
(138,177),1,95
(138,185),1,44
(139,6),1,24
(139,8),1,48
(139,15),1,29
(139,20),1,72
(139,22),1,75
(139,39),1,84
(139,57),1,67
(139,69),1,14
(139,70),1,24
(139,75),1,40
(139,76),1,84
(139,84),1,78
(139,102),1,63
(139,108),1,4
(139,118),1,48
(139,125),1,11
(139,128),1,47
(139,133),1,10
(139,177),1,66
(139,180),1,34
(139,181),1,86
(139,183),1,46
(139,187),1,26
(140,0),1,17
(140,3),1,79
(140,31),1,96
(140,33),1,35
(140,52),1,14
(140,54),1,82
(140,81),1,43
(140,93),1,5
(140,96),1,25
(140,110),1,89
(140,132),1,92
(140,135),1,24
(140,185),1,86
(141,0),1,20
(141,5),1,43
(141,8),1,88
(141,17),1,9
(141,24),1,1
(141,35),1,1
(141,44),1,84
(141,58),1,8
(141,76),1,89
(141,97),1,23
(141,130),1,14
(141,132),1,58
(141,137),1,13
(141,154),1,91
(141,155),1,74
(141,159),1,9
(141,160),1,12
(141,161),1,74
(141,163),1,97
(141,169),1,89
(142,28),1,91
(142,40),1,96
(142,47),1,97
(142,52),1,4
(142,64),1,37
(142,74),1,86
(142,77),1,85
(142,84),1,32
(142,87),1,0
(142,125),1,43
(142,136),1,19
(142,138),1,96
(142,157),1,75
(142,184),1,94
(142,185),1,97
(143,22),1,91
(143,25),1,36
(143,26),1,86
(143,44),1,50
(143,46),1,64
(143,49),1,20
(143,53),1,17
(143,59),1,80
(143,63),1,50
(143,67),1,44
(143,69),1,90
(143,81),1,64
(143,86),1,17
(143,87),1,2
(143,89),1,99
(143,117),1,39
(143,129),1,1
(143,134),1,59
(143,150),1,98
(143,151),1,44
(143,155),1,10
(143,167),1,37
(143,171),1,66
(143,189),1,4
(143,190),1,30
(143,191),1,83
(143,198),1,6
(144,22),1,81
(144,37),1,6
(144,40),1,4
(144,41),1,2
(144,70),1,37
(144,81),1,41
(144,88),1,42
(144,113),1,97
(144,118),1,53
(144,138),1,51
(144,145),1,12
(144,155),1,18
(144,180),1,4
(144,185),1,16
(144,191),1,34
(145,3),1,23
(145,15),1,39
(145,24),1,34
(145,34),1,13
(145,40),1,24
(145,43),1,46
(145,46),1,63
(145,47),1,35
(145,54),1,18
(145,86),1,42
(145,91),1,40
(145,104),1,74
(145,106),1,16
(145,108),1,50
(145,116),1,20
(145,121),1,2
(145,131),1,6
(145,132),1,27
(145,139),1,49
(145,146),1,13
(145,158),1,78
(145,167),1,48
(145,170),1,64
(145,178),1,4
(145,187),1,7
(145,197),1,39
(146,9),1,90
(146,11),1,96
(146,12),1,16
(146,30),1,39
(146,31),1,39
(146,39),1,37
(146,85),1,4
(146,103),1,65
(146,110),1,72
(146,124),1,85
(146,133),1,18
(146,147),1,100
(146,155),1,95
(146,162),1,29
(146,165),1,21
(146,181),1,80
(146,194),1,59
(147,1),1,94
(147,3),1,16
(147,6),1,28
(147,11),1,26
(147,27),1,3
(147,33),1,8
(147,34),1,43
(147,45),1,5
(147,81),1,23
(147,86),1,41
(147,93),1,72
(147,127),1,53
(147,136),1,36
(147,139),1,64
(147,168),1,23
(147,191),1,20
(147,194),1,32
(147,196),1,40
(148,7),1,77
(148,10),1,50
(148,20),1,77
(148,59),1,92
(148,94),1,71
(148,100),1,23
(148,106),1,20
(148,110),1,16
(148,124),1,9
(148,125),1,47
(148,127),1,48
(148,129),1,42
(148,142),1,56
(148,145),1,89
(148,160),1,1
(148,166),1,30
(148,167),1,88
(148,172),1,95
(148,183),1,2
(148,199),1,56
(149,14),1,49
(149,21),1,23
(149,50),1,21
(149,52),1,77
(149,71),1,23
(149,80),1,6
(149,90),1,67
(149,94),1,31
(149,96),1,35
(149,106),1,74
(149,111),1,32
(149,115),1,18
(149,133),1,19
(149,135),1,85
(149,138),1,77
(149,145),1,87
(149,165),1,53
(149,168),1,7
(149,173),1,73
(149,177),1,85
(149,178),1,82
(149,192),1,90
(149,198),1,41
(150,44),1,5
(150,50),1,66
(150,56),1,37
(150,76),1,57
(150,95),1,32
(150,109),1,85
(150,124),1,90
(150,143),1,67
(150,148),1,96
(150,159),1,50
(150,166),1,77
(150,171),1,95
(151,9),1,51
(151,31),1,27
(151,46),1,99
(151,59),1,62
(151,63),1,49
(151,72),1,73
(151,74),1,40
(151,88),1,53
(151,98),1,36
(151,109),1,71
(151,118),1,83
(151,122),1,31
(151,124),1,78
(151,155),1,91
(151,165),1,67
(151,181),1,75
(151,186),1,1
(151,195),1,78
(152,5),1,66
(152,22),1,97
(152,31),1,9
(152,34),1,60
(152,36),1,31
(152,39),1,74
(152,76),1,40
(152,80),1,49
(152,83),1,21
(152,84),1,18
(152,98),1,21
(152,109),1,43
(152,120),1,5
(152,138),1,47
(152,144),1,73
(152,146),1,74
(152,168),1,58
(152,174),1,53
(152,191),1,29
(152,196),1,52
(153,1),1,47
(153,6),1,71
(153,16),1,22
(153,22),1,95
(153,26),1,23
(153,30),1,74
(153,44),1,92
(153,61),1,82
(153,64),1,72
(153,88),1,83
(153,104),1,46
(153,113),1,7
(153,121),1,89
(153,134),1,63
(153,142),1,83
(153,146),1,36
(153,171),1,60
(153,178),1,3
(153,190),1,56
(153,193),1,63
(154,7),1,97
(154,13),1,20
(154,57),1,29
(154,70),1,37
(154,75),1,50
(154,81),1,79
(154,85),1,96
(154,89),1,55
(154,107),1,34
(154,119),1,56
(155,27),1,3
(155,29),1,69
(155,39),1,95
(155,54),1,76
(155,58),1,96
(155,71),1,82
(155,100),1,42
(155,103),1,96
(155,109),1,74
(155,116),1,24
(155,123),1,20
(155,137),1,14
(155,154),1,58
(155,174),1,39
(155,184),1,28
(156,5),1,21
(156,10),1,92
(156,20),1,29
(156,26),1,87
(156,37),1,64
(156,46),1,52
(156,66),1,81
(156,75),1,0
(156,86),1,75
(156,89),1,71
(156,95),1,24
(156,105),1,58
(156,111),1,45
(156,125),1,85
(156,126),1,83
(156,154),1,7
(156,166),1,0
(156,172),1,94
(156,179),1,87
(156,180),1,70
(156,182),1,92
(156,188),1,54
(156,190),1,80
(156,197),1,55
(157,4),1,48
(157,17),1,12
(157,23),1,99
(157,52),1,92
(157,65),1,90
(157,67),1,28
(157,76),1,88
(157,84),1,89
(157,86),1,30
(157,87),1,54
(157,94),1,7
(157,95),1,62
(157,101),1,67
(157,103),1,27
(157,123),1,41
(157,133),1,24
(157,142),1,49
(157,150),1,63
(157,180),1,36
(157,181),1,41
(157,190),1,80
(158,1),1,79
(158,2),1,28
(158,19),1,59
(158,21),1,55
(158,30),1,12
(158,38),1,89
(158,41),1,48
(158,48),1,74
(158,54),1,15
(158,61),1,97
(158,83),1,93
(158,114),1,54
(158,119),1,43
(158,122),1,22
(158,130),1,24
(158,145),1,25
(158,152),1,53
(158,155),1,91
(158,167),1,66
(158,172),1,48
(158,189),1,87
(158,199),1,1
(159,2),1,31
(159,8),1,36
(159,13),1,69
(159,18),1,93
(159,26),1,12
(159,39),1,51
(159,43),1,64
(159,47),1,38
(159,70),1,97
(159,78),1,94
(159,86),1,71
(159,87),1,6
(159,96),1,92
(159,101),1,17
(159,105),1,12
(159,108),1,72
(159,120),1,60
(159,134),1,98
(159,140),1,68
(159,173),1,59
(159,174),1,53
(159,176),1,1
(159,192),1,82
(160,3),1,55
(160,4),1,96
(160,19),1,30
(160,27),1,19
(160,39),1,82
(160,51),1,30
(160,63),1,92
(160,67),1,7
(160,69),1,71
(160,70),1,26
(160,71),1,72
(160,72),1,69
(160,75),1,69
(160,85),1,62
(160,101),1,35
(160,116),1,61
(160,155),1,35
(160,158),1,71
(160,173),1,2
(160,186),1,91
(160,188),1,39
(160,191),1,58
(161,3),1,83
(161,19),1,71
(161,34),1,27
(161,37),1,89
(161,50),1,82
(161,56),1,51
(161,57),1,54
(161,58),1,22
(161,64),1,94
(161,82),1,80
(161,88),1,25
(161,92),1,79
(161,111),1,89
(161,115),1,43
(161,118),1,35
(161,130),1,65
(161,136),1,31
(161,138),1,25
(161,142),1,27
(161,162),1,73
(161,171),1,81
(161,177),1,6
(161,186),1,47
(162,13),1,99
(162,24),1,60
(162,31),1,98
(162,33),1,45
(162,40),1,4
(162,44),1,52
(162,45),1,86
(162,60),1,26
(162,64),1,24
(162,81),1,28
(162,82),1,93
(162,87),1,78
(162,93),1,84
(162,101),1,99
(162,115),1,20
(162,126),1,54
(162,133),1,2
(162,142),1,34
(162,154),1,80
(162,164),1,46
(162,178),1,67
(162,190),1,40
(162,193),1,85
(163,42),1,58
(163,47),1,5
(163,51),1,20
(163,53),1,81
(163,67),1,20
(163,72),1,99
(163,76),1,98
(163,79),1,17
(163,81),1,60
(163,82),1,23
(163,91),1,78
(163,97),1,85
(163,100),1,47
(163,128),1,75
(163,132),1,9
(163,140),1,89
(163,142),1,53
(163,146),1,82
(163,187),1,9
(164,0),1,74
(164,7),1,97
(164,13),1,96
(164,34),1,0
(164,37),1,8
(164,43),1,46
(164,53),1,3
(164,90),1,69
(164,102),1,88
(164,107),1,87
(164,111),1,36
(164,119),1,36
(164,122),1,31
(164,125),1,34
(164,136),1,19
(164,155),1,56
(164,180),1,29
(165,3),1,2
(165,5),1,40
(165,8),1,83
(165,58),1,21
(165,62),1,93
(165,79),1,63
(165,80),1,9
(165,97),1,40
(165,115),1,46
(165,117),1,9
(165,130),1,49
(165,132),1,84
(165,136),1,5
(165,142),1,19
(165,151),1,47
(165,161),1,78
(165,162),1,68
(165,163),1,33
(166,24),1,69
(166,35),1,89
(166,42),1,67
(166,59),1,7
(166,66),1,51
(166,99),1,71
(166,107),1,20
(166,114),1,83
(166,123),1,27
(166,147),1,31
(166,163),1,50
(166,180),1,78
(166,182),1,84
(166,189),1,97
(166,190),1,75
(167,12),1,84
(167,19),1,10
(167,76),1,57
(167,87),1,52
(167,97),1,8
(167,98),1,97
(167,104),1,45
(167,110),1,67
(167,111),1,44
(167,131),1,36
(167,148),1,1
(167,153),1,95
(168,2),1,16
(168,14),1,21
(168,18),1,46
(168,25),1,83
(168,29),1,31
(168,45),1,13
(168,47),1,15
(168,49),1,3
(168,54),1,94
(168,62),1,95
(168,96),1,30
(168,116),1,14
(168,135),1,37
(168,136),1,99
(168,141),1,20
(168,153),1,30
(168,157),1,99
(168,178),1,38
(168,193),1,92
(168,195),1,69
(168,199),1,0
(169,11),1,26
(169,23),1,56
(169,30),1,38
(169,40),1,73
(169,55),1,25
(169,62),1,20
(169,71),1,31
(169,85),1,12
(169,105),1,48
(169,136),1,36
(169,147),1,90
(169,156),1,70
(169,158),1,78
(169,163),1,16
(169,177),1,8
(169,179),1,71
(169,180),1,22
(169,197),1,48
(170,28),1,54
(170,40),1,14
(170,52),1,8
(170,64),1,14
(170,72),1,98
(170,75),1,7
(170,76),1,24
(170,92),1,18
(170,96),1,75
(170,102),1,32
(170,139),1,64
(170,144),1,74
(170,151),1,37
(170,161),1,8
(170,163),1,42
(170,168),1,94
(171,23),1,88
(171,24),1,59
(171,33),1,52
(171,45),1,11
(171,63),1,69
(171,103),1,34
(171,105),1,0
(171,108),1,13
(171,118),1,57
(171,126),1,91
(171,127),1,23
(171,131),1,89
(171,136),1,16
(171,141),1,76
(171,149),1,46
(171,178),1,15
(171,184),1,22
(171,193),1,83
(171,196),1,66
(172,7),1,30
(172,10),1,10
(172,13),1,4
(172,24),1,80
(172,30),1,28
(172,35),1,87
(172,59),1,40
(172,62),1,15
(172,70),1,98
(172,83),1,80
(172,84),1,11
(172,91),1,84
(172,98),1,20
(172,123),1,50
(172,138),1,1
(172,141),1,25
(172,147),1,52
(172,149),1,8
(172,154),1,78
(172,171),1,97
(172,195),1,28
(173,8),1,1
(173,14),1,38
(173,52),1,34
(173,63),1,51
(173,69),1,69
(173,76),1,46
(173,81),1,18
(173,85),1,68
(173,88),1,58
(173,108),1,13
(173,130),1,27
(173,142),1,47
(173,145),1,90
(173,148),1,84
(173,160),1,87
(173,177),1,93
(173,184),1,98
(174,28),1,19
(174,34),1,62
(174,40),1,53
(174,41),1,79
(174,50),1,73
(174,65),1,38
(174,84),1,57
(174,86),1,31
(174,91),1,48
(174,93),1,8
(174,94),1,61
(174,99),1,81
(174,104),1,35
(174,111),1,44
(174,117),1,23
(174,124),1,98
(174,129),1,82
(174,132),1,36
(174,138),1,32
(174,140),1,21
(174,143),1,26
(174,145),1,87
(174,146),1,96
(174,157),1,40
(174,159),1,67
(174,163),1,13
(174,170),1,72
(174,191),1,8
(174,197),1,66
(175,5),1,73
(175,9),1,59
(175,20),1,67
(175,23),1,50
(175,31),1,39
(175,41),1,14
(175,62),1,5
(175,77),1,93
(175,90),1,47
(175,102),1,55
(175,122),1,39
(175,143),1,9
(175,156),1,22
(175,163),1,49
(175,169),1,9
(175,180),1,27
(176,6),1,10
(176,9),1,79
(176,19),1,59
(176,39),1,68
(176,63),1,40
(176,81),1,1
(176,86),1,62
(176,92),1,54
(176,101),1,33
(176,113),1,74
(176,133),1,63
(176,156),1,85
(176,157),1,84
(176,158),1,89
(176,160),1,87
(176,161),1,98
(176,172),1,74
(176,178),1,81
(176,184),1,62
(177,8),1,49
(177,17),1,49
(177,20),1,2
(177,21),1,37
(177,23),1,0
(177,26),1,84
(177,29),1,36
(177,33),1,65
(177,46),1,57
(177,59),1,97
(177,62),1,2
(177,64),1,62
(177,83),1,36
(177,87),1,85
(177,98),1,56
(177,106),1,4
(177,118),1,69
(177,133),1,3
(177,151),1,88
(177,180),1,31
(178,31),1,54
(178,44),1,100
(178,66),1,48
(178,68),1,98
(178,74),1,65
(178,86),1,21
(178,115),1,28
(178,131),1,1
(178,134),1,77
(178,143),1,33
(178,144),1,86
(178,169),1,71
(178,192),1,29
(179,4),1,12
(179,5),1,87
(179,15),1,78
(179,22),1,19
(179,23),1,71
(179,37),1,53
(179,45),1,46
(179,62),1,49
(179,69),1,73
(179,70),1,75
(179,74),1,72
(179,95),1,4
(179,125),1,91
(179,127),1,23
(179,129),1,65
(179,141),1,34
(179,151),1,94
(179,153),1,78
(179,168),1,48
(179,173),1,24
(179,177),1,38
(179,188),1,97
(179,189),1,76
(179,191),1,80
(180,13),1,52
(180,20),1,24
(180,21),1,53
(180,22),1,21
(180,45),1,64
(180,81),1,35
(180,91),1,58
(180,96),1,76
(180,105),1,32
(180,130),1,19
(180,133),1,82
(180,136),1,0
(180,162),1,98
(180,172),1,93
(180,173),1,54
(180,174),1,76
(180,179),1,76
(180,190),1,17
(181,5),1,26
(181,6),1,56
(181,11),1,57
(181,64),1,93
(181,67),1,62
(181,79),1,52
(181,83),1,81
(181,92),1,72
(181,98),1,99
(181,103),1,87
(181,106),1,21
(181,107),1,46
(181,129),1,83
(181,130),1,36
(181,158),1,38
(181,161),1,15
(181,176),1,49
(181,186),1,56
(182,2),1,68
(182,8),1,75
(182,9),1,63
(182,10),1,17
(182,17),1,69
(182,18),1,48
(182,36),1,4
(182,39),1,83
(182,44),1,54
(182,46),1,56
(182,58),1,63
(182,62),1,69
(182,63),1,84
(182,87),1,2
(182,90),1,75
(182,95),1,1
(182,100),1,99
(182,132),1,62
(182,134),1,0
(182,137),1,1
(182,141),1,36
(182,147),1,91
(182,156),1,67
(182,167),1,35
(182,174),1,76
(182,179),1,88
(182,194),1,93
(183,17),1,6
(183,19),1,57
(183,29),1,89
(183,48),1,73
(183,49),1,5
(183,60),1,26
(183,61),1,70
(183,62),1,0
(183,74),1,23
(183,80),1,55
(183,81),1,91
(183,91),1,82
(183,93),1,20
(183,94),1,66
(183,98),1,51
(183,101),1,34
(183,103),1,97
(183,108),1,50
(183,133),1,40
(183,153),1,26
(183,185),1,77
(184,2),1,76
(184,22),1,49
(184,29),1,71
(184,38),1,32
(184,69),1,47
(184,72),1,32
(184,82),1,85
(184,86),1,49
(184,109),1,52
(184,129),1,91
(184,181),1,27
(184,189),1,38
(184,196),1,76
(185,0),1,7
(185,18),1,79
(185,21),1,7
(185,31),1,30
(185,37),1,69
(185,49),1,29
(185,56),1,79
(185,60),1,14
(185,62),1,90
(185,65),1,13
(185,82),1,38
(185,83),1,49
(185,84),1,21
(185,90),1,20
(185,91),1,69
(185,101),1,23
(185,137),1,70
(185,145),1,27
(185,147),1,94
(185,149),1,51
(185,153),1,56
(185,157),1,70
(185,159),1,76
(185,167),1,42
(185,168),1,83
(185,179),1,66
(185,189),1,87
(185,191),1,74
(185,197),1,46
(185,199),1,52
(186,30),1,85
(186,37),1,73
(186,38),1,59
(186,89),1,50
(186,90),1,21
(186,101),1,56
(186,127),1,29
(186,128),1,66
(186,135),1,44
(186,155),1,80
(186,179),1,65
(186,183),1,80
(186,189),1,79
(187,17),1,51
(187,22),1,44
(187,30),1,90
(187,52),1,66
(187,68),1,41
(187,77),1,90
(187,105),1,19
(187,108),1,22
(187,124),1,52
(187,169),1,26
(187,192),1,95
(187,194),1,38
(187,197),1,70
(187,199),1,72
(188,18),1,0
(188,24),1,74
(188,30),1,21
(188,31),1,88
(188,32),1,88
(188,41),1,58
(188,56),1,33
(188,69),1,55
(188,93),1,13
(188,97),1,0
(188,105),1,93
(188,119),1,97
(188,146),1,8
(188,160),1,74
(188,161),1,28
(188,169),1,9
(188,174),1,64
(188,180),1,71
(188,194),1,40
(189,6),1,11
(189,19),1,64
(189,23),1,16
(189,28),1,53
(189,39),1,15
(189,42),1,99
(189,60),1,5
(189,80),1,29
(189,88),1,93
(189,110),1,9
(189,115),1,48
(189,121),1,60
(189,139),1,54
(189,155),1,30
(189,163),1,81
(189,169),1,67
(189,171),1,16
(189,175),1,67
(189,178),1,79
(189,181),1,81
(189,184),1,81
(189,186),1,66
(190,16),1,13
(190,19),1,34
(190,25),1,17
(190,35),1,10
(190,37),1,49
(190,38),1,54
(190,48),1,41
(190,63),1,20
(190,66),1,25
(190,94),1,42
(190,98),1,59
(190,112),1,30
(190,135),1,30
(190,139),1,93
(190,144),1,15
(190,150),1,82
(190,157),1,93
(190,162),1,18
(190,169),1,14
(190,171),1,79
(190,182),1,92
(190,183),1,64
(191,0),1,33
(191,13),1,85
(191,14),1,9
(191,19),1,43
(191,36),1,96
(191,42),1,83
(191,45),1,4
(191,57),1,41
(191,83),1,82
(191,96),1,36
(191,104),1,46
(191,107),1,43
(191,112),1,49
(191,116),1,52
(191,127),1,99
(191,130),1,76
(191,139),1,59
(191,140),1,90
(191,145),1,51
(191,148),1,68
(191,172),1,48
(191,179),1,94
(191,186),1,31
(192,2),1,44
(192,5),1,0
(192,10),1,22
(192,12),1,48
(192,18),1,68
(192,43),1,76
(192,52),1,79
(192,69),1,79
(192,85),1,35
(192,95),1,85
(192,101),1,99
(192,104),1,23
(192,120),1,83
(192,147),1,82
(192,155),1,46
(192,157),1,37
(192,158),1,53
(192,189),1,39
(193,23),1,14
(193,24),1,91
(193,29),1,5
(193,30),1,19
(193,39),1,41
(193,42),1,28
(193,52),1,84
(193,59),1,11
(193,60),1,60
(193,67),1,39
(193,72),1,31
(193,81),1,97
(193,89),1,39
(193,104),1,86
(193,107),1,32
(193,113),1,42
(193,115),1,21
(193,126),1,88
(193,127),1,38
(193,136),1,99
(193,140),1,56
(193,157),1,97
(193,162),1,64
(193,170),1,50
(193,171),1,62
(193,179),1,67
(193,185),1,17
(194,16),1,77
(194,57),1,91
(194,67),1,70
(194,68),1,15
(194,79),1,27
(194,82),1,12
(194,84),1,8
(194,102),1,11
(194,103),1,11
(194,118),1,47
(194,122),1,28
(194,127),1,81
(194,129),1,39
(194,142),1,67
(194,162),1,41
(194,168),1,57
(194,178),1,24
(194,186),1,92
(195,0),1,52
(195,1),1,15
(195,24),1,70
(195,38),1,79
(195,40),1,90
(195,57),1,59
(195,65),1,62
(195,79),1,79
(195,83),1,36
(195,108),1,25
(195,121),1,56
(195,129),1,70
(195,142),1,69
(195,153),1,26
(195,157),1,14
(195,169),1,34
(195,176),1,65
(196,0),1,70
(196,30),1,51
(196,33),1,83
(196,35),1,71
(196,39),1,97
(196,46),1,91
(196,70),1,32
(196,72),1,8
(196,73),1,55
(196,96),1,20
(196,103),1,51
(196,108),1,86
(196,109),1,94
(196,111),1,15
(196,113),1,64
(196,124),1,21
(196,125),1,91
(196,130),1,31
(196,135),1,84
(196,150),1,5
(196,155),1,96
(196,158),1,13
(196,159),1,40
(196,160),1,19
(196,164),1,76
(196,174),1,81
(196,193),1,76
(197,2),1,98
(197,17),1,28
(197,22),1,21
(197,31),1,97
(197,44),1,43
(197,61),1,41
(197,64),1,10
(197,71),1,100
(197,91),1,91
(197,105),1,66
(197,119),1,40
(197,126),1,95
(197,137),1,7
(197,140),1,10
(197,183),1,54
(198,3),1,64
(198,5),1,35
(198,15),1,52
(198,17),1,44
(198,20),1,42
(198,21),1,94
(198,22),1,43
(198,31),1,94
(198,34),1,91
(198,38),1,61
(198,40),1,77
(198,76),1,25
(198,80),1,30
(198,86),1,91
(198,89),1,63
(198,93),1,26
(198,114),1,65
(198,126),1,70
(198,129),1,69
(198,133),1,84
(198,139),1,70
(198,145),1,67
(198,169),1,19
(198,175),1,92
(198,186),1,24
(198,192),1,34
(199,1),1,92
(199,7),1,89
(199,12),1,99
(199,38),1,88
(199,41),1,96
(199,42),1,68
(199,44),1,61
(199,48),1,92
(199,66),1,91
(199,69),1,74
(199,71),1,26
(199,79),1,2
(199,97),1,6
(199,113),1,19
(199,119),1,28
(199,122),1,28
(199,126),1,17
(199,129),1,84
(199,135),1,11
(199,149),1,17
(199,156),1,81
(199,166),1,21
(199,183),1,49
