Dataset: Delorme_1000_NDD_Weight_0.txt
k = 3
Cycle Generation Time: 65.28016901016235
Solution Time: 9.092582702636719
Total Time: 74.37275290489197
transplants_made: 313, total_weight: 13525
Selected Cycles:
[37, 328, 425, 37]
[268, 940, 804, 268]
[393, 405, 636, 393]
[954, 353]
[985, 211]
[412, 883, 451, 412]
[979, 244]
[977, 470, 491]
[190, 899, 563, 190]
[564, 763, 713, 564]
[987, 532]
[955, 566, 766]
[50, 540, 422, 50]
[416, 934, 508, 416]
[584, 851, 726, 584]
[950, 895, 780]
[976, 645]
[967, 354, 44]
[26, 861, 152, 26]
[104, 514, 738, 104]
[971, 297]
[972, 397, 288]
[106, 322, 817, 106]
[387, 507, 802, 387]
[99, 793, 504, 99]
[156, 337, 221, 156]
[269, 302, 797, 269]
[160, 785, 234, 160]
[167, 572, 878, 167]
[959, 252]
[3, 100, 224, 3]
[153, 431, 341, 153]
[70, 407, 402, 70]
[208, 285, 273, 208]
[43, 175, 773, 43]
[138, 247, 650, 138]
[246, 292, 759, 246]
[259, 702, 858, 259]
[999, 698, 24]
[342, 539, 854, 342]
[40, 213, 401, 40]
[374, 812, 701, 374]
[17, 382, 686, 17]
[997, 347, 942]
[8, 700, 432, 8]
[986, 117, 31]
[78, 562, 331, 78]
[326, 375, 687, 326]
[121, 301, 548, 121]
[969, 722, 212]
[333, 667, 546, 333]
[75, 287, 813, 75]
[145, 799, 145]
[184, 906, 865, 184]
[436, 727, 673, 436]
[365, 694, 388, 365]
[256, 334, 415, 256]
[58, 362, 948, 58]
[4, 25, 903, 4]
[961, 389, 595]
[57, 428, 684, 57]
[11, 367, 811, 11]
[346, 791, 392, 346]
[414, 579, 751, 414]
[33, 192, 360, 33]
[998, 215, 459]
[291, 718, 638, 291]
[28, 703, 369, 28]
[265, 409, 542, 265]
[350, 801, 594, 350]
[144, 567, 869, 144]
[962, 194, 569]
[39, 917, 541, 39]
[304, 357, 621, 304]
[625, 788, 690, 625]
[279, 914, 730, 279]
[189, 601, 693, 189]
[0, 155, 505, 0]
[134, 580, 819, 134]
[363, 740, 680, 363]
[56, 568, 193, 56]
[220, 905, 764, 220]
[442, 717, 704, 442]
[174, 627, 242, 174]
[545, 846, 683, 545]
[957, 642, 455]
[81, 399, 825, 81]
[111, 129, 131, 111]
[9, 806, 185, 9]
[229, 524, 423, 229]
[162, 632, 855, 162]
[312, 604, 781, 312]
[130, 364, 586, 130]
[429, 458, 556, 429]
[13, 69, 421, 13]
[990, 592, 523]
[349, 829, 928, 349]
[995, 691, 89]
[951, 479, 427]
[952, 663, 644]
[964, 108, 63]
[988, 733, 482]
[993, 396, 370]
[119, 381, 558, 119]
[989, 589, 200]
[996, 767, 596]
[956, 452, 630]
[980, 768, 127]
[958, 831, 474]
[982, 919, 735]
[963, 245, 647]
[974, 477, 890]
[981, 311, 653]
[978, 159, 916]
[15, 91, 15]
[120, 92, 120]
[66, 502, 66]
[371, 695, 371]
[426, 395, 426]
[712, 217, 712]
[826, 445, 826]
[870, 488, 870]

--------------------------------------------------
