Dataset: Delorme_200_NDD_Weight_0.txt
k = 4
Cycle Generation Time: 0.9779720306396484
Solution Time: 0.1293168067932129
Total Time: 1.1072888374328613
transplants_made: 39, total_weight: 1984
Selected Cycles:
[12, 50, 79, 124, 12]
[20, 45, 128, 177, 20]
[24, 182, 72, 185, 24]
[197, 54, 117, 125]
[194, 159, 152, 76]
[193, 69, 141, 70]
[198, 175, 85, 116]
[199, 90, 49, 2]
[192, 53, 122, 179]
[190, 167, 91, 123]
[195, 57, 93, 8]
[196, 105, 98, 169]

--------------------------------------------------
