Dataset: Delorme_500_NDD_Weight_0.txt
k = 4
Cycle Generation Time: 44.857698917388916
Solution Time: 7.503901958465576
Total Time: 52.36160182952881
transplants_made: 145, total_weight: 6522
Selected Cycles:
[17, 378, 432, 160, 17]
[484, 107]
[499, 399, 116, 283]
[497, 126]
[493, 337, 409, 25]
[87, 166, 224, 195, 87]
[21, 466, 423, 448, 21]
[199, 411, 431, 389, 199]
[52, 345, 393, 465, 52]
[31, 429, 447, 294, 31]
[36, 143, 43, 474, 36]
[10, 415, 92, 473, 10]
[492, 62, 462, 319]
[48, 262, 66, 329, 48]
[22, 93, 417, 242, 22]
[189, 231, 437, 220, 189]
[223, 309, 234, 469, 223]
[63, 403, 377, 145, 63]
[489, 80, 373, 293]
[3, 461, 394, 325, 3]
[74, 383, 233, 241, 74]
[156, 418, 169, 425, 156]
[479, 244, 342, 191]
[482, 363, 459, 246]
[494, 72, 450, 120]
[483, 451, 460, 352]
[187, 334, 355, 260, 187]
[128, 146, 427, 380, 128]
[157, 310, 210, 282, 157]
[498, 83, 250, 376]
[4, 298, 318, 331, 4]
[14, 67, 446, 130, 14]
[495, 361, 449, 320]
[30, 259, 276, 176, 30]
[144, 148, 256, 330, 144]
[475, 50, 38, 396]
[491, 75, 390, 129]
[477, 454, 384, 335]
[481, 288, 214, 445]
[487, 382, 73, 397]
[478, 296, 413, 55]
[476, 138, 428, 471]

--------------------------------------------------
