Dataset: Saidman_200_NDD_Weight_0.txt
k = 3
Cycle Generation Time: 3.862576961517334
Solution Time: 0.5096759796142578
Total Time: 4.372252941131592
transplants_made: 88, total_weight: 3863
Selected Cycles:
[74, 149, 74]
[50, 178, 50]
[49, 187, 59, 49]
[58, 147, 76, 58]
[24, 134, 188, 24]
[34, 56, 36, 34]
[23, 117, 127, 23]
[27, 79, 42, 27]
[18, 119, 184, 18]
[38, 157, 53, 38]
[4, 87, 177, 4]
[5, 152, 132, 5]
[22, 160, 159, 22]
[8, 86, 93, 8]
[85, 143, 162, 85]
[195, 94, 92]
[199, 11, 41]
[198, 131, 63]
[0, 62, 183, 0]
[197, 82, 81]
[194, 52, 103]
[192, 155, 48]
[193, 44, 141]
[190, 3, 25]
[196, 13, 185]
[151, 51, 151]
[98, 29, 98]
[30, 65, 30]
[171, 33, 171]
[12, 54, 12]
[37, 75, 37]
[73, 16, 73]
[83, 64, 83]
[1, 6, 1]
[128, 154, 128]
[69, 2, 69]
[104, 153, 104]

--------------------------------------------------
