Dataset: Saidman_200_NDD_Weight_0.txt
k = 4
Cycle Generation Time: 171.16371321678162
Solution Time: 13.45668888092041
Total Time: 184.62040209770203
transplants_made: 83, total_weight: 3988
Selected Cycles:
[2, 104, 153, 76, 2]
[49, 116, 177, 56, 49]
[18, 187, 119, 172, 18]
[5, 134, 188, 82, 5]
[34, 147, 149, 131, 34]
[27, 167, 184, 157, 27]
[36, 106, 183, 89, 36]
[3, 52, 33, 178, 3]
[23, 159, 37, 87, 23]
[4, 127, 143, 162, 4]
[12, 65, 44, 94, 12]
[30, 174, 83, 53, 30]
[0, 62, 171, 155, 0]
[199, 1, 132, 141]
[198, 88, 160, 19]
[39, 154, 128, 86, 39]
[192, 8, 79, 25]
[195, 64, 73, 41]
[197, 11, 99, 63]
[194, 54, 125, 81]
[193, 29, 98, 103]
[196, 13, 32, 185]
[190, 117, 161, 48]

--------------------------------------------------
