Dataset: Delorme_200_NDD_Weight_0.txt
k = 3
Cycle Generation Time: 0.2898592948913574
Solution Time: 0.029529809951782227
Total Time: 0.31938910484313965
transplants_made: 35, total_weight: 1444
Selected Cycles:
[140, 145, 140]
[6, 49, 85, 6]
[77, 168, 79, 77]
[194, 54, 169]
[24, 182, 72, 24]
[199, 2]
[3, 93, 154, 3]
[20, 167, 91, 20]
[22, 170, 141, 22]
[193, 117, 125]
[198, 175, 76]
[190, 122, 179]
[192, 63, 70]
[196, 105, 116]
[195, 57, 123]

--------------------------------------------------
