Dataset: Delorme_500_NDD_Weight_0.txt
k = 4
Cycle Generation Time: 99.21343064308167
Solution Time: 4.6264917850494385
Total Time: 103.8399224281311
transplants_made: 127, total_weight: 8923
Selected Cycles:
[495, 361, 413, 283]
[47, 158, 334, 355, 47]
[100, 342, 393, 391, 100]
[488, 231, 437]
[490, 451, 115, 76]
[233, 299, 383, 233]
[429, 447, 429]
[476, 320, 4, 310]
[380, 427, 380]
[52, 345, 197, 465, 52]
[482, 300, 42, 36]
[9, 459, 448, 22, 9]
[57, 74, 446, 80, 57]
[92, 311, 92]
[31, 379, 220, 171, 31]
[493, 337]
[176, 472, 325, 461, 176]
[497, 126, 157, 87]
[475, 260, 223, 331]
[489, 245, 323, 397]
[99, 409, 425, 156, 99]
[499, 399, 25]
[23, 247, 256, 403, 23]
[492, 294, 268, 309]
[138, 402, 298, 249, 138]
[478, 378, 366, 129]
[484, 234, 420, 466]
[481, 225, 396, 471]
[494, 418, 166, 21]
[477, 212, 423, 5]
[479, 321, 460, 229]
[498, 411, 431, 116]
[67, 152, 335, 120, 67]
[485, 394]
[136, 276, 242, 262, 136]
[75, 109, 160, 265, 75]
[182, 432, 182]
[10, 433, 82, 414, 10]
[128, 454, 304, 128]
[487, 66, 14, 148]
[94, 389, 89, 94]

--------------------------------------------------
