Dataset: Delorme_500_NDD_Weight_0.txt
k = 3
Cycle Generation Time: 4.980958700180054
Solution Time: 1.163811206817627
Total Time: 6.144769906997681
transplants_made: 138, total_weight: 6191
Selected Cycles:
[484, 431, 116]
[5, 25, 320, 5]
[231, 242, 411, 231]
[36, 329, 399, 36]
[21, 283, 195, 21]
[63, 425, 156, 63]
[497, 126, 87]
[82, 379, 220, 82]
[493, 337, 148]
[129, 166, 474, 129]
[4, 310, 331, 4]
[423, 448, 451, 423]
[486, 143, 43]
[482, 272, 449]
[89, 94, 389, 89]
[78, 92, 473, 78]
[52, 345, 197, 52]
[294, 363, 459, 294]
[491, 265, 282]
[120, 280, 437, 120]
[496, 394, 76]
[1, 67, 351, 1]
[0, 447, 80, 0]
[108, 244, 342, 108]
[168, 408, 233, 168]
[477, 85, 450]
[9, 404, 22, 9]
[234, 469, 322, 234]
[487, 109, 376]
[23, 334, 355, 23]
[476, 18, 144]
[492, 134, 396]
[3, 461, 325, 3]
[489, 418, 169]
[483, 460, 352]
[30, 56, 176, 30]
[498, 84, 417]
[488, 145, 189]
[494, 72, 259]
[130, 403, 446, 130]
[14, 289, 466, 14]
[38, 262, 50, 38]
[276, 298, 318, 276]
[73, 256, 382, 73]
[481, 288, 335]
[479, 360, 397]
[475, 413, 55]
[495, 361, 445]
[478, 296, 471]
[10, 433, 10]
[380, 427, 380]
[31, 202, 31]
[74, 241, 74]
[454, 321, 454]
[210, 152, 210]

--------------------------------------------------
