Dataset: Saidman_200_NDD_Weight_0.txt
k = 4
Cycle Generation Time: 737.5224630832672
Solution Time: 10.684529781341553
Total Time: 748.2069928646088
transplants_made: 85, total_weight: 6974
Selected Cycles:
[16, 168, 64, 73, 16]
[196, 121, 37, 97]
[24, 106, 183, 67, 24]
[21, 84, 184, 79, 21]
[2, 143, 140, 11, 2]
[194, 145, 131, 50]
[193, 123, 152, 141]
[30, 171, 83, 53, 30]
[1, 112, 62, 23, 1]
[3, 52, 65, 90, 3]
[8, 167, 94, 163, 8]
[4, 55, 86, 166, 4]
[38, 137, 82, 151, 38]
[190, 61, 34, 187]
[46, 159, 69, 117, 46]
[36, 153, 49, 43, 36]
[70, 188, 88, 178, 70]
[195, 107]
[27, 96, 172, 66, 27]
[28, 177, 150, 104, 28]
[199, 119, 149, 180]
[198, 58, 85]
[12, 13, 32, 98, 12]
[51, 54, 125, 51]

--------------------------------------------------
