Dataset: Saidman_200_NDD_Weight_0.txt
k = 3
Cycle Generation Time: 8.66796350479126
Solution Time: 0.3961830139160156
Total Time: 9.064146518707275
transplants_made: 86, total_weight: 6055
Selected Cycles:
[85, 143, 140, 85]
[199, 84, 184]
[26, 188, 82, 26]
[11, 75, 149, 11]
[190, 61, 152]
[43, 53, 126, 43]
[196, 46, 56]
[3, 52, 68, 3]
[168, 171, 176, 168]
[60, 69, 117, 60]
[4, 55, 4]
[18, 159, 186, 18]
[194, 145, 187]
[16, 79, 151, 16]
[36, 180, 36]
[192, 104, 19]
[195, 76, 2]
[27, 34, 153, 27]
[193, 96, 172]
[197, 74, 178]
[49, 150, 49]
[198, 58, 88]
[29, 98, 29]
[51, 54, 125, 51]
[38, 65, 30, 38]
[183, 7, 183]
[73, 64, 73]
[1, 5, 1]
[166, 86, 166]
[24, 128, 24]
[177, 28, 177]
[62, 107, 62]
[147, 23, 147]
[94, 9, 94]
[167, 8, 167]
[37, 50, 37]
[13, 12, 13]

--------------------------------------------------
